episode_id,layout_id,condition,alpha_normalized,alpha_m,target_color,target_side,blue_block_side,red_block_side,instruction,chunk_index,phase,start,stop,executed_steps,progress_pregrasp,progress_full,seed,num_samples,tau_min,tau_max,action_dims,energy_blue,energy_red,energy_true,energy_alternative,margin_blue_minus_red,margin_alternative_minus_true,cartesian_x,cartesian_y,cartesian_z
2026_08_18_00_40_18_199635_L1_left_C0,L1,C0,0.0,0.0,blue,left,left,right,pick up the blue block,0,pregrasp,0,16,16,0.13793103448275862,0.11678832116788321,0,8,0.3,0.7,8,0.36222904920578003,0.3320493996143341,0.36222904920578003,0.3320493996143341,0.030179649591445923,-0.030179649591445923,0.38145551085472107,0.0021811791229993105,0.4664916396141052
2026_08_18_00_40_18_199635_L1_left_C0,L1,C0,0.0,0.0,blue,left,left,right,pick up the blue block,0,pregrasp,0,16,16,0.13793103448275862,0.11678832116788321,1,8,0.3,0.7,8,0.29239800572395325,0.24432891607284546,0.29239800572395325,0.24432891607284546,0.04806908965110779,-0.04806908965110779,0.38145551085472107,0.0021811791229993105,0.4664916396141052
2026_08_18_00_40_18_199635_L1_left_C0,L1,C0,0.0,0.0,blue,left,left,right,pick up the blue block,0,pregrasp,0,16,16,0.13793103448275862,0.11678832116788321,2,8,0.3,0.7,8,0.3788391947746277,0.34922587871551514,0.3788391947746277,0.34922587871551514,0.02961331605911255,-0.02961331605911255,0.38145551085472107,0.0021811791229993105,0.4664916396141052
2026_08_18_00_40_18_199635_L1_left_C0,L1,C0,0.0,0.0,blue,left,left,right,pick up the blue block,0,pregrasp,0,16,16,0.13793103448275862,0.11678832116788321,3,8,0.3,0.7,8,0.27325886487960815,0.23491403460502625,0.27325886487960815,0.23491403460502625,0.03834483027458191,-0.03834483027458191,0.38145551085472107,0.0021811791229993105,0.4664916396141052
2026_08_18_00_40_18_199635_L1_left_C0,L1,C0,0.0,0.0,blue,left,left,right,pick up the blue block,0,pregrasp,0,16,16,0.13793103448275862,0.11678832116788321,4,8,0.3,0.7,8,0.27985313534736633,0.2263287454843521,0.27985313534736633,0.2263287454843521,0.05352438986301422,-0.05352438986301422,0.38145551085472107,0.0021811791229993105,0.4664916396141052
2026_08_18_00_40_18_199635_L1_left_C0,L1,C0,0.0,0.0,blue,left,left,right,pick up the blue block,0,pregrasp,0,16,16,0.13793103448275862,0.11678832116788321,5,8,0.3,0.7,8,0.40818625688552856,0.3817225396633148,0.40818625688552856,0.3817225396633148,0.026463717222213745,-0.026463717222213745,0.38145551085472107,0.0021811791229993105,0.4664916396141052
2026_08_18_00_40_18_199635_L1_left_C0,L1,C0,0.0,0.0,blue,left,left,right,pick up the blue block,0,pregrasp,0,16,16,0.13793103448275862,0.11678832116788321,6,8,0.3,0.7,8,0.380182683467865,0.3377716839313507,0.380182683467865,0.3377716839313507,0.04241099953651428,-0.04241099953651428,0.38145551085472107,0.0021811791229993105,0.4664916396141052
2026_08_18_00_40_18_199635_L1_left_C0,L1,C0,0.0,0.0,blue,left,left,right,pick up the blue block,0,pregrasp,0,16,16,0.13793103448275862,0.11678832116788321,7,8,0.3,0.7,8,0.35646289587020874,0.31233683228492737,0.35646289587020874,0.31233683228492737,0.04412606358528137,-0.04412606358528137,0.38145551085472107,0.0021811791229993105,0.4664916396141052
2026_08_18_00_40_18_199635_L1_left_C0,L1,C0,0.0,0.0,blue,left,left,right,pick up the blue block,0,pregrasp,0,16,16,0.13793103448275862,0.11678832116788321,8,8,0.3,0.7,8,0.2578151524066925,0.19841650128364563,0.2578151524066925,0.19841650128364563,0.059398651123046875,-0.059398651123046875,0.38145551085472107,0.0021811791229993105,0.4664916396141052
2026_08_18_00_40_18_199635_L1_left_C0,L1,C0,0.0,0.0,blue,left,left,right,pick up the blue block,0,pregrasp,0,16,16,0.13793103448275862,0.11678832116788321,9,8,0.3,0.7,8,0.3494519591331482,0.31543973088264465,0.3494519591331482,0.31543973088264465,0.03401222825050354,-0.03401222825050354,0.38145551085472107,0.0021811791229993105,0.4664916396141052
2026_08_18_00_40_18_199635_L1_left_C0,L1,C0,0.0,0.0,blue,left,left,right,pick up the blue block,1,pregrasp,16,32,16,0.27586206896551724,0.23357664233576642,0,8,0.3,0.7,8,0.27205339074134827,0.2381165325641632,0.27205339074134827,0.2381165325641632,0.03393685817718506,-0.03393685817718506,0.42407873272895813,0.005680404137820005,0.41256415843963623
2026_08_18_00_40_18_199635_L1_left_C0,L1,C0,0.0,0.0,blue,left,left,right,pick up the blue block,1,pregrasp,16,32,16,0.27586206896551724,0.23357664233576642,1,8,0.3,0.7,8,0.2563009262084961,0.20093309879302979,0.2563009262084961,0.20093309879302979,0.05536782741546631,-0.05536782741546631,0.42407873272895813,0.005680404137820005,0.41256415843963623
2026_08_18_00_40_18_199635_L1_left_C0,L1,C0,0.0,0.0,blue,left,left,right,pick up the blue block,1,pregrasp,16,32,16,0.27586206896551724,0.23357664233576642,2,8,0.3,0.7,8,0.2789185345172882,0.242550790309906,0.2789185345172882,0.242550790309906,0.0363677442073822,-0.0363677442073822,0.42407873272895813,0.005680404137820005,0.41256415843963623
2026_08_18_00_40_18_199635_L1_left_C0,L1,C0,0.0,0.0,blue,left,left,right,pick up the blue block,1,pregrasp,16,32,16,0.27586206896551724,0.23357664233576642,3,8,0.3,0.7,8,0.25735852122306824,0.23251959681510925,0.25735852122306824,0.23251959681510925,0.024838924407958984,-0.024838924407958984,0.42407873272895813,0.005680404137820005,0.41256415843963623
2026_08_18_00_40_18_199635_L1_left_C0,L1,C0,0.0,0.0,blue,left,left,right,pick up the blue block,1,pregrasp,16,32,16,0.27586206896551724,0.23357664233576642,4,8,0.3,0.7,8,0.3368348777294159,0.2983595132827759,0.3368348777294159,0.2983595132827759,0.038475364446640015,-0.038475364446640015,0.42407873272895813,0.005680404137820005,0.41256415843963623
2026_08_18_00_40_18_199635_L1_left_C0,L1,C0,0.0,0.0,blue,left,left,right,pick up the blue block,1,pregrasp,16,32,16,0.27586206896551724,0.23357664233576642,5,8,0.3,0.7,8,0.2674807608127594,0.23587960004806519,0.2674807608127594,0.23587960004806519,0.031601160764694214,-0.031601160764694214,0.42407873272895813,0.005680404137820005,0.41256415843963623
2026_08_18_00_40_18_199635_L1_left_C0,L1,C0,0.0,0.0,blue,left,left,right,pick up the blue block,1,pregrasp,16,32,16,0.27586206896551724,0.23357664233576642,6,8,0.3,0.7,8,0.3170785903930664,0.2853983938694,0.3170785903930664,0.2853983938694,0.03168019652366638,-0.03168019652366638,0.42407873272895813,0.005680404137820005,0.41256415843963623
2026_08_18_00_40_18_199635_L1_left_C0,L1,C0,0.0,0.0,blue,left,left,right,pick up the blue block,1,pregrasp,16,32,16,0.27586206896551724,0.23357664233576642,7,8,0.3,0.7,8,0.26034656167030334,0.21485081315040588,0.26034656167030334,0.21485081315040588,0.04549574851989746,-0.04549574851989746,0.42407873272895813,0.005680404137820005,0.41256415843963623
2026_08_18_00_40_18_199635_L1_left_C0,L1,C0,0.0,0.0,blue,left,left,right,pick up the blue block,1,pregrasp,16,32,16,0.27586206896551724,0.23357664233576642,8,8,0.3,0.7,8,0.208197683095932,0.14980943500995636,0.208197683095932,0.14980943500995636,0.05838824808597565,-0.05838824808597565,0.42407873272895813,0.005680404137820005,0.41256415843963623
2026_08_18_00_40_18_199635_L1_left_C0,L1,C0,0.0,0.0,blue,left,left,right,pick up the blue block,1,pregrasp,16,32,16,0.27586206896551724,0.23357664233576642,9,8,0.3,0.7,8,0.24139410257339478,0.20714128017425537,0.24139410257339478,0.20714128017425537,0.034252822399139404,-0.034252822399139404,0.42407873272895813,0.005680404137820005,0.41256415843963623
2026_08_18_00_40_18_199635_L1_left_C0,L1,C0,0.0,0.0,blue,left,left,right,pick up the blue block,2,pregrasp,32,48,16,0.41379310344827586,0.35036496350364965,0,8,0.3,0.7,8,0.29703783988952637,0.2836194634437561,0.29703783988952637,0.2836194634437561,0.013418376445770264,-0.013418376445770264,0.47257158160209656,0.01141748670488596,0.3632127642631531
2026_08_18_00_40_18_199635_L1_left_C0,L1,C0,0.0,0.0,blue,left,left,right,pick up the blue block,2,pregrasp,32,48,16,0.41379310344827586,0.35036496350364965,1,8,0.3,0.7,8,0.2333666980266571,0.2500535249710083,0.2333666980266571,0.2500535249710083,-0.016686826944351196,0.016686826944351196,0.47257158160209656,0.01141748670488596,0.3632127642631531
2026_08_18_00_40_18_199635_L1_left_C0,L1,C0,0.0,0.0,blue,left,left,right,pick up the blue block,2,pregrasp,32,48,16,0.41379310344827586,0.35036496350364965,2,8,0.3,0.7,8,0.29043689370155334,0.27141302824020386,0.29043689370155334,0.27141302824020386,0.019023865461349487,-0.019023865461349487,0.47257158160209656,0.01141748670488596,0.3632127642631531
2026_08_18_00_40_18_199635_L1_left_C0,L1,C0,0.0,0.0,blue,left,left,right,pick up the blue block,2,pregrasp,32,48,16,0.41379310344827586,0.35036496350364965,3,8,0.3,0.7,8,0.20899848639965057,0.19396327435970306,0.20899848639965057,0.19396327435970306,0.01503521203994751,-0.01503521203994751,0.47257158160209656,0.01141748670488596,0.3632127642631531
2026_08_18_00_40_18_199635_L1_left_C0,L1,C0,0.0,0.0,blue,left,left,right,pick up the blue block,2,pregrasp,32,48,16,0.41379310344827586,0.35036496350364965,4,8,0.3,0.7,8,0.22619307041168213,0.19896331429481506,0.22619307041168213,0.19896331429481506,0.027229756116867065,-0.027229756116867065,0.47257158160209656,0.01141748670488596,0.3632127642631531
2026_08_18_00_40_18_199635_L1_left_C0,L1,C0,0.0,0.0,blue,left,left,right,pick up the blue block,2,pregrasp,32,48,16,0.41379310344827586,0.35036496350364965,5,8,0.3,0.7,8,0.24622061848640442,0.19959354400634766,0.24622061848640442,0.19959354400634766,0.04662707448005676,-0.04662707448005676,0.47257158160209656,0.01141748670488596,0.3632127642631531
2026_08_18_00_40_18_199635_L1_left_C0,L1,C0,0.0,0.0,blue,left,left,right,pick up the blue block,2,pregrasp,32,48,16,0.41379310344827586,0.35036496350364965,6,8,0.3,0.7,8,0.25159722566604614,0.22633634507656097,0.25159722566604614,0.22633634507656097,0.02526088058948517,-0.02526088058948517,0.47257158160209656,0.01141748670488596,0.3632127642631531
2026_08_18_00_40_18_199635_L1_left_C0,L1,C0,0.0,0.0,blue,left,left,right,pick up the blue block,2,pregrasp,32,48,16,0.41379310344827586,0.35036496350364965,7,8,0.3,0.7,8,0.20798827707767487,0.17019307613372803,0.20798827707767487,0.17019307613372803,0.03779520094394684,-0.03779520094394684,0.47257158160209656,0.01141748670488596,0.3632127642631531
2026_08_18_00_40_18_199635_L1_left_C0,L1,C0,0.0,0.0,blue,left,left,right,pick up the blue block,2,pregrasp,32,48,16,0.41379310344827586,0.35036496350364965,8,8,0.3,0.7,8,0.20634755492210388,0.1769062578678131,0.20634755492210388,0.1769062578678131,0.02944129705429077,-0.02944129705429077,0.47257158160209656,0.01141748670488596,0.3632127642631531
2026_08_18_00_40_18_199635_L1_left_C0,L1,C0,0.0,0.0,blue,left,left,right,pick up the blue block,2,pregrasp,32,48,16,0.41379310344827586,0.35036496350364965,9,8,0.3,0.7,8,0.23993298411369324,0.2217942625284195,0.23993298411369324,0.2217942625284195,0.018138721585273743,-0.018138721585273743,0.47257158160209656,0.01141748670488596,0.3632127642631531
2026_08_18_00_40_18_199635_L1_left_C0,L1,C0,0.0,0.0,blue,left,left,right,pick up the blue block,3,pregrasp,48,64,16,0.5517241379310345,0.46715328467153283,0,8,0.3,0.7,8,0.20472568273544312,0.1888982057571411,0.20472568273544312,0.1888982057571411,0.015827476978302002,-0.015827476978302002,0.5210071206092834,0.018530013039708138,0.31376373767852783
2026_08_18_00_40_18_199635_L1_left_C0,L1,C0,0.0,0.0,blue,left,left,right,pick up the blue block,3,pregrasp,48,64,16,0.5517241379310345,0.46715328467153283,1,8,0.3,0.7,8,0.22521519660949707,0.25272607803344727,0.22521519660949707,0.25272607803344727,-0.027510881423950195,0.027510881423950195,0.5210071206092834,0.018530013039708138,0.31376373767852783
2026_08_18_00_40_18_199635_L1_left_C0,L1,C0,0.0,0.0,blue,left,left,right,pick up the blue block,3,pregrasp,48,64,16,0.5517241379310345,0.46715328467153283,2,8,0.3,0.7,8,0.2981630265712738,0.31124818325042725,0.2981630265712738,0.31124818325042725,-0.013085156679153442,0.013085156679153442,0.5210071206092834,0.018530013039708138,0.31376373767852783
2026_08_18_00_40_18_199635_L1_left_C0,L1,C0,0.0,0.0,blue,left,left,right,pick up the blue block,3,pregrasp,48,64,16,0.5517241379310345,0.46715328467153283,3,8,0.3,0.7,8,0.15062987804412842,0.16851741075515747,0.15062987804412842,0.16851741075515747,-0.017887532711029053,0.017887532711029053,0.5210071206092834,0.018530013039708138,0.31376373767852783
2026_08_18_00_40_18_199635_L1_left_C0,L1,C0,0.0,0.0,blue,left,left,right,pick up the blue block,3,pregrasp,48,64,16,0.5517241379310345,0.46715328467153283,4,8,0.3,0.7,8,0.15303651988506317,0.14962229132652283,0.15303651988506317,0.14962229132652283,0.0034142285585403442,-0.0034142285585403442,0.5210071206092834,0.018530013039708138,0.31376373767852783
2026_08_18_00_40_18_199635_L1_left_C0,L1,C0,0.0,0.0,blue,left,left,right,pick up the blue block,3,pregrasp,48,64,16,0.5517241379310345,0.46715328467153283,5,8,0.3,0.7,8,0.2102944552898407,0.22836539149284363,0.2102944552898407,0.22836539149284363,-0.01807093620300293,0.01807093620300293,0.5210071206092834,0.018530013039708138,0.31376373767852783
2026_08_18_00_40_18_199635_L1_left_C0,L1,C0,0.0,0.0,blue,left,left,right,pick up the blue block,3,pregrasp,48,64,16,0.5517241379310345,0.46715328467153283,6,8,0.3,0.7,8,0.2629748284816742,0.2817941904067993,0.2629748284816742,0.2817941904067993,-0.018819361925125122,0.018819361925125122,0.5210071206092834,0.018530013039708138,0.31376373767852783
2026_08_18_00_40_18_199635_L1_left_C0,L1,C0,0.0,0.0,blue,left,left,right,pick up the blue block,3,pregrasp,48,64,16,0.5517241379310345,0.46715328467153283,7,8,0.3,0.7,8,0.33926841616630554,0.38292086124420166,0.33926841616630554,0.38292086124420166,-0.04365244507789612,0.04365244507789612,0.5210071206092834,0.018530013039708138,0.31376373767852783
2026_08_18_00_40_18_199635_L1_left_C0,L1,C0,0.0,0.0,blue,left,left,right,pick up the blue block,3,pregrasp,48,64,16,0.5517241379310345,0.46715328467153283,8,8,0.3,0.7,8,0.29107731580734253,0.30339354276657104,0.29107731580734253,0.30339354276657104,-0.012316226959228516,0.012316226959228516,0.5210071206092834,0.018530013039708138,0.31376373767852783
2026_08_18_00_40_18_199635_L1_left_C0,L1,C0,0.0,0.0,blue,left,left,right,pick up the blue block,3,pregrasp,48,64,16,0.5517241379310345,0.46715328467153283,9,8,0.3,0.7,8,0.23445037007331848,0.25696370005607605,0.23445037007331848,0.25696370005607605,-0.02251332998275757,0.02251332998275757,0.5210071206092834,0.018530013039708138,0.31376373767852783
2026_08_18_00_40_18_199635_L1_left_C0,L1,C0,0.0,0.0,blue,left,left,right,pick up the blue block,4,pregrasp,64,80,16,0.6896551724137931,0.583941605839416,0,8,0.3,0.7,8,0.25183409452438354,0.3298562169075012,0.25183409452438354,0.3298562169075012,-0.07802212238311768,0.07802212238311768,0.569491982460022,0.026051515713334084,0.2639348804950714
2026_08_18_00_40_18_199635_L1_left_C0,L1,C0,0.0,0.0,blue,left,left,right,pick up the blue block,4,pregrasp,64,80,16,0.6896551724137931,0.583941605839416,1,8,0.3,0.7,8,0.12477505207061768,0.19350126385688782,0.12477505207061768,0.19350126385688782,-0.06872621178627014,0.06872621178627014,0.569491982460022,0.026051515713334084,0.2639348804950714
2026_08_18_00_40_18_199635_L1_left_C0,L1,C0,0.0,0.0,blue,left,left,right,pick up the blue block,4,pregrasp,64,80,16,0.6896551724137931,0.583941605839416,2,8,0.3,0.7,8,0.19738435745239258,0.2539823055267334,0.19738435745239258,0.2539823055267334,-0.05659794807434082,0.05659794807434082,0.569491982460022,0.026051515713334084,0.2639348804950714
2026_08_18_00_40_18_199635_L1_left_C0,L1,C0,0.0,0.0,blue,left,left,right,pick up the blue block,4,pregrasp,64,80,16,0.6896551724137931,0.583941605839416,3,8,0.3,0.7,8,0.18710598349571228,0.2532447278499603,0.18710598349571228,0.2532447278499603,-0.06613874435424805,0.06613874435424805,0.569491982460022,0.026051515713334084,0.2639348804950714
2026_08_18_00_40_18_199635_L1_left_C0,L1,C0,0.0,0.0,blue,left,left,right,pick up the blue block,4,pregrasp,64,80,16,0.6896551724137931,0.583941605839416,4,8,0.3,0.7,8,0.1859917938709259,0.25928762555122375,0.1859917938709259,0.25928762555122375,-0.07329583168029785,0.07329583168029785,0.569491982460022,0.026051515713334084,0.2639348804950714
2026_08_18_00_40_18_199635_L1_left_C0,L1,C0,0.0,0.0,blue,left,left,right,pick up the blue block,4,pregrasp,64,80,16,0.6896551724137931,0.583941605839416,5,8,0.3,0.7,8,0.11996684968471527,0.17819562554359436,0.11996684968471527,0.17819562554359436,-0.05822877585887909,0.05822877585887909,0.569491982460022,0.026051515713334084,0.2639348804950714
2026_08_18_00_40_18_199635_L1_left_C0,L1,C0,0.0,0.0,blue,left,left,right,pick up the blue block,4,pregrasp,64,80,16,0.6896551724137931,0.583941605839416,6,8,0.3,0.7,8,0.11855251342058182,0.1741730123758316,0.11855251342058182,0.1741730123758316,-0.055620498955249786,0.055620498955249786,0.569491982460022,0.026051515713334084,0.2639348804950714
2026_08_18_00_40_18_199635_L1_left_C0,L1,C0,0.0,0.0,blue,left,left,right,pick up the blue block,4,pregrasp,64,80,16,0.6896551724137931,0.583941605839416,7,8,0.3,0.7,8,0.1605808287858963,0.21744495630264282,0.1605808287858963,0.21744495630264282,-0.05686412751674652,0.05686412751674652,0.569491982460022,0.026051515713334084,0.2639348804950714
2026_08_18_00_40_18_199635_L1_left_C0,L1,C0,0.0,0.0,blue,left,left,right,pick up the blue block,4,pregrasp,64,80,16,0.6896551724137931,0.583941605839416,8,8,0.3,0.7,8,0.10704737156629562,0.15788805484771729,0.10704737156629562,0.15788805484771729,-0.05084068328142166,0.05084068328142166,0.569491982460022,0.026051515713334084,0.2639348804950714
2026_08_18_00_40_18_199635_L1_left_C0,L1,C0,0.0,0.0,blue,left,left,right,pick up the blue block,4,pregrasp,64,80,16,0.6896551724137931,0.583941605839416,9,8,0.3,0.7,8,0.2072027176618576,0.26278045773506165,0.2072027176618576,0.26278045773506165,-0.05557774007320404,0.05557774007320404,0.569491982460022,0.026051515713334084,0.2639348804950714
2026_08_18_00_40_18_199635_L1_left_C0,L1,C0,0.0,0.0,blue,left,left,right,pick up the blue block,5,pregrasp,80,96,16,0.8275862068965517,0.7007299270072993,0,8,0.3,0.7,8,0.31695353984832764,0.4088324308395386,0.31695353984832764,0.4088324308395386,-0.09187889099121094,0.09187889099121094,0.6181511878967285,0.03348023071885109,0.214024618268013
2026_08_18_00_40_18_199635_L1_left_C0,L1,C0,0.0,0.0,blue,left,left,right,pick up the blue block,5,pregrasp,80,96,16,0.8275862068965517,0.7007299270072993,1,8,0.3,0.7,8,0.2869909703731537,0.34871184825897217,0.2869909703731537,0.34871184825897217,-0.06172087788581848,0.06172087788581848,0.6181511878967285,0.03348023071885109,0.214024618268013
2026_08_18_00_40_18_199635_L1_left_C0,L1,C0,0.0,0.0,blue,left,left,right,pick up the blue block,5,pregrasp,80,96,16,0.8275862068965517,0.7007299270072993,2,8,0.3,0.7,8,0.2049085944890976,0.24954450130462646,0.2049085944890976,0.24954450130462646,-0.04463590681552887,0.04463590681552887,0.6181511878967285,0.03348023071885109,0.214024618268013
2026_08_18_00_40_18_199635_L1_left_C0,L1,C0,0.0,0.0,blue,left,left,right,pick up the blue block,5,pregrasp,80,96,16,0.8275862068965517,0.7007299270072993,3,8,0.3,0.7,8,0.1667320877313614,0.19350415468215942,0.1667320877313614,0.19350415468215942,-0.026772066950798035,0.026772066950798035,0.6181511878967285,0.03348023071885109,0.214024618268013
2026_08_18_00_40_18_199635_L1_left_C0,L1,C0,0.0,0.0,blue,left,left,right,pick up the blue block,5,pregrasp,80,96,16,0.8275862068965517,0.7007299270072993,4,8,0.3,0.7,8,0.2432563751935959,0.32013317942619324,0.2432563751935959,0.32013317942619324,-0.07687680423259735,0.07687680423259735,0.6181511878967285,0.03348023071885109,0.214024618268013
2026_08_18_00_40_18_199635_L1_left_C0,L1,C0,0.0,0.0,blue,left,left,right,pick up the blue block,5,pregrasp,80,96,16,0.8275862068965517,0.7007299270072993,5,8,0.3,0.7,8,0.3050715923309326,0.35844236612319946,0.3050715923309326,0.35844236612319946,-0.053370773792266846,0.053370773792266846,0.6181511878967285,0.03348023071885109,0.214024618268013
2026_08_18_00_40_18_199635_L1_left_C0,L1,C0,0.0,0.0,blue,left,left,right,pick up the blue block,5,pregrasp,80,96,16,0.8275862068965517,0.7007299270072993,6,8,0.3,0.7,8,0.16269776225090027,0.20516371726989746,0.16269776225090027,0.20516371726989746,-0.04246595501899719,0.04246595501899719,0.6181511878967285,0.03348023071885109,0.214024618268013
2026_08_18_00_40_18_199635_L1_left_C0,L1,C0,0.0,0.0,blue,left,left,right,pick up the blue block,5,pregrasp,80,96,16,0.8275862068965517,0.7007299270072993,7,8,0.3,0.7,8,0.15444469451904297,0.19188684225082397,0.15444469451904297,0.19188684225082397,-0.037442147731781006,0.037442147731781006,0.6181511878967285,0.03348023071885109,0.214024618268013
2026_08_18_00_40_18_199635_L1_left_C0,L1,C0,0.0,0.0,blue,left,left,right,pick up the blue block,5,pregrasp,80,96,16,0.8275862068965517,0.7007299270072993,8,8,0.3,0.7,8,0.23255591094493866,0.30021363496780396,0.23255591094493866,0.30021363496780396,-0.0676577240228653,0.0676577240228653,0.6181511878967285,0.03348023071885109,0.214024618268013
2026_08_18_00_40_18_199635_L1_left_C0,L1,C0,0.0,0.0,blue,left,left,right,pick up the blue block,5,pregrasp,80,96,16,0.8275862068965517,0.7007299270072993,9,8,0.3,0.7,8,0.20723962783813477,0.2579047381877899,0.20723962783813477,0.2579047381877899,-0.05066511034965515,0.05066511034965515,0.6181511878967285,0.03348023071885109,0.214024618268013
2026_08_18_00_40_18_199635_L1_left_C0,L1,C0,0.0,0.0,blue,left,left,right,pick up the blue block,6,pregrasp,96,112,16,0.9655172413793104,0.8175182481751825,0,8,0.3,0.7,8,0.1754637360572815,0.19318048655986786,0.1754637360572815,0.19318048655986786,-0.017716750502586365,0.017716750502586365,0.6420998573303223,0.037117213010787964,0.18957950174808502
2026_08_18_00_40_18_199635_L1_left_C0,L1,C0,0.0,0.0,blue,left,left,right,pick up the blue block,6,pregrasp,96,112,16,0.9655172413793104,0.8175182481751825,1,8,0.3,0.7,8,0.18442592024803162,0.19762347638607025,0.18442592024803162,0.19762347638607025,-0.013197556138038635,0.013197556138038635,0.6420998573303223,0.037117213010787964,0.18957950174808502
2026_08_18_00_40_18_199635_L1_left_C0,L1,C0,0.0,0.0,blue,left,left,right,pick up the blue block,6,pregrasp,96,112,16,0.9655172413793104,0.8175182481751825,2,8,0.3,0.7,8,0.20527468621730804,0.21645808219909668,0.20527468621730804,0.21645808219909668,-0.011183395981788635,0.011183395981788635,0.6420998573303223,0.037117213010787964,0.18957950174808502
2026_08_18_00_40_18_199635_L1_left_C0,L1,C0,0.0,0.0,blue,left,left,right,pick up the blue block,6,pregrasp,96,112,16,0.9655172413793104,0.8175182481751825,3,8,0.3,0.7,8,0.3011312186717987,0.29992711544036865,0.3011312186717987,0.29992711544036865,0.0012041032314300537,-0.0012041032314300537,0.6420998573303223,0.037117213010787964,0.18957950174808502
2026_08_18_00_40_18_199635_L1_left_C0,L1,C0,0.0,0.0,blue,left,left,right,pick up the blue block,6,pregrasp,96,112,16,0.9655172413793104,0.8175182481751825,4,8,0.3,0.7,8,0.2789103090763092,0.2747034728527069,0.2789103090763092,0.2747034728527069,0.004206836223602295,-0.004206836223602295,0.6420998573303223,0.037117213010787964,0.18957950174808502
2026_08_18_00_40_18_199635_L1_left_C0,L1,C0,0.0,0.0,blue,left,left,right,pick up the blue block,6,pregrasp,96,112,16,0.9655172413793104,0.8175182481751825,5,8,0.3,0.7,8,0.18560202419757843,0.18431104719638824,0.18560202419757843,0.18431104719638824,0.0012909770011901855,-0.0012909770011901855,0.6420998573303223,0.037117213010787964,0.18957950174808502
2026_08_18_00_40_18_199635_L1_left_C0,L1,C0,0.0,0.0,blue,left,left,right,pick up the blue block,6,pregrasp,96,112,16,0.9655172413793104,0.8175182481751825,6,8,0.3,0.7,8,0.24215717613697052,0.2535669803619385,0.24215717613697052,0.2535669803619385,-0.011409804224967957,0.011409804224967957,0.6420998573303223,0.037117213010787964,0.18957950174808502
2026_08_18_00_40_18_199635_L1_left_C0,L1,C0,0.0,0.0,blue,left,left,right,pick up the blue block,6,pregrasp,96,112,16,0.9655172413793104,0.8175182481751825,7,8,0.3,0.7,8,0.34231501817703247,0.32216182351112366,0.34231501817703247,0.32216182351112366,0.020153194665908813,-0.020153194665908813,0.6420998573303223,0.037117213010787964,0.18957950174808502
2026_08_18_00_40_18_199635_L1_left_C0,L1,C0,0.0,0.0,blue,left,left,right,pick up the blue block,6,pregrasp,96,112,16,0.9655172413793104,0.8175182481751825,8,8,0.3,0.7,8,0.194142684340477,0.20502027869224548,0.194142684340477,0.20502027869224548,-0.010877594351768494,0.010877594351768494,0.6420998573303223,0.037117213010787964,0.18957950174808502
2026_08_18_00_40_18_199635_L1_left_C0,L1,C0,0.0,0.0,blue,left,left,right,pick up the blue block,6,pregrasp,96,112,16,0.9655172413793104,0.8175182481751825,9,8,0.3,0.7,8,0.19923627376556396,0.21604874730110168,0.19923627376556396,0.21604874730110168,-0.01681247353553772,0.01681247353553772,0.6420998573303223,0.037117213010787964,0.18957950174808502
2026_08_18_00_40_18_199635_L1_left_C0,L1,C0,0.0,0.0,blue,left,left,right,pick up the blue block,7,pregrasp,112,116,4,1.0,0.8467153284671532,0,8,0.3,0.7,8,0.2633818984031677,0.2813679575920105,0.2633818984031677,0.2813679575920105,-0.017986059188842773,0.017986059188842773,0.642103910446167,0.03714887425303459,0.1895769089460373
2026_08_18_00_40_18_199635_L1_left_C0,L1,C0,0.0,0.0,blue,left,left,right,pick up the blue block,7,pregrasp,112,116,4,1.0,0.8467153284671532,1,8,0.3,0.7,8,0.16540196537971497,0.18908809125423431,0.16540196537971497,0.18908809125423431,-0.023686125874519348,0.023686125874519348,0.642103910446167,0.03714887425303459,0.1895769089460373
2026_08_18_00_40_18_199635_L1_left_C0,L1,C0,0.0,0.0,blue,left,left,right,pick up the blue block,7,pregrasp,112,116,4,1.0,0.8467153284671532,2,8,0.3,0.7,8,0.2582809031009674,0.28595778346061707,0.2582809031009674,0.28595778346061707,-0.027676880359649658,0.027676880359649658,0.642103910446167,0.03714887425303459,0.1895769089460373
2026_08_18_00_40_18_199635_L1_left_C0,L1,C0,0.0,0.0,blue,left,left,right,pick up the blue block,7,pregrasp,112,116,4,1.0,0.8467153284671532,3,8,0.3,0.7,8,0.24650271236896515,0.260245144367218,0.24650271236896515,0.260245144367218,-0.013742431998252869,0.013742431998252869,0.642103910446167,0.03714887425303459,0.1895769089460373
2026_08_18_00_40_18_199635_L1_left_C0,L1,C0,0.0,0.0,blue,left,left,right,pick up the blue block,7,pregrasp,112,116,4,1.0,0.8467153284671532,4,8,0.3,0.7,8,0.20184332132339478,0.22323909401893616,0.20184332132339478,0.22323909401893616,-0.021395772695541382,0.021395772695541382,0.642103910446167,0.03714887425303459,0.1895769089460373
2026_08_18_00_40_18_199635_L1_left_C0,L1,C0,0.0,0.0,blue,left,left,right,pick up the blue block,7,pregrasp,112,116,4,1.0,0.8467153284671532,5,8,0.3,0.7,8,0.29573777318000793,0.3296135365962982,0.29573777318000793,0.3296135365962982,-0.03387576341629028,0.03387576341629028,0.642103910446167,0.03714887425303459,0.1895769089460373
2026_08_18_00_40_18_199635_L1_left_C0,L1,C0,0.0,0.0,blue,left,left,right,pick up the blue block,7,pregrasp,112,116,4,1.0,0.8467153284671532,6,8,0.3,0.7,8,0.2586701512336731,0.29276537895202637,0.2586701512336731,0.29276537895202637,-0.03409522771835327,0.03409522771835327,0.642103910446167,0.03714887425303459,0.1895769089460373
2026_08_18_00_40_18_199635_L1_left_C0,L1,C0,0.0,0.0,blue,left,left,right,pick up the blue block,7,pregrasp,112,116,4,1.0,0.8467153284671532,7,8,0.3,0.7,8,0.2348613440990448,0.24863800406455994,0.2348613440990448,0.24863800406455994,-0.013776659965515137,0.013776659965515137,0.642103910446167,0.03714887425303459,0.1895769089460373
2026_08_18_00_40_18_199635_L1_left_C0,L1,C0,0.0,0.0,blue,left,left,right,pick up the blue block,7,pregrasp,112,116,4,1.0,0.8467153284671532,8,8,0.3,0.7,8,0.2669936716556549,0.2934967577457428,0.2669936716556549,0.2934967577457428,-0.02650308609008789,0.02650308609008789,0.642103910446167,0.03714887425303459,0.1895769089460373
2026_08_18_00_40_18_199635_L1_left_C0,L1,C0,0.0,0.0,blue,left,left,right,pick up the blue block,7,pregrasp,112,116,4,1.0,0.8467153284671532,9,8,0.3,0.7,8,0.23661871254444122,0.2676515579223633,0.23661871254444122,0.2676515579223633,-0.031032845377922058,0.031032845377922058,0.642103910446167,0.03714887425303459,0.1895769089460373
2026_08_18_00_40_18_199635_L1_left_C0,L1,C0,0.0,0.0,blue,left,left,right,pick up the blue block,8,postgrasp,116,132,16,1.0,0.9635036496350365,0,8,0.3,0.7,8,0.31944090127944946,0.3384062647819519,0.31944090127944946,0.3384062647819519,-0.01896536350250244,0.01896536350250244,0.6425381302833557,0.03723213076591492,0.18999119102954865
2026_08_18_00_40_18_199635_L1_left_C0,L1,C0,0.0,0.0,blue,left,left,right,pick up the blue block,8,postgrasp,116,132,16,1.0,0.9635036496350365,1,8,0.3,0.7,8,0.2992933690547943,0.3287734091281891,0.2992933690547943,0.3287734091281891,-0.029480040073394775,0.029480040073394775,0.6425381302833557,0.03723213076591492,0.18999119102954865
2026_08_18_00_40_18_199635_L1_left_C0,L1,C0,0.0,0.0,blue,left,left,right,pick up the blue block,8,postgrasp,116,132,16,1.0,0.9635036496350365,2,8,0.3,0.7,8,0.3106094002723694,0.3308431804180145,0.3106094002723694,0.3308431804180145,-0.02023378014564514,0.02023378014564514,0.6425381302833557,0.03723213076591492,0.18999119102954865
2026_08_18_00_40_18_199635_L1_left_C0,L1,C0,0.0,0.0,blue,left,left,right,pick up the blue block,8,postgrasp,116,132,16,1.0,0.9635036496350365,3,8,0.3,0.7,8,0.27522915601730347,0.2985997200012207,0.27522915601730347,0.2985997200012207,-0.023370563983917236,0.023370563983917236,0.6425381302833557,0.03723213076591492,0.18999119102954865
2026_08_18_00_40_18_199635_L1_left_C0,L1,C0,0.0,0.0,blue,left,left,right,pick up the blue block,8,postgrasp,116,132,16,1.0,0.9635036496350365,4,8,0.3,0.7,8,0.37583333253860474,0.40295273065567017,0.37583333253860474,0.40295273065567017,-0.02711939811706543,0.02711939811706543,0.6425381302833557,0.03723213076591492,0.18999119102954865
2026_08_18_00_40_18_199635_L1_left_C0,L1,C0,0.0,0.0,blue,left,left,right,pick up the blue block,8,postgrasp,116,132,16,1.0,0.9635036496350365,5,8,0.3,0.7,8,0.36016619205474854,0.38624194264411926,0.36016619205474854,0.38624194264411926,-0.026075750589370728,0.026075750589370728,0.6425381302833557,0.03723213076591492,0.18999119102954865
2026_08_18_00_40_18_199635_L1_left_C0,L1,C0,0.0,0.0,blue,left,left,right,pick up the blue block,8,postgrasp,116,132,16,1.0,0.9635036496350365,6,8,0.3,0.7,8,0.29835787415504456,0.314214289188385,0.29835787415504456,0.314214289188385,-0.015856415033340454,0.015856415033340454,0.6425381302833557,0.03723213076591492,0.18999119102954865
2026_08_18_00_40_18_199635_L1_left_C0,L1,C0,0.0,0.0,blue,left,left,right,pick up the blue block,8,postgrasp,116,132,16,1.0,0.9635036496350365,7,8,0.3,0.7,8,0.40634995698928833,0.4251382052898407,0.40634995698928833,0.4251382052898407,-0.018788248300552368,0.018788248300552368,0.6425381302833557,0.03723213076591492,0.18999119102954865
2026_08_18_00_40_18_199635_L1_left_C0,L1,C0,0.0,0.0,blue,left,left,right,pick up the blue block,8,postgrasp,116,132,16,1.0,0.9635036496350365,8,8,0.3,0.7,8,0.26990658044815063,0.30299848318099976,0.26990658044815063,0.30299848318099976,-0.03309190273284912,0.03309190273284912,0.6425381302833557,0.03723213076591492,0.18999119102954865
2026_08_18_00_40_18_199635_L1_left_C0,L1,C0,0.0,0.0,blue,left,left,right,pick up the blue block,8,postgrasp,116,132,16,1.0,0.9635036496350365,9,8,0.3,0.7,8,0.35668283700942993,0.386129766702652,0.35668283700942993,0.386129766702652,-0.029446929693222046,0.029446929693222046,0.6425381302833557,0.03723213076591492,0.18999119102954865
2026_08_18_00_40_18_199635_L1_left_C0,L1,C0,0.0,0.0,blue,left,left,right,pick up the blue block,9,postgrasp,132,137,5,1.0,1.0,0,8,0.3,0.7,8,0.284843772649765,0.2663106620311737,0.284843772649765,0.2663106620311737,0.01853311061859131,-0.01853311061859131,0.6425402760505676,0.03723396733403206,0.18999193608760834
2026_08_18_00_40_18_199635_L1_left_C0,L1,C0,0.0,0.0,blue,left,left,right,pick up the blue block,9,postgrasp,132,137,5,1.0,1.0,1,8,0.3,0.7,8,0.2999073565006256,0.2761889696121216,0.2999073565006256,0.2761889696121216,0.02371838688850403,-0.02371838688850403,0.6425402760505676,0.03723396733403206,0.18999193608760834
2026_08_18_00_40_18_199635_L1_left_C0,L1,C0,0.0,0.0,blue,left,left,right,pick up the blue block,9,postgrasp,132,137,5,1.0,1.0,2,8,0.3,0.7,8,0.213463693857193,0.22049754858016968,0.213463693857193,0.22049754858016968,-0.007033854722976685,0.007033854722976685,0.6425402760505676,0.03723396733403206,0.18999193608760834
2026_08_18_00_40_18_199635_L1_left_C0,L1,C0,0.0,0.0,blue,left,left,right,pick up the blue block,9,postgrasp,132,137,5,1.0,1.0,3,8,0.3,0.7,8,0.2668271064758301,0.24896815419197083,0.2668271064758301,0.24896815419197083,0.017858952283859253,-0.017858952283859253,0.6425402760505676,0.03723396733403206,0.18999193608760834
2026_08_18_00_40_18_199635_L1_left_C0,L1,C0,0.0,0.0,blue,left,left,right,pick up the blue block,9,postgrasp,132,137,5,1.0,1.0,4,8,0.3,0.7,8,0.2690114378929138,0.2260802984237671,0.2690114378929138,0.2260802984237671,0.04293113946914673,-0.04293113946914673,0.6425402760505676,0.03723396733403206,0.18999193608760834
2026_08_18_00_40_18_199635_L1_left_C0,L1,C0,0.0,0.0,blue,left,left,right,pick up the blue block,9,postgrasp,132,137,5,1.0,1.0,5,8,0.3,0.7,8,0.2046041488647461,0.18832159042358398,0.2046041488647461,0.18832159042358398,0.01628255844116211,-0.01628255844116211,0.6425402760505676,0.03723396733403206,0.18999193608760834
2026_08_18_00_40_18_199635_L1_left_C0,L1,C0,0.0,0.0,blue,left,left,right,pick up the blue block,9,postgrasp,132,137,5,1.0,1.0,6,8,0.3,0.7,8,0.23742638528347015,0.22266796231269836,0.23742638528347015,0.22266796231269836,0.01475842297077179,-0.01475842297077179,0.6425402760505676,0.03723396733403206,0.18999193608760834
2026_08_18_00_40_18_199635_L1_left_C0,L1,C0,0.0,0.0,blue,left,left,right,pick up the blue block,9,postgrasp,132,137,5,1.0,1.0,7,8,0.3,0.7,8,0.36426499485969543,0.32620370388031006,0.36426499485969543,0.32620370388031006,0.038061290979385376,-0.038061290979385376,0.6425402760505676,0.03723396733403206,0.18999193608760834
2026_08_18_00_40_18_199635_L1_left_C0,L1,C0,0.0,0.0,blue,left,left,right,pick up the blue block,9,postgrasp,132,137,5,1.0,1.0,8,8,0.3,0.7,8,0.26784971356391907,0.2483983188867569,0.26784971356391907,0.2483983188867569,0.01945139467716217,-0.01945139467716217,0.6425402760505676,0.03723396733403206,0.18999193608760834
2026_08_18_00_40_18_199635_L1_left_C0,L1,C0,0.0,0.0,blue,left,left,right,pick up the blue block,9,postgrasp,132,137,5,1.0,1.0,9,8,0.3,0.7,8,0.24978238344192505,0.2607123851776123,0.24978238344192505,0.2607123851776123,-0.010930001735687256,0.010930001735687256,0.6425402760505676,0.03723396733403206,0.18999193608760834
2026_08_18_00_40_47_448240_L1_left_C1,L1,C1,2.0,0.1694548757406934,blue,left,left,right,pick up the blue block,0,pregrasp,0,16,16,0.125,0.10738255033557047,0,8,0.3,0.7,8,0.3220054805278778,0.31662458181381226,0.3220054805278778,0.31662458181381226,0.005380898714065552,-0.005380898714065552,0.37176400423049927,0.024138767272233963,0.4780213534832001
2026_08_18_00_40_47_448240_L1_left_C1,L1,C1,2.0,0.1694548757406934,blue,left,left,right,pick up the blue block,0,pregrasp,0,16,16,0.125,0.10738255033557047,1,8,0.3,0.7,8,0.32408082485198975,0.336105614900589,0.32408082485198975,0.336105614900589,-0.012024790048599243,0.012024790048599243,0.37176400423049927,0.024138767272233963,0.4780213534832001
2026_08_18_00_40_47_448240_L1_left_C1,L1,C1,2.0,0.1694548757406934,blue,left,left,right,pick up the blue block,0,pregrasp,0,16,16,0.125,0.10738255033557047,2,8,0.3,0.7,8,0.2863808870315552,0.3093222975730896,0.2863808870315552,0.3093222975730896,-0.022941410541534424,0.022941410541534424,0.37176400423049927,0.024138767272233963,0.4780213534832001
2026_08_18_00_40_47_448240_L1_left_C1,L1,C1,2.0,0.1694548757406934,blue,left,left,right,pick up the blue block,0,pregrasp,0,16,16,0.125,0.10738255033557047,3,8,0.3,0.7,8,0.4211336374282837,0.4362725019454956,0.4211336374282837,0.4362725019454956,-0.015138864517211914,0.015138864517211914,0.37176400423049927,0.024138767272233963,0.4780213534832001
2026_08_18_00_40_47_448240_L1_left_C1,L1,C1,2.0,0.1694548757406934,blue,left,left,right,pick up the blue block,0,pregrasp,0,16,16,0.125,0.10738255033557047,4,8,0.3,0.7,8,0.3234032392501831,0.34905457496643066,0.3234032392501831,0.34905457496643066,-0.02565133571624756,0.02565133571624756,0.37176400423049927,0.024138767272233963,0.4780213534832001
2026_08_18_00_40_47_448240_L1_left_C1,L1,C1,2.0,0.1694548757406934,blue,left,left,right,pick up the blue block,0,pregrasp,0,16,16,0.125,0.10738255033557047,5,8,0.3,0.7,8,0.334075927734375,0.34107011556625366,0.334075927734375,0.34107011556625366,-0.006994187831878662,0.006994187831878662,0.37176400423049927,0.024138767272233963,0.4780213534832001
2026_08_18_00_40_47_448240_L1_left_C1,L1,C1,2.0,0.1694548757406934,blue,left,left,right,pick up the blue block,0,pregrasp,0,16,16,0.125,0.10738255033557047,6,8,0.3,0.7,8,0.2874257564544678,0.281101256608963,0.2874257564544678,0.281101256608963,0.006324499845504761,-0.006324499845504761,0.37176400423049927,0.024138767272233963,0.4780213534832001
2026_08_18_00_40_47_448240_L1_left_C1,L1,C1,2.0,0.1694548757406934,blue,left,left,right,pick up the blue block,0,pregrasp,0,16,16,0.125,0.10738255033557047,7,8,0.3,0.7,8,0.27442556619644165,0.30204975605010986,0.27442556619644165,0.30204975605010986,-0.027624189853668213,0.027624189853668213,0.37176400423049927,0.024138767272233963,0.4780213534832001
2026_08_18_00_40_47_448240_L1_left_C1,L1,C1,2.0,0.1694548757406934,blue,left,left,right,pick up the blue block,0,pregrasp,0,16,16,0.125,0.10738255033557047,8,8,0.3,0.7,8,0.3107248842716217,0.3249203860759735,0.3107248842716217,0.3249203860759735,-0.014195501804351807,0.014195501804351807,0.37176400423049927,0.024138767272233963,0.4780213534832001
2026_08_18_00_40_47_448240_L1_left_C1,L1,C1,2.0,0.1694548757406934,blue,left,left,right,pick up the blue block,0,pregrasp,0,16,16,0.125,0.10738255033557047,9,8,0.3,0.7,8,0.3253246247768402,0.33214202523231506,0.3253246247768402,0.33214202523231506,-0.0068174004554748535,0.0068174004554748535,0.37176400423049927,0.024138767272233963,0.4780213534832001
2026_08_18_00_40_47_448240_L1_left_C1,L1,C1,2.0,0.1694548757406934,blue,left,left,right,pick up the blue block,1,pregrasp,16,32,16,0.25,0.21476510067114093,0,8,0.3,0.7,8,0.2752746343612671,0.21852263808250427,0.2752746343612671,0.21852263808250427,0.05675199627876282,-0.05675199627876282,0.4015202820301056,0.07162616401910782,0.4381272494792938
2026_08_18_00_40_47_448240_L1_left_C1,L1,C1,2.0,0.1694548757406934,blue,left,left,right,pick up the blue block,1,pregrasp,16,32,16,0.25,0.21476510067114093,1,8,0.3,0.7,8,0.375911682844162,0.33359062671661377,0.375911682844162,0.33359062671661377,0.04232105612754822,-0.04232105612754822,0.4015202820301056,0.07162616401910782,0.4381272494792938
2026_08_18_00_40_47_448240_L1_left_C1,L1,C1,2.0,0.1694548757406934,blue,left,left,right,pick up the blue block,1,pregrasp,16,32,16,0.25,0.21476510067114093,2,8,0.3,0.7,8,0.280992329120636,0.20286674797534943,0.280992329120636,0.20286674797534943,0.07812558114528656,-0.07812558114528656,0.4015202820301056,0.07162616401910782,0.4381272494792938
2026_08_18_00_40_47_448240_L1_left_C1,L1,C1,2.0,0.1694548757406934,blue,left,left,right,pick up the blue block,1,pregrasp,16,32,16,0.25,0.21476510067114093,3,8,0.3,0.7,8,0.38293004035949707,0.3080567419528961,0.38293004035949707,0.3080567419528961,0.07487329840660095,-0.07487329840660095,0.4015202820301056,0.07162616401910782,0.4381272494792938
2026_08_18_00_40_47_448240_L1_left_C1,L1,C1,2.0,0.1694548757406934,blue,left,left,right,pick up the blue block,1,pregrasp,16,32,16,0.25,0.21476510067114093,4,8,0.3,0.7,8,0.3844854235649109,0.3446401059627533,0.3844854235649109,0.3446401059627533,0.03984531760215759,-0.03984531760215759,0.4015202820301056,0.07162616401910782,0.4381272494792938
2026_08_18_00_40_47_448240_L1_left_C1,L1,C1,2.0,0.1694548757406934,blue,left,left,right,pick up the blue block,1,pregrasp,16,32,16,0.25,0.21476510067114093,5,8,0.3,0.7,8,0.547755241394043,0.4837574064731598,0.547755241394043,0.4837574064731598,0.06399783492088318,-0.06399783492088318,0.4015202820301056,0.07162616401910782,0.4381272494792938
2026_08_18_00_40_47_448240_L1_left_C1,L1,C1,2.0,0.1694548757406934,blue,left,left,right,pick up the blue block,1,pregrasp,16,32,16,0.25,0.21476510067114093,6,8,0.3,0.7,8,0.3276904821395874,0.2813663184642792,0.3276904821395874,0.2813663184642792,0.04632416367530823,-0.04632416367530823,0.4015202820301056,0.07162616401910782,0.4381272494792938
2026_08_18_00_40_47_448240_L1_left_C1,L1,C1,2.0,0.1694548757406934,blue,left,left,right,pick up the blue block,1,pregrasp,16,32,16,0.25,0.21476510067114093,7,8,0.3,0.7,8,0.16883984208106995,0.1500234156847,0.16883984208106995,0.1500234156847,0.018816426396369934,-0.018816426396369934,0.4015202820301056,0.07162616401910782,0.4381272494792938
2026_08_18_00_40_47_448240_L1_left_C1,L1,C1,2.0,0.1694548757406934,blue,left,left,right,pick up the blue block,1,pregrasp,16,32,16,0.25,0.21476510067114093,8,8,0.3,0.7,8,0.3758518099784851,0.30752843618392944,0.3758518099784851,0.30752843618392944,0.06832337379455566,-0.06832337379455566,0.4015202820301056,0.07162616401910782,0.4381272494792938
2026_08_18_00_40_47_448240_L1_left_C1,L1,C1,2.0,0.1694548757406934,blue,left,left,right,pick up the blue block,1,pregrasp,16,32,16,0.25,0.21476510067114093,9,8,0.3,0.7,8,0.3534656763076782,0.3061639666557312,0.3534656763076782,0.3061639666557312,0.04730170965194702,-0.04730170965194702,0.4015202820301056,0.07162616401910782,0.4381272494792938
2026_08_18_00_40_47_448240_L1_left_C1,L1,C1,2.0,0.1694548757406934,blue,left,left,right,pick up the blue block,2,pregrasp,32,48,16,0.375,0.3221476510067114,0,8,0.3,0.7,8,0.4200940728187561,0.3366067409515381,0.4200940728187561,0.3366067409515381,0.08348733186721802,-0.08348733186721802,0.44498148560523987,0.10130584985017776,0.39268290996551514
2026_08_18_00_40_47_448240_L1_left_C1,L1,C1,2.0,0.1694548757406934,blue,left,left,right,pick up the blue block,2,pregrasp,32,48,16,0.375,0.3221476510067114,1,8,0.3,0.7,8,0.3941206634044647,0.3009345829486847,0.3941206634044647,0.3009345829486847,0.09318608045578003,-0.09318608045578003,0.44498148560523987,0.10130584985017776,0.39268290996551514
2026_08_18_00_40_47_448240_L1_left_C1,L1,C1,2.0,0.1694548757406934,blue,left,left,right,pick up the blue block,2,pregrasp,32,48,16,0.375,0.3221476510067114,2,8,0.3,0.7,8,0.3865007758140564,0.3128136396408081,0.3865007758140564,0.3128136396408081,0.07368713617324829,-0.07368713617324829,0.44498148560523987,0.10130584985017776,0.39268290996551514
2026_08_18_00_40_47_448240_L1_left_C1,L1,C1,2.0,0.1694548757406934,blue,left,left,right,pick up the blue block,2,pregrasp,32,48,16,0.375,0.3221476510067114,3,8,0.3,0.7,8,0.2588002681732178,0.2434992641210556,0.2588002681732178,0.2434992641210556,0.01530100405216217,-0.01530100405216217,0.44498148560523987,0.10130584985017776,0.39268290996551514
2026_08_18_00_40_47_448240_L1_left_C1,L1,C1,2.0,0.1694548757406934,blue,left,left,right,pick up the blue block,2,pregrasp,32,48,16,0.375,0.3221476510067114,4,8,0.3,0.7,8,0.23560009896755219,0.19892500340938568,0.23560009896755219,0.19892500340938568,0.036675095558166504,-0.036675095558166504,0.44498148560523987,0.10130584985017776,0.39268290996551514
2026_08_18_00_40_47_448240_L1_left_C1,L1,C1,2.0,0.1694548757406934,blue,left,left,right,pick up the blue block,2,pregrasp,32,48,16,0.375,0.3221476510067114,5,8,0.3,0.7,8,0.3765757083892822,0.33642733097076416,0.3765757083892822,0.33642733097076416,0.040148377418518066,-0.040148377418518066,0.44498148560523987,0.10130584985017776,0.39268290996551514
2026_08_18_00_40_47_448240_L1_left_C1,L1,C1,2.0,0.1694548757406934,blue,left,left,right,pick up the blue block,2,pregrasp,32,48,16,0.375,0.3221476510067114,6,8,0.3,0.7,8,0.43432945013046265,0.34048718214035034,0.43432945013046265,0.34048718214035034,0.0938422679901123,-0.0938422679901123,0.44498148560523987,0.10130584985017776,0.39268290996551514
2026_08_18_00_40_47_448240_L1_left_C1,L1,C1,2.0,0.1694548757406934,blue,left,left,right,pick up the blue block,2,pregrasp,32,48,16,0.375,0.3221476510067114,7,8,0.3,0.7,8,0.2730056345462799,0.1987375169992447,0.2730056345462799,0.1987375169992447,0.07426811754703522,-0.07426811754703522,0.44498148560523987,0.10130584985017776,0.39268290996551514
2026_08_18_00_40_47_448240_L1_left_C1,L1,C1,2.0,0.1694548757406934,blue,left,left,right,pick up the blue block,2,pregrasp,32,48,16,0.375,0.3221476510067114,8,8,0.3,0.7,8,0.22216615080833435,0.22523750364780426,0.22216615080833435,0.22523750364780426,-0.0030713528394699097,0.0030713528394699097,0.44498148560523987,0.10130584985017776,0.39268290996551514
2026_08_18_00_40_47_448240_L1_left_C1,L1,C1,2.0,0.1694548757406934,blue,left,left,right,pick up the blue block,2,pregrasp,32,48,16,0.375,0.3221476510067114,9,8,0.3,0.7,8,0.31698545813560486,0.26694437861442566,0.31698545813560486,0.26694437861442566,0.0500410795211792,-0.0500410795211792,0.44498148560523987,0.10130584985017776,0.39268290996551514
2026_08_18_00_40_47_448240_L1_left_C1,L1,C1,2.0,0.1694548757406934,blue,left,left,right,pick up the blue block,3,pregrasp,48,64,16,0.5,0.42953020134228187,0,8,0.3,0.7,8,0.24001555144786835,0.26786181330680847,0.24001555144786835,0.26786181330680847,-0.027846261858940125,0.027846261858940125,0.49236437678337097,0.11124811321496964,0.343144953250885
2026_08_18_00_40_47_448240_L1_left_C1,L1,C1,2.0,0.1694548757406934,blue,left,left,right,pick up the blue block,3,pregrasp,48,64,16,0.5,0.42953020134228187,1,8,0.3,0.7,8,0.21252599358558655,0.22750891745090485,0.21252599358558655,0.22750891745090485,-0.014982923865318298,0.014982923865318298,0.49236437678337097,0.11124811321496964,0.343144953250885
2026_08_18_00_40_47_448240_L1_left_C1,L1,C1,2.0,0.1694548757406934,blue,left,left,right,pick up the blue block,3,pregrasp,48,64,16,0.5,0.42953020134228187,2,8,0.3,0.7,8,0.28875383734703064,0.2674082815647125,0.28875383734703064,0.2674082815647125,0.021345555782318115,-0.021345555782318115,0.49236437678337097,0.11124811321496964,0.343144953250885
2026_08_18_00_40_47_448240_L1_left_C1,L1,C1,2.0,0.1694548757406934,blue,left,left,right,pick up the blue block,3,pregrasp,48,64,16,0.5,0.42953020134228187,3,8,0.3,0.7,8,0.3025602698326111,0.25887754559516907,0.3025602698326111,0.25887754559516907,0.04368272423744202,-0.04368272423744202,0.49236437678337097,0.11124811321496964,0.343144953250885
2026_08_18_00_40_47_448240_L1_left_C1,L1,C1,2.0,0.1694548757406934,blue,left,left,right,pick up the blue block,3,pregrasp,48,64,16,0.5,0.42953020134228187,4,8,0.3,0.7,8,0.2297912836074829,0.21857190132141113,0.2297912836074829,0.21857190132141113,0.011219382286071777,-0.011219382286071777,0.49236437678337097,0.11124811321496964,0.343144953250885
2026_08_18_00_40_47_448240_L1_left_C1,L1,C1,2.0,0.1694548757406934,blue,left,left,right,pick up the blue block,3,pregrasp,48,64,16,0.5,0.42953020134228187,5,8,0.3,0.7,8,0.18335911631584167,0.18005916476249695,0.18335911631584167,0.18005916476249695,0.0032999515533447266,-0.0032999515533447266,0.49236437678337097,0.11124811321496964,0.343144953250885
2026_08_18_00_40_47_448240_L1_left_C1,L1,C1,2.0,0.1694548757406934,blue,left,left,right,pick up the blue block,3,pregrasp,48,64,16,0.5,0.42953020134228187,6,8,0.3,0.7,8,0.2284020483493805,0.2157134711742401,0.2284020483493805,0.2157134711742401,0.01268857717514038,-0.01268857717514038,0.49236437678337097,0.11124811321496964,0.343144953250885
2026_08_18_00_40_47_448240_L1_left_C1,L1,C1,2.0,0.1694548757406934,blue,left,left,right,pick up the blue block,3,pregrasp,48,64,16,0.5,0.42953020134228187,7,8,0.3,0.7,8,0.24745061993598938,0.27039942145347595,0.24745061993598938,0.27039942145347595,-0.022948801517486572,0.022948801517486572,0.49236437678337097,0.11124811321496964,0.343144953250885
2026_08_18_00_40_47_448240_L1_left_C1,L1,C1,2.0,0.1694548757406934,blue,left,left,right,pick up the blue block,3,pregrasp,48,64,16,0.5,0.42953020134228187,8,8,0.3,0.7,8,0.3393939137458801,0.3406849801540375,0.3393939137458801,0.3406849801540375,-0.0012910664081573486,0.0012910664081573486,0.49236437678337097,0.11124811321496964,0.343144953250885
2026_08_18_00_40_47_448240_L1_left_C1,L1,C1,2.0,0.1694548757406934,blue,left,left,right,pick up the blue block,3,pregrasp,48,64,16,0.5,0.42953020134228187,9,8,0.3,0.7,8,0.29813963174819946,0.23421446979045868,0.29813963174819946,0.23421446979045868,0.06392516195774078,-0.06392516195774078,0.49236437678337097,0.11124811321496964,0.343144953250885
2026_08_18_00_40_47_448240_L1_left_C1,L1,C1,2.0,0.1694548757406934,blue,left,left,right,pick up the blue block,4,pregrasp,64,80,16,0.625,0.5369127516778524,0,8,0.3,0.7,8,0.4179977774620056,0.3976793587207794,0.4179977774620056,0.3976793587207794,0.020318418741226196,-0.020318418741226196,0.5397839546203613,0.10149547457695007,0.2944670021533966
2026_08_18_00_40_47_448240_L1_left_C1,L1,C1,2.0,0.1694548757406934,blue,left,left,right,pick up the blue block,4,pregrasp,64,80,16,0.625,0.5369127516778524,1,8,0.3,0.7,8,0.18658506870269775,0.19970294833183289,0.18658506870269775,0.19970294833183289,-0.013117879629135132,0.013117879629135132,0.5397839546203613,0.10149547457695007,0.2944670021533966
2026_08_18_00_40_47_448240_L1_left_C1,L1,C1,2.0,0.1694548757406934,blue,left,left,right,pick up the blue block,4,pregrasp,64,80,16,0.625,0.5369127516778524,2,8,0.3,0.7,8,0.43132418394088745,0.38885498046875,0.43132418394088745,0.38885498046875,0.04246920347213745,-0.04246920347213745,0.5397839546203613,0.10149547457695007,0.2944670021533966
2026_08_18_00_40_47_448240_L1_left_C1,L1,C1,2.0,0.1694548757406934,blue,left,left,right,pick up the blue block,4,pregrasp,64,80,16,0.625,0.5369127516778524,3,8,0.3,0.7,8,0.35917437076568604,0.32397380471229553,0.35917437076568604,0.32397380471229553,0.0352005660533905,-0.0352005660533905,0.5397839546203613,0.10149547457695007,0.2944670021533966
2026_08_18_00_40_47_448240_L1_left_C1,L1,C1,2.0,0.1694548757406934,blue,left,left,right,pick up the blue block,4,pregrasp,64,80,16,0.625,0.5369127516778524,4,8,0.3,0.7,8,0.1909271776676178,0.19375158846378326,0.1909271776676178,0.19375158846378326,-0.0028244107961654663,0.0028244107961654663,0.5397839546203613,0.10149547457695007,0.2944670021533966
2026_08_18_00_40_47_448240_L1_left_C1,L1,C1,2.0,0.1694548757406934,blue,left,left,right,pick up the blue block,4,pregrasp,64,80,16,0.625,0.5369127516778524,5,8,0.3,0.7,8,0.1882859766483307,0.19343385100364685,0.1882859766483307,0.19343385100364685,-0.005147874355316162,0.005147874355316162,0.5397839546203613,0.10149547457695007,0.2944670021533966
2026_08_18_00_40_47_448240_L1_left_C1,L1,C1,2.0,0.1694548757406934,blue,left,left,right,pick up the blue block,4,pregrasp,64,80,16,0.625,0.5369127516778524,6,8,0.3,0.7,8,0.36684566736221313,0.3480249345302582,0.36684566736221313,0.3480249345302582,0.018820732831954956,-0.018820732831954956,0.5397839546203613,0.10149547457695007,0.2944670021533966
2026_08_18_00_40_47_448240_L1_left_C1,L1,C1,2.0,0.1694548757406934,blue,left,left,right,pick up the blue block,4,pregrasp,64,80,16,0.625,0.5369127516778524,7,8,0.3,0.7,8,0.21537569165229797,0.20545610785484314,0.21537569165229797,0.20545610785484314,0.009919583797454834,-0.009919583797454834,0.5397839546203613,0.10149547457695007,0.2944670021533966
2026_08_18_00_40_47_448240_L1_left_C1,L1,C1,2.0,0.1694548757406934,blue,left,left,right,pick up the blue block,4,pregrasp,64,80,16,0.625,0.5369127516778524,8,8,0.3,0.7,8,0.2157120704650879,0.19233787059783936,0.2157120704650879,0.19233787059783936,0.023374199867248535,-0.023374199867248535,0.5397839546203613,0.10149547457695007,0.2944670021533966
2026_08_18_00_40_47_448240_L1_left_C1,L1,C1,2.0,0.1694548757406934,blue,left,left,right,pick up the blue block,4,pregrasp,64,80,16,0.625,0.5369127516778524,9,8,0.3,0.7,8,0.2309865653514862,0.22213855385780334,0.2309865653514862,0.22213855385780334,0.008848011493682861,-0.008848011493682861,0.5397839546203613,0.10149547457695007,0.2944670021533966
2026_08_18_00_40_47_448240_L1_left_C1,L1,C1,2.0,0.1694548757406934,blue,left,left,right,pick up the blue block,5,pregrasp,80,96,16,0.75,0.6442953020134228,0,8,0.3,0.7,8,0.22764846682548523,0.21446295082569122,0.22764846682548523,0.21446295082569122,0.013185515999794006,-0.013185515999794006,0.5860797762870789,0.07936312258243561,0.24705712497234344
2026_08_18_00_40_47_448240_L1_left_C1,L1,C1,2.0,0.1694548757406934,blue,left,left,right,pick up the blue block,5,pregrasp,80,96,16,0.75,0.6442953020134228,1,8,0.3,0.7,8,0.3427228033542633,0.3314121663570404,0.3427228033542633,0.3314121663570404,0.0113106369972229,-0.0113106369972229,0.5860797762870789,0.07936312258243561,0.24705712497234344
2026_08_18_00_40_47_448240_L1_left_C1,L1,C1,2.0,0.1694548757406934,blue,left,left,right,pick up the blue block,5,pregrasp,80,96,16,0.75,0.6442953020134228,2,8,0.3,0.7,8,0.21772530674934387,0.20521709322929382,0.21772530674934387,0.20521709322929382,0.012508213520050049,-0.012508213520050049,0.5860797762870789,0.07936312258243561,0.24705712497234344
2026_08_18_00_40_47_448240_L1_left_C1,L1,C1,2.0,0.1694548757406934,blue,left,left,right,pick up the blue block,5,pregrasp,80,96,16,0.75,0.6442953020134228,3,8,0.3,0.7,8,0.36730462312698364,0.3428895175457001,0.36730462312698364,0.3428895175457001,0.02441510558128357,-0.02441510558128357,0.5860797762870789,0.07936312258243561,0.24705712497234344
2026_08_18_00_40_47_448240_L1_left_C1,L1,C1,2.0,0.1694548757406934,blue,left,left,right,pick up the blue block,5,pregrasp,80,96,16,0.75,0.6442953020134228,4,8,0.3,0.7,8,0.3266867995262146,0.30913111567497253,0.3266867995262146,0.30913111567497253,0.017555683851242065,-0.017555683851242065,0.5860797762870789,0.07936312258243561,0.24705712497234344
2026_08_18_00_40_47_448240_L1_left_C1,L1,C1,2.0,0.1694548757406934,blue,left,left,right,pick up the blue block,5,pregrasp,80,96,16,0.75,0.6442953020134228,5,8,0.3,0.7,8,0.27229276299476624,0.26438459753990173,0.27229276299476624,0.26438459753990173,0.007908165454864502,-0.007908165454864502,0.5860797762870789,0.07936312258243561,0.24705712497234344
2026_08_18_00_40_47_448240_L1_left_C1,L1,C1,2.0,0.1694548757406934,blue,left,left,right,pick up the blue block,5,pregrasp,80,96,16,0.75,0.6442953020134228,6,8,0.3,0.7,8,0.2964329123497009,0.28023529052734375,0.2964329123497009,0.28023529052734375,0.016197621822357178,-0.016197621822357178,0.5860797762870789,0.07936312258243561,0.24705712497234344
2026_08_18_00_40_47_448240_L1_left_C1,L1,C1,2.0,0.1694548757406934,blue,left,left,right,pick up the blue block,5,pregrasp,80,96,16,0.75,0.6442953020134228,7,8,0.3,0.7,8,0.4255521297454834,0.4033368229866028,0.4255521297454834,0.4033368229866028,0.022215306758880615,-0.022215306758880615,0.5860797762870789,0.07936312258243561,0.24705712497234344
2026_08_18_00_40_47_448240_L1_left_C1,L1,C1,2.0,0.1694548757406934,blue,left,left,right,pick up the blue block,5,pregrasp,80,96,16,0.75,0.6442953020134228,8,8,0.3,0.7,8,0.32479557394981384,0.3059297204017639,0.32479557394981384,0.3059297204017639,0.018865853548049927,-0.018865853548049927,0.5860797762870789,0.07936312258243561,0.24705712497234344
2026_08_18_00_40_47_448240_L1_left_C1,L1,C1,2.0,0.1694548757406934,blue,left,left,right,pick up the blue block,5,pregrasp,80,96,16,0.75,0.6442953020134228,9,8,0.3,0.7,8,0.2460641711950302,0.2257312834262848,0.2460641711950302,0.2257312834262848,0.020332887768745422,-0.020332887768745422,0.5860797762870789,0.07936312258243561,0.24705712497234344
2026_08_18_00_40_47_448240_L1_left_C1,L1,C1,2.0,0.1694548757406934,blue,left,left,right,pick up the blue block,6,pregrasp,96,112,16,0.875,0.7516778523489933,0,8,0.3,0.7,8,0.2252705991268158,0.3057710826396942,0.2252705991268158,0.3057710826396942,-0.08050048351287842,0.08050048351287842,0.6308411359786987,0.05108407512307167,0.20063655078411102
2026_08_18_00_40_47_448240_L1_left_C1,L1,C1,2.0,0.1694548757406934,blue,left,left,right,pick up the blue block,6,pregrasp,96,112,16,0.875,0.7516778523489933,1,8,0.3,0.7,8,0.19079391658306122,0.22643791139125824,0.19079391658306122,0.22643791139125824,-0.03564399480819702,0.03564399480819702,0.6308411359786987,0.05108407512307167,0.20063655078411102
2026_08_18_00_40_47_448240_L1_left_C1,L1,C1,2.0,0.1694548757406934,blue,left,left,right,pick up the blue block,6,pregrasp,96,112,16,0.875,0.7516778523489933,2,8,0.3,0.7,8,0.15725423395633698,0.19783200323581696,0.15725423395633698,0.19783200323581696,-0.04057776927947998,0.04057776927947998,0.6308411359786987,0.05108407512307167,0.20063655078411102
2026_08_18_00_40_47_448240_L1_left_C1,L1,C1,2.0,0.1694548757406934,blue,left,left,right,pick up the blue block,6,pregrasp,96,112,16,0.875,0.7516778523489933,3,8,0.3,0.7,8,0.1811692863702774,0.2370099127292633,0.1811692863702774,0.2370099127292633,-0.0558406263589859,0.0558406263589859,0.6308411359786987,0.05108407512307167,0.20063655078411102
2026_08_18_00_40_47_448240_L1_left_C1,L1,C1,2.0,0.1694548757406934,blue,left,left,right,pick up the blue block,6,pregrasp,96,112,16,0.875,0.7516778523489933,4,8,0.3,0.7,8,0.30703607201576233,0.3569434583187103,0.30703607201576233,0.3569434583187103,-0.049907386302948,0.049907386302948,0.6308411359786987,0.05108407512307167,0.20063655078411102
2026_08_18_00_40_47_448240_L1_left_C1,L1,C1,2.0,0.1694548757406934,blue,left,left,right,pick up the blue block,6,pregrasp,96,112,16,0.875,0.7516778523489933,5,8,0.3,0.7,8,0.23403915762901306,0.2853681743144989,0.23403915762901306,0.2853681743144989,-0.05132901668548584,0.05132901668548584,0.6308411359786987,0.05108407512307167,0.20063655078411102
2026_08_18_00_40_47_448240_L1_left_C1,L1,C1,2.0,0.1694548757406934,blue,left,left,right,pick up the blue block,6,pregrasp,96,112,16,0.875,0.7516778523489933,6,8,0.3,0.7,8,0.14276453852653503,0.21742215752601624,0.14276453852653503,0.21742215752601624,-0.0746576189994812,0.0746576189994812,0.6308411359786987,0.05108407512307167,0.20063655078411102
2026_08_18_00_40_47_448240_L1_left_C1,L1,C1,2.0,0.1694548757406934,blue,left,left,right,pick up the blue block,6,pregrasp,96,112,16,0.875,0.7516778523489933,7,8,0.3,0.7,8,0.17042794823646545,0.22755615413188934,0.17042794823646545,0.22755615413188934,-0.05712820589542389,0.05712820589542389,0.6308411359786987,0.05108407512307167,0.20063655078411102
2026_08_18_00_40_47_448240_L1_left_C1,L1,C1,2.0,0.1694548757406934,blue,left,left,right,pick up the blue block,6,pregrasp,96,112,16,0.875,0.7516778523489933,8,8,0.3,0.7,8,0.2745862305164337,0.31975290179252625,0.2745862305164337,0.31975290179252625,-0.04516667127609253,0.04516667127609253,0.6308411359786987,0.05108407512307167,0.20063655078411102
2026_08_18_00_40_47_448240_L1_left_C1,L1,C1,2.0,0.1694548757406934,blue,left,left,right,pick up the blue block,6,pregrasp,96,112,16,0.875,0.7516778523489933,9,8,0.3,0.7,8,0.13463260233402252,0.20902374386787415,0.13463260233402252,0.20902374386787415,-0.07439114153385162,0.07439114153385162,0.6308411359786987,0.05108407512307167,0.20063655078411102
2026_08_18_00_40_47_448240_L1_left_C1,L1,C1,2.0,0.1694548757406934,blue,left,left,right,pick up the blue block,7,pregrasp,112,128,16,1.0,0.8590604026845637,0,8,0.3,0.7,8,0.29466700553894043,0.3289981186389923,0.29466700553894043,0.3289981186389923,-0.03433111310005188,0.03433111310005188,0.6416903734207153,0.04551628977060318,0.18981871008872986
2026_08_18_00_40_47_448240_L1_left_C1,L1,C1,2.0,0.1694548757406934,blue,left,left,right,pick up the blue block,7,pregrasp,112,128,16,1.0,0.8590604026845637,1,8,0.3,0.7,8,0.27828434109687805,0.3074878752231598,0.27828434109687805,0.3074878752231598,-0.02920353412628174,0.02920353412628174,0.6416903734207153,0.04551628977060318,0.18981871008872986
2026_08_18_00_40_47_448240_L1_left_C1,L1,C1,2.0,0.1694548757406934,blue,left,left,right,pick up the blue block,7,pregrasp,112,128,16,1.0,0.8590604026845637,2,8,0.3,0.7,8,0.22888882458209991,0.26480042934417725,0.22888882458209991,0.26480042934417725,-0.03591160476207733,0.03591160476207733,0.6416903734207153,0.04551628977060318,0.18981871008872986
2026_08_18_00_40_47_448240_L1_left_C1,L1,C1,2.0,0.1694548757406934,blue,left,left,right,pick up the blue block,7,pregrasp,112,128,16,1.0,0.8590604026845637,3,8,0.3,0.7,8,0.2854200005531311,0.30051717162132263,0.2854200005531311,0.30051717162132263,-0.015097171068191528,0.015097171068191528,0.6416903734207153,0.04551628977060318,0.18981871008872986
2026_08_18_00_40_47_448240_L1_left_C1,L1,C1,2.0,0.1694548757406934,blue,left,left,right,pick up the blue block,7,pregrasp,112,128,16,1.0,0.8590604026845637,4,8,0.3,0.7,8,0.23969833552837372,0.274477481842041,0.23969833552837372,0.274477481842041,-0.0347791463136673,0.0347791463136673,0.6416903734207153,0.04551628977060318,0.18981871008872986
2026_08_18_00_40_47_448240_L1_left_C1,L1,C1,2.0,0.1694548757406934,blue,left,left,right,pick up the blue block,7,pregrasp,112,128,16,1.0,0.8590604026845637,5,8,0.3,0.7,8,0.30656886100769043,0.336319237947464,0.30656886100769043,0.336319237947464,-0.02975037693977356,0.02975037693977356,0.6416903734207153,0.04551628977060318,0.18981871008872986
2026_08_18_00_40_47_448240_L1_left_C1,L1,C1,2.0,0.1694548757406934,blue,left,left,right,pick up the blue block,7,pregrasp,112,128,16,1.0,0.8590604026845637,6,8,0.3,0.7,8,0.26218491792678833,0.3135320246219635,0.26218491792678833,0.3135320246219635,-0.05134710669517517,0.05134710669517517,0.6416903734207153,0.04551628977060318,0.18981871008872986
2026_08_18_00_40_47_448240_L1_left_C1,L1,C1,2.0,0.1694548757406934,blue,left,left,right,pick up the blue block,7,pregrasp,112,128,16,1.0,0.8590604026845637,7,8,0.3,0.7,8,0.2567141056060791,0.28842848539352417,0.2567141056060791,0.28842848539352417,-0.03171437978744507,0.03171437978744507,0.6416903734207153,0.04551628977060318,0.18981871008872986
2026_08_18_00_40_47_448240_L1_left_C1,L1,C1,2.0,0.1694548757406934,blue,left,left,right,pick up the blue block,7,pregrasp,112,128,16,1.0,0.8590604026845637,8,8,0.3,0.7,8,0.2769038677215576,0.30539876222610474,0.2769038677215576,0.30539876222610474,-0.02849489450454712,0.02849489450454712,0.6416903734207153,0.04551628977060318,0.18981871008872986
2026_08_18_00_40_47_448240_L1_left_C1,L1,C1,2.0,0.1694548757406934,blue,left,left,right,pick up the blue block,7,pregrasp,112,128,16,1.0,0.8590604026845637,9,8,0.3,0.7,8,0.22811242938041687,0.2527686059474945,0.22811242938041687,0.2527686059474945,-0.024656176567077637,0.024656176567077637,0.6416903734207153,0.04551628977060318,0.18981871008872986
2026_08_18_00_40_47_448240_L1_left_C1,L1,C1,2.0,0.1694548757406934,blue,left,left,right,pick up the blue block,8,postgrasp,128,144,16,1.0,0.9664429530201343,0,8,0.3,0.7,8,0.32478436827659607,0.37688344717025757,0.32478436827659607,0.37688344717025757,-0.0520990788936615,0.0520990788936615,0.6422023177146912,0.04486944153904915,0.19027671217918396
2026_08_18_00_40_47_448240_L1_left_C1,L1,C1,2.0,0.1694548757406934,blue,left,left,right,pick up the blue block,8,postgrasp,128,144,16,1.0,0.9664429530201343,1,8,0.3,0.7,8,0.35691824555397034,0.3638836145401001,0.35691824555397034,0.3638836145401001,-0.006965368986129761,0.006965368986129761,0.6422023177146912,0.04486944153904915,0.19027671217918396
2026_08_18_00_40_47_448240_L1_left_C1,L1,C1,2.0,0.1694548757406934,blue,left,left,right,pick up the blue block,8,postgrasp,128,144,16,1.0,0.9664429530201343,2,8,0.3,0.7,8,0.2762579023838043,0.29459524154663086,0.2762579023838043,0.29459524154663086,-0.018337339162826538,0.018337339162826538,0.6422023177146912,0.04486944153904915,0.19027671217918396
2026_08_18_00_40_47_448240_L1_left_C1,L1,C1,2.0,0.1694548757406934,blue,left,left,right,pick up the blue block,8,postgrasp,128,144,16,1.0,0.9664429530201343,3,8,0.3,0.7,8,0.37457942962646484,0.3806249499320984,0.37457942962646484,0.3806249499320984,-0.006045520305633545,0.006045520305633545,0.6422023177146912,0.04486944153904915,0.19027671217918396
2026_08_18_00_40_47_448240_L1_left_C1,L1,C1,2.0,0.1694548757406934,blue,left,left,right,pick up the blue block,8,postgrasp,128,144,16,1.0,0.9664429530201343,4,8,0.3,0.7,8,0.3339362144470215,0.35443297028541565,0.3339362144470215,0.35443297028541565,-0.020496755838394165,0.020496755838394165,0.6422023177146912,0.04486944153904915,0.19027671217918396
2026_08_18_00_40_47_448240_L1_left_C1,L1,C1,2.0,0.1694548757406934,blue,left,left,right,pick up the blue block,8,postgrasp,128,144,16,1.0,0.9664429530201343,5,8,0.3,0.7,8,0.38906070590019226,0.3921601474285126,0.38906070590019226,0.3921601474285126,-0.0030994415283203125,0.0030994415283203125,0.6422023177146912,0.04486944153904915,0.19027671217918396
2026_08_18_00_40_47_448240_L1_left_C1,L1,C1,2.0,0.1694548757406934,blue,left,left,right,pick up the blue block,8,postgrasp,128,144,16,1.0,0.9664429530201343,6,8,0.3,0.7,8,0.3133150041103363,0.3425699770450592,0.3133150041103363,0.3425699770450592,-0.0292549729347229,0.0292549729347229,0.6422023177146912,0.04486944153904915,0.19027671217918396
2026_08_18_00_40_47_448240_L1_left_C1,L1,C1,2.0,0.1694548757406934,blue,left,left,right,pick up the blue block,8,postgrasp,128,144,16,1.0,0.9664429530201343,7,8,0.3,0.7,8,0.3477606773376465,0.3552978038787842,0.3477606773376465,0.3552978038787842,-0.007537126541137695,0.007537126541137695,0.6422023177146912,0.04486944153904915,0.19027671217918396
2026_08_18_00_40_47_448240_L1_left_C1,L1,C1,2.0,0.1694548757406934,blue,left,left,right,pick up the blue block,8,postgrasp,128,144,16,1.0,0.9664429530201343,8,8,0.3,0.7,8,0.34098848700523376,0.35802939534187317,0.34098848700523376,0.35802939534187317,-0.017040908336639404,0.017040908336639404,0.6422023177146912,0.04486944153904915,0.19027671217918396
2026_08_18_00_40_47_448240_L1_left_C1,L1,C1,2.0,0.1694548757406934,blue,left,left,right,pick up the blue block,8,postgrasp,128,144,16,1.0,0.9664429530201343,9,8,0.3,0.7,8,0.2989010810852051,0.3206733167171478,0.2989010810852051,0.3206733167171478,-0.02177223563194275,0.02177223563194275,0.6422023177146912,0.04486944153904915,0.19027671217918396
2026_08_18_00_40_47_448240_L1_left_C1,L1,C1,2.0,0.1694548757406934,blue,left,left,right,pick up the blue block,9,postgrasp,144,149,5,1.0,1.0,0,8,0.3,0.7,8,0.4248829483985901,0.35822004079818726,0.4248829483985901,0.35822004079818726,0.06666290760040283,-0.06666290760040283,0.6422043442726135,0.044867489486932755,0.19027894735336304
2026_08_18_00_40_47_448240_L1_left_C1,L1,C1,2.0,0.1694548757406934,blue,left,left,right,pick up the blue block,9,postgrasp,144,149,5,1.0,1.0,1,8,0.3,0.7,8,0.40257394313812256,0.3624325096607208,0.40257394313812256,0.3624325096607208,0.04014143347740173,-0.04014143347740173,0.6422043442726135,0.044867489486932755,0.19027894735336304
2026_08_18_00_40_47_448240_L1_left_C1,L1,C1,2.0,0.1694548757406934,blue,left,left,right,pick up the blue block,9,postgrasp,144,149,5,1.0,1.0,2,8,0.3,0.7,8,0.3358641266822815,0.31609851121902466,0.3358641266822815,0.31609851121902466,0.019765615463256836,-0.019765615463256836,0.6422043442726135,0.044867489486932755,0.19027894735336304
2026_08_18_00_40_47_448240_L1_left_C1,L1,C1,2.0,0.1694548757406934,blue,left,left,right,pick up the blue block,9,postgrasp,144,149,5,1.0,1.0,3,8,0.3,0.7,8,0.46925657987594604,0.40873968601226807,0.46925657987594604,0.40873968601226807,0.06051689386367798,-0.06051689386367798,0.6422043442726135,0.044867489486932755,0.19027894735336304
2026_08_18_00_40_47_448240_L1_left_C1,L1,C1,2.0,0.1694548757406934,blue,left,left,right,pick up the blue block,9,postgrasp,144,149,5,1.0,1.0,4,8,0.3,0.7,8,0.41682374477386475,0.3722052276134491,0.41682374477386475,0.3722052276134491,0.04461851716041565,-0.04461851716041565,0.6422043442726135,0.044867489486932755,0.19027894735336304
2026_08_18_00_40_47_448240_L1_left_C1,L1,C1,2.0,0.1694548757406934,blue,left,left,right,pick up the blue block,9,postgrasp,144,149,5,1.0,1.0,5,8,0.3,0.7,8,0.38731035590171814,0.333882600069046,0.38731035590171814,0.333882600069046,0.05342775583267212,-0.05342775583267212,0.6422043442726135,0.044867489486932755,0.19027894735336304
2026_08_18_00_40_47_448240_L1_left_C1,L1,C1,2.0,0.1694548757406934,blue,left,left,right,pick up the blue block,9,postgrasp,144,149,5,1.0,1.0,6,8,0.3,0.7,8,0.35288485884666443,0.2967682182788849,0.35288485884666443,0.2967682182788849,0.05611664056777954,-0.05611664056777954,0.6422043442726135,0.044867489486932755,0.19027894735336304
2026_08_18_00_40_47_448240_L1_left_C1,L1,C1,2.0,0.1694548757406934,blue,left,left,right,pick up the blue block,9,postgrasp,144,149,5,1.0,1.0,7,8,0.3,0.7,8,0.4421730041503906,0.3986027240753174,0.4421730041503906,0.3986027240753174,0.04357028007507324,-0.04357028007507324,0.6422043442726135,0.044867489486932755,0.19027894735336304
2026_08_18_00_40_47_448240_L1_left_C1,L1,C1,2.0,0.1694548757406934,blue,left,left,right,pick up the blue block,9,postgrasp,144,149,5,1.0,1.0,8,8,0.3,0.7,8,0.49108296632766724,0.44609546661376953,0.49108296632766724,0.44609546661376953,0.044987499713897705,-0.044987499713897705,0.6422043442726135,0.044867489486932755,0.19027894735336304
2026_08_18_00_40_47_448240_L1_left_C1,L1,C1,2.0,0.1694548757406934,blue,left,left,right,pick up the blue block,9,postgrasp,144,149,5,1.0,1.0,9,8,0.3,0.7,8,0.3653785288333893,0.3420135974884033,0.3653785288333893,0.3420135974884033,0.023364931344985962,-0.023364931344985962,0.6422043442726135,0.044867489486932755,0.19027894735336304
2026_08_18_00_41_27_880068_L1_left_C2,L1,C2,4.0,0.3389097514813868,blue,left,left,right,pick up the blue block,0,pregrasp,0,16,16,0.10256410256410256,0.0903954802259887,0,8,0.3,0.7,8,0.2242763340473175,0.24297326803207397,0.2242763340473175,0.24297326803207397,-0.01869693398475647,0.01869693398475647,0.36759650707244873,0.02888830192387104,0.4837019145488739
2026_08_18_00_41_27_880068_L1_left_C2,L1,C2,4.0,0.3389097514813868,blue,left,left,right,pick up the blue block,0,pregrasp,0,16,16,0.10256410256410256,0.0903954802259887,1,8,0.3,0.7,8,0.1829843968153,0.19059795141220093,0.1829843968153,0.19059795141220093,-0.00761355459690094,0.00761355459690094,0.36759650707244873,0.02888830192387104,0.4837019145488739
2026_08_18_00_41_27_880068_L1_left_C2,L1,C2,4.0,0.3389097514813868,blue,left,left,right,pick up the blue block,0,pregrasp,0,16,16,0.10256410256410256,0.0903954802259887,2,8,0.3,0.7,8,0.16420385241508484,0.16235971450805664,0.16420385241508484,0.16235971450805664,0.0018441379070281982,-0.0018441379070281982,0.36759650707244873,0.02888830192387104,0.4837019145488739
2026_08_18_00_41_27_880068_L1_left_C2,L1,C2,4.0,0.3389097514813868,blue,left,left,right,pick up the blue block,0,pregrasp,0,16,16,0.10256410256410256,0.0903954802259887,3,8,0.3,0.7,8,0.24141272902488708,0.2660630941390991,0.24141272902488708,0.2660630941390991,-0.024650365114212036,0.024650365114212036,0.36759650707244873,0.02888830192387104,0.4837019145488739
2026_08_18_00_41_27_880068_L1_left_C2,L1,C2,4.0,0.3389097514813868,blue,left,left,right,pick up the blue block,0,pregrasp,0,16,16,0.10256410256410256,0.0903954802259887,4,8,0.3,0.7,8,0.2692270874977112,0.2842932343482971,0.2692270874977112,0.2842932343482971,-0.015066146850585938,0.015066146850585938,0.36759650707244873,0.02888830192387104,0.4837019145488739
2026_08_18_00_41_27_880068_L1_left_C2,L1,C2,4.0,0.3389097514813868,blue,left,left,right,pick up the blue block,0,pregrasp,0,16,16,0.10256410256410256,0.0903954802259887,5,8,0.3,0.7,8,0.1857733577489853,0.17122475802898407,0.1857733577489853,0.17122475802898407,0.01454859972000122,-0.01454859972000122,0.36759650707244873,0.02888830192387104,0.4837019145488739
2026_08_18_00_41_27_880068_L1_left_C2,L1,C2,4.0,0.3389097514813868,blue,left,left,right,pick up the blue block,0,pregrasp,0,16,16,0.10256410256410256,0.0903954802259887,6,8,0.3,0.7,8,0.31208309531211853,0.3305918574333191,0.31208309531211853,0.3305918574333191,-0.01850876212120056,0.01850876212120056,0.36759650707244873,0.02888830192387104,0.4837019145488739
2026_08_18_00_41_27_880068_L1_left_C2,L1,C2,4.0,0.3389097514813868,blue,left,left,right,pick up the blue block,0,pregrasp,0,16,16,0.10256410256410256,0.0903954802259887,7,8,0.3,0.7,8,0.14771108329296112,0.16740958392620087,0.14771108329296112,0.16740958392620087,-0.019698500633239746,0.019698500633239746,0.36759650707244873,0.02888830192387104,0.4837019145488739
2026_08_18_00_41_27_880068_L1_left_C2,L1,C2,4.0,0.3389097514813868,blue,left,left,right,pick up the blue block,0,pregrasp,0,16,16,0.10256410256410256,0.0903954802259887,8,8,0.3,0.7,8,0.17809446156024933,0.19577768445014954,0.17809446156024933,0.19577768445014954,-0.017683222889900208,0.017683222889900208,0.36759650707244873,0.02888830192387104,0.4837019145488739
2026_08_18_00_41_27_880068_L1_left_C2,L1,C2,4.0,0.3389097514813868,blue,left,left,right,pick up the blue block,0,pregrasp,0,16,16,0.10256410256410256,0.0903954802259887,9,8,0.3,0.7,8,0.19713056087493896,0.22013826668262482,0.19713056087493896,0.22013826668262482,-0.023007705807685852,0.023007705807685852,0.36759650707244873,0.02888830192387104,0.4837019145488739
2026_08_18_00_41_27_880068_L1_left_C2,L1,C2,4.0,0.3389097514813868,blue,left,left,right,pick up the blue block,1,pregrasp,16,32,16,0.20512820512820512,0.1807909604519774,0,8,0.3,0.7,8,0.30792078375816345,0.2840115427970886,0.30792078375816345,0.2840115427970886,0.02390924096107483,-0.02390924096107483,0.3805505037307739,0.09226934611797333,0.46029794216156006
2026_08_18_00_41_27_880068_L1_left_C2,L1,C2,4.0,0.3389097514813868,blue,left,left,right,pick up the blue block,1,pregrasp,16,32,16,0.20512820512820512,0.1807909604519774,1,8,0.3,0.7,8,0.2646789252758026,0.24110139906406403,0.2646789252758026,0.24110139906406403,0.023577526211738586,-0.023577526211738586,0.3805505037307739,0.09226934611797333,0.46029794216156006
2026_08_18_00_41_27_880068_L1_left_C2,L1,C2,4.0,0.3389097514813868,blue,left,left,right,pick up the blue block,1,pregrasp,16,32,16,0.20512820512820512,0.1807909604519774,2,8,0.3,0.7,8,0.3429301083087921,0.32259082794189453,0.3429301083087921,0.32259082794189453,0.020339280366897583,-0.020339280366897583,0.3805505037307739,0.09226934611797333,0.46029794216156006
2026_08_18_00_41_27_880068_L1_left_C2,L1,C2,4.0,0.3389097514813868,blue,left,left,right,pick up the blue block,1,pregrasp,16,32,16,0.20512820512820512,0.1807909604519774,3,8,0.3,0.7,8,0.27377188205718994,0.2586152255535126,0.27377188205718994,0.2586152255535126,0.015156656503677368,-0.015156656503677368,0.3805505037307739,0.09226934611797333,0.46029794216156006
2026_08_18_00_41_27_880068_L1_left_C2,L1,C2,4.0,0.3389097514813868,blue,left,left,right,pick up the blue block,1,pregrasp,16,32,16,0.20512820512820512,0.1807909604519774,4,8,0.3,0.7,8,0.2567663788795471,0.23636353015899658,0.2567663788795471,0.23636353015899658,0.020402848720550537,-0.020402848720550537,0.3805505037307739,0.09226934611797333,0.46029794216156006
2026_08_18_00_41_27_880068_L1_left_C2,L1,C2,4.0,0.3389097514813868,blue,left,left,right,pick up the blue block,1,pregrasp,16,32,16,0.20512820512820512,0.1807909604519774,5,8,0.3,0.7,8,0.25198599696159363,0.22714988887310028,0.25198599696159363,0.22714988887310028,0.024836108088493347,-0.024836108088493347,0.3805505037307739,0.09226934611797333,0.46029794216156006
2026_08_18_00_41_27_880068_L1_left_C2,L1,C2,4.0,0.3389097514813868,blue,left,left,right,pick up the blue block,1,pregrasp,16,32,16,0.20512820512820512,0.1807909604519774,6,8,0.3,0.7,8,0.29272839426994324,0.2584906816482544,0.29272839426994324,0.2584906816482544,0.03423771262168884,-0.03423771262168884,0.3805505037307739,0.09226934611797333,0.46029794216156006
2026_08_18_00_41_27_880068_L1_left_C2,L1,C2,4.0,0.3389097514813868,blue,left,left,right,pick up the blue block,1,pregrasp,16,32,16,0.20512820512820512,0.1807909604519774,7,8,0.3,0.7,8,0.31721460819244385,0.28635990619659424,0.31721460819244385,0.28635990619659424,0.03085470199584961,-0.03085470199584961,0.3805505037307739,0.09226934611797333,0.46029794216156006
2026_08_18_00_41_27_880068_L1_left_C2,L1,C2,4.0,0.3389097514813868,blue,left,left,right,pick up the blue block,1,pregrasp,16,32,16,0.20512820512820512,0.1807909604519774,8,8,0.3,0.7,8,0.24866896867752075,0.22595664858818054,0.24866896867752075,0.22595664858818054,0.02271232008934021,-0.02271232008934021,0.3805505037307739,0.09226934611797333,0.46029794216156006
2026_08_18_00_41_27_880068_L1_left_C2,L1,C2,4.0,0.3389097514813868,blue,left,left,right,pick up the blue block,1,pregrasp,16,32,16,0.20512820512820512,0.1807909604519774,9,8,0.3,0.7,8,0.32334572076797485,0.30573517084121704,0.32334572076797485,0.30573517084121704,0.017610549926757812,-0.017610549926757812,0.3805505037307739,0.09226934611797333,0.46029794216156006
2026_08_18_00_41_27_880068_L1_left_C2,L1,C2,4.0,0.3389097514813868,blue,left,left,right,pick up the blue block,2,pregrasp,32,48,16,0.3076923076923077,0.2711864406779661,0,8,0.3,0.7,8,0.29824957251548767,0.21746015548706055,0.29824957251548767,0.21746015548706055,0.08078941702842712,-0.08078941702842712,0.4057614803314209,0.15066082775592804,0.4343278408050537
2026_08_18_00_41_27_880068_L1_left_C2,L1,C2,4.0,0.3389097514813868,blue,left,left,right,pick up the blue block,2,pregrasp,32,48,16,0.3076923076923077,0.2711864406779661,1,8,0.3,0.7,8,0.22408822178840637,0.19586193561553955,0.22408822178840637,0.19586193561553955,0.02822628617286682,-0.02822628617286682,0.4057614803314209,0.15066082775592804,0.4343278408050537
2026_08_18_00_41_27_880068_L1_left_C2,L1,C2,4.0,0.3389097514813868,blue,left,left,right,pick up the blue block,2,pregrasp,32,48,16,0.3076923076923077,0.2711864406779661,2,8,0.3,0.7,8,0.36747318506240845,0.2836728096008301,0.36747318506240845,0.2836728096008301,0.08380037546157837,-0.08380037546157837,0.4057614803314209,0.15066082775592804,0.4343278408050537
2026_08_18_00_41_27_880068_L1_left_C2,L1,C2,4.0,0.3389097514813868,blue,left,left,right,pick up the blue block,2,pregrasp,32,48,16,0.3076923076923077,0.2711864406779661,3,8,0.3,0.7,8,0.29908517003059387,0.23868493735790253,0.29908517003059387,0.23868493735790253,0.060400232672691345,-0.060400232672691345,0.4057614803314209,0.15066082775592804,0.4343278408050537
2026_08_18_00_41_27_880068_L1_left_C2,L1,C2,4.0,0.3389097514813868,blue,left,left,right,pick up the blue block,2,pregrasp,32,48,16,0.3076923076923077,0.2711864406779661,4,8,0.3,0.7,8,0.4188489019870758,0.33209869265556335,0.4188489019870758,0.33209869265556335,0.08675020933151245,-0.08675020933151245,0.4057614803314209,0.15066082775592804,0.4343278408050537
2026_08_18_00_41_27_880068_L1_left_C2,L1,C2,4.0,0.3389097514813868,blue,left,left,right,pick up the blue block,2,pregrasp,32,48,16,0.3076923076923077,0.2711864406779661,5,8,0.3,0.7,8,0.35555580258369446,0.3177495002746582,0.35555580258369446,0.3177495002746582,0.037806302309036255,-0.037806302309036255,0.4057614803314209,0.15066082775592804,0.4343278408050537
2026_08_18_00_41_27_880068_L1_left_C2,L1,C2,4.0,0.3389097514813868,blue,left,left,right,pick up the blue block,2,pregrasp,32,48,16,0.3076923076923077,0.2711864406779661,6,8,0.3,0.7,8,0.36709898710250854,0.32451117038726807,0.36709898710250854,0.32451117038726807,0.04258781671524048,-0.04258781671524048,0.4057614803314209,0.15066082775592804,0.4343278408050537
2026_08_18_00_41_27_880068_L1_left_C2,L1,C2,4.0,0.3389097514813868,blue,left,left,right,pick up the blue block,2,pregrasp,32,48,16,0.3076923076923077,0.2711864406779661,7,8,0.3,0.7,8,0.39121213555336,0.29920482635498047,0.39121213555336,0.29920482635498047,0.09200730919837952,-0.09200730919837952,0.4057614803314209,0.15066082775592804,0.4343278408050537
2026_08_18_00_41_27_880068_L1_left_C2,L1,C2,4.0,0.3389097514813868,blue,left,left,right,pick up the blue block,2,pregrasp,32,48,16,0.3076923076923077,0.2711864406779661,8,8,0.3,0.7,8,0.33917590975761414,0.25480353832244873,0.33917590975761414,0.25480353832244873,0.0843723714351654,-0.0843723714351654,0.4057614803314209,0.15066082775592804,0.4343278408050537
2026_08_18_00_41_27_880068_L1_left_C2,L1,C2,4.0,0.3389097514813868,blue,left,left,right,pick up the blue block,2,pregrasp,32,48,16,0.3076923076923077,0.2711864406779661,9,8,0.3,0.7,8,0.2956891357898712,0.2545231282711029,0.2956891357898712,0.2545231282711029,0.04116600751876831,-0.04116600751876831,0.4057614803314209,0.15066082775592804,0.4343278408050537
2026_08_18_00_41_27_880068_L1_left_C2,L1,C2,4.0,0.3389097514813868,blue,left,left,right,pick up the blue block,3,pregrasp,48,64,16,0.41025641025641024,0.3615819209039548,0,8,0.3,0.7,8,0.3081074655056,0.2594165802001953,0.3081074655056,0.2594165802001953,0.04869088530540466,-0.04869088530540466,0.4428104758262634,0.19503237307071686,0.3963809311389923
2026_08_18_00_41_27_880068_L1_left_C2,L1,C2,4.0,0.3389097514813868,blue,left,left,right,pick up the blue block,3,pregrasp,48,64,16,0.41025641025641024,0.3615819209039548,1,8,0.3,0.7,8,0.2550024092197418,0.23517896234989166,0.2550024092197418,0.23517896234989166,0.01982344686985016,-0.01982344686985016,0.4428104758262634,0.19503237307071686,0.3963809311389923
2026_08_18_00_41_27_880068_L1_left_C2,L1,C2,4.0,0.3389097514813868,blue,left,left,right,pick up the blue block,3,pregrasp,48,64,16,0.41025641025641024,0.3615819209039548,2,8,0.3,0.7,8,0.4528047442436218,0.407250314950943,0.4528047442436218,0.407250314950943,0.04555442929267883,-0.04555442929267883,0.4428104758262634,0.19503237307071686,0.3963809311389923
2026_08_18_00_41_27_880068_L1_left_C2,L1,C2,4.0,0.3389097514813868,blue,left,left,right,pick up the blue block,3,pregrasp,48,64,16,0.41025641025641024,0.3615819209039548,3,8,0.3,0.7,8,0.3246323764324188,0.30641674995422363,0.3246323764324188,0.30641674995422363,0.01821562647819519,-0.01821562647819519,0.4428104758262634,0.19503237307071686,0.3963809311389923
2026_08_18_00_41_27_880068_L1_left_C2,L1,C2,4.0,0.3389097514813868,blue,left,left,right,pick up the blue block,3,pregrasp,48,64,16,0.41025641025641024,0.3615819209039548,4,8,0.3,0.7,8,0.3396100401878357,0.30899399518966675,0.3396100401878357,0.30899399518966675,0.030616044998168945,-0.030616044998168945,0.4428104758262634,0.19503237307071686,0.3963809311389923
2026_08_18_00_41_27_880068_L1_left_C2,L1,C2,4.0,0.3389097514813868,blue,left,left,right,pick up the blue block,3,pregrasp,48,64,16,0.41025641025641024,0.3615819209039548,5,8,0.3,0.7,8,0.2477666139602661,0.23319470882415771,0.2477666139602661,0.23319470882415771,0.014571905136108398,-0.014571905136108398,0.4428104758262634,0.19503237307071686,0.3963809311389923
2026_08_18_00_41_27_880068_L1_left_C2,L1,C2,4.0,0.3389097514813868,blue,left,left,right,pick up the blue block,3,pregrasp,48,64,16,0.41025641025641024,0.3615819209039548,6,8,0.3,0.7,8,0.3686178922653198,0.32153773307800293,0.3686178922653198,0.32153773307800293,0.047080159187316895,-0.047080159187316895,0.4428104758262634,0.19503237307071686,0.3963809311389923
2026_08_18_00_41_27_880068_L1_left_C2,L1,C2,4.0,0.3389097514813868,blue,left,left,right,pick up the blue block,3,pregrasp,48,64,16,0.41025641025641024,0.3615819209039548,7,8,0.3,0.7,8,0.3473595976829529,0.29210588335990906,0.3473595976829529,0.29210588335990906,0.05525371432304382,-0.05525371432304382,0.4428104758262634,0.19503237307071686,0.3963809311389923
2026_08_18_00_41_27_880068_L1_left_C2,L1,C2,4.0,0.3389097514813868,blue,left,left,right,pick up the blue block,3,pregrasp,48,64,16,0.41025641025641024,0.3615819209039548,8,8,0.3,0.7,8,0.30377450585365295,0.2403804063796997,0.30377450585365295,0.2403804063796997,0.06339409947395325,-0.06339409947395325,0.4428104758262634,0.19503237307071686,0.3963809311389923
2026_08_18_00_41_27_880068_L1_left_C2,L1,C2,4.0,0.3389097514813868,blue,left,left,right,pick up the blue block,3,pregrasp,48,64,16,0.41025641025641024,0.3615819209039548,9,8,0.3,0.7,8,0.32643282413482666,0.2971571087837219,0.32643282413482666,0.2971571087837219,0.029275715351104736,-0.029275715351104736,0.4428104758262634,0.19503237307071686,0.3963809311389923
2026_08_18_00_41_27_880068_L1_left_C2,L1,C2,4.0,0.3389097514813868,blue,left,left,right,pick up the blue block,4,pregrasp,64,80,16,0.5128205128205128,0.4519774011299435,0,8,0.3,0.7,8,0.22051438689231873,0.2445964515209198,0.22051438689231873,0.2445964515209198,-0.024082064628601074,0.024082064628601074,0.48838263750076294,0.20613457262516022,0.3470667600631714
2026_08_18_00_41_27_880068_L1_left_C2,L1,C2,4.0,0.3389097514813868,blue,left,left,right,pick up the blue block,4,pregrasp,64,80,16,0.5128205128205128,0.4519774011299435,1,8,0.3,0.7,8,0.4113779067993164,0.4364161193370819,0.4113779067993164,0.4364161193370819,-0.025038212537765503,0.025038212537765503,0.48838263750076294,0.20613457262516022,0.3470667600631714
2026_08_18_00_41_27_880068_L1_left_C2,L1,C2,4.0,0.3389097514813868,blue,left,left,right,pick up the blue block,4,pregrasp,64,80,16,0.5128205128205128,0.4519774011299435,2,8,0.3,0.7,8,0.27173227071762085,0.27853578329086304,0.27173227071762085,0.27853578329086304,-0.0068035125732421875,0.0068035125732421875,0.48838263750076294,0.20613457262516022,0.3470667600631714
2026_08_18_00_41_27_880068_L1_left_C2,L1,C2,4.0,0.3389097514813868,blue,left,left,right,pick up the blue block,4,pregrasp,64,80,16,0.5128205128205128,0.4519774011299435,3,8,0.3,0.7,8,0.2832053601741791,0.2863011062145233,0.2832053601741791,0.2863011062145233,-0.0030957460403442383,0.0030957460403442383,0.48838263750076294,0.20613457262516022,0.3470667600631714
2026_08_18_00_41_27_880068_L1_left_C2,L1,C2,4.0,0.3389097514813868,blue,left,left,right,pick up the blue block,4,pregrasp,64,80,16,0.5128205128205128,0.4519774011299435,4,8,0.3,0.7,8,0.260628342628479,0.2752544581890106,0.260628342628479,0.2752544581890106,-0.014626115560531616,0.014626115560531616,0.48838263750076294,0.20613457262516022,0.3470667600631714
2026_08_18_00_41_27_880068_L1_left_C2,L1,C2,4.0,0.3389097514813868,blue,left,left,right,pick up the blue block,4,pregrasp,64,80,16,0.5128205128205128,0.4519774011299435,5,8,0.3,0.7,8,0.2225775122642517,0.24839866161346436,0.2225775122642517,0.24839866161346436,-0.025821149349212646,0.025821149349212646,0.48838263750076294,0.20613457262516022,0.3470667600631714
2026_08_18_00_41_27_880068_L1_left_C2,L1,C2,4.0,0.3389097514813868,blue,left,left,right,pick up the blue block,4,pregrasp,64,80,16,0.5128205128205128,0.4519774011299435,6,8,0.3,0.7,8,0.18286849558353424,0.18759740889072418,0.18286849558353424,0.18759740889072418,-0.004728913307189941,0.004728913307189941,0.48838263750076294,0.20613457262516022,0.3470667600631714
2026_08_18_00_41_27_880068_L1_left_C2,L1,C2,4.0,0.3389097514813868,blue,left,left,right,pick up the blue block,4,pregrasp,64,80,16,0.5128205128205128,0.4519774011299435,7,8,0.3,0.7,8,0.2646024227142334,0.28195008635520935,0.2646024227142334,0.28195008635520935,-0.017347663640975952,0.017347663640975952,0.48838263750076294,0.20613457262516022,0.3470667600631714
2026_08_18_00_41_27_880068_L1_left_C2,L1,C2,4.0,0.3389097514813868,blue,left,left,right,pick up the blue block,4,pregrasp,64,80,16,0.5128205128205128,0.4519774011299435,8,8,0.3,0.7,8,0.35583245754241943,0.3744058609008789,0.35583245754241943,0.3744058609008789,-0.018573403358459473,0.018573403358459473,0.48838263750076294,0.20613457262516022,0.3470667600631714
2026_08_18_00_41_27_880068_L1_left_C2,L1,C2,4.0,0.3389097514813868,blue,left,left,right,pick up the blue block,4,pregrasp,64,80,16,0.5128205128205128,0.4519774011299435,9,8,0.3,0.7,8,0.2557089924812317,0.2826628088951111,0.2557089924812317,0.2826628088951111,-0.026953816413879395,0.026953816413879395,0.48838263750076294,0.20613457262516022,0.3470667600631714
2026_08_18_00_41_27_880068_L1_left_C2,L1,C2,4.0,0.3389097514813868,blue,left,left,right,pick up the blue block,5,pregrasp,80,96,16,0.6153846153846154,0.5423728813559322,0,8,0.3,0.7,8,0.1150892823934555,0.13914494216442108,0.1150892823934555,0.13914494216442108,-0.024055659770965576,0.024055659770965576,0.5324440598487854,0.18101727962493896,0.30137336254119873
2026_08_18_00_41_27_880068_L1_left_C2,L1,C2,4.0,0.3389097514813868,blue,left,left,right,pick up the blue block,5,pregrasp,80,96,16,0.6153846153846154,0.5423728813559322,1,8,0.3,0.7,8,0.24805733561515808,0.25588443875312805,0.24805733561515808,0.25588443875312805,-0.00782710313796997,0.00782710313796997,0.5324440598487854,0.18101727962493896,0.30137336254119873
2026_08_18_00_41_27_880068_L1_left_C2,L1,C2,4.0,0.3389097514813868,blue,left,left,right,pick up the blue block,5,pregrasp,80,96,16,0.6153846153846154,0.5423728813559322,2,8,0.3,0.7,8,0.29316049814224243,0.29504674673080444,0.29316049814224243,0.29504674673080444,-0.0018862485885620117,0.0018862485885620117,0.5324440598487854,0.18101727962493896,0.30137336254119873
2026_08_18_00_41_27_880068_L1_left_C2,L1,C2,4.0,0.3389097514813868,blue,left,left,right,pick up the blue block,5,pregrasp,80,96,16,0.6153846153846154,0.5423728813559322,3,8,0.3,0.7,8,0.3161470592021942,0.32589083909988403,0.3161470592021942,0.32589083909988403,-0.00974377989768982,0.00974377989768982,0.5324440598487854,0.18101727962493896,0.30137336254119873
2026_08_18_00_41_27_880068_L1_left_C2,L1,C2,4.0,0.3389097514813868,blue,left,left,right,pick up the blue block,5,pregrasp,80,96,16,0.6153846153846154,0.5423728813559322,4,8,0.3,0.7,8,0.3137134909629822,0.32645198702812195,0.3137134909629822,0.32645198702812195,-0.01273849606513977,0.01273849606513977,0.5324440598487854,0.18101727962493896,0.30137336254119873
2026_08_18_00_41_27_880068_L1_left_C2,L1,C2,4.0,0.3389097514813868,blue,left,left,right,pick up the blue block,5,pregrasp,80,96,16,0.6153846153846154,0.5423728813559322,5,8,0.3,0.7,8,0.30793821811676025,0.307882159948349,0.30793821811676025,0.307882159948349,5.605816841125488e-05,-5.605816841125488e-05,0.5324440598487854,0.18101727962493896,0.30137336254119873
2026_08_18_00_41_27_880068_L1_left_C2,L1,C2,4.0,0.3389097514813868,blue,left,left,right,pick up the blue block,5,pregrasp,80,96,16,0.6153846153846154,0.5423728813559322,6,8,0.3,0.7,8,0.20184928178787231,0.21122866868972778,0.20184928178787231,0.21122866868972778,-0.009379386901855469,0.009379386901855469,0.5324440598487854,0.18101727962493896,0.30137336254119873
2026_08_18_00_41_27_880068_L1_left_C2,L1,C2,4.0,0.3389097514813868,blue,left,left,right,pick up the blue block,5,pregrasp,80,96,16,0.6153846153846154,0.5423728813559322,7,8,0.3,0.7,8,0.226590096950531,0.23306068778038025,0.226590096950531,0.23306068778038025,-0.006470590829849243,0.006470590829849243,0.5324440598487854,0.18101727962493896,0.30137336254119873
2026_08_18_00_41_27_880068_L1_left_C2,L1,C2,4.0,0.3389097514813868,blue,left,left,right,pick up the blue block,5,pregrasp,80,96,16,0.6153846153846154,0.5423728813559322,8,8,0.3,0.7,8,0.21445105969905853,0.24396757781505585,0.21445105969905853,0.24396757781505585,-0.029516518115997314,0.029516518115997314,0.5324440598487854,0.18101727962493896,0.30137336254119873
2026_08_18_00_41_27_880068_L1_left_C2,L1,C2,4.0,0.3389097514813868,blue,left,left,right,pick up the blue block,5,pregrasp,80,96,16,0.6153846153846154,0.5423728813559322,9,8,0.3,0.7,8,0.35127970576286316,0.35923442244529724,0.35127970576286316,0.35923442244529724,-0.007954716682434082,0.007954716682434082,0.5324440598487854,0.18101727962493896,0.30137336254119873
2026_08_18_00_41_27_880068_L1_left_C2,L1,C2,4.0,0.3389097514813868,blue,left,left,right,pick up the blue block,6,pregrasp,96,112,16,0.717948717948718,0.632768361581921,0,8,0.3,0.7,8,0.2014724463224411,0.21611353754997253,0.2014724463224411,0.21611353754997253,-0.014641091227531433,0.014641091227531433,0.5720928311347961,0.13920675218105316,0.2614020109176636
2026_08_18_00_41_27_880068_L1_left_C2,L1,C2,4.0,0.3389097514813868,blue,left,left,right,pick up the blue block,6,pregrasp,96,112,16,0.717948717948718,0.632768361581921,1,8,0.3,0.7,8,0.2447681576013565,0.26277750730514526,0.2447681576013565,0.26277750730514526,-0.018009349703788757,0.018009349703788757,0.5720928311347961,0.13920675218105316,0.2614020109176636
2026_08_18_00_41_27_880068_L1_left_C2,L1,C2,4.0,0.3389097514813868,blue,left,left,right,pick up the blue block,6,pregrasp,96,112,16,0.717948717948718,0.632768361581921,2,8,0.3,0.7,8,0.3176494240760803,0.3282241225242615,0.3176494240760803,0.3282241225242615,-0.010574698448181152,0.010574698448181152,0.5720928311347961,0.13920675218105316,0.2614020109176636
2026_08_18_00_41_27_880068_L1_left_C2,L1,C2,4.0,0.3389097514813868,blue,left,left,right,pick up the blue block,6,pregrasp,96,112,16,0.717948717948718,0.632768361581921,3,8,0.3,0.7,8,0.3037043809890747,0.3164116144180298,0.3037043809890747,0.3164116144180298,-0.012707233428955078,0.012707233428955078,0.5720928311347961,0.13920675218105316,0.2614020109176636
2026_08_18_00_41_27_880068_L1_left_C2,L1,C2,4.0,0.3389097514813868,blue,left,left,right,pick up the blue block,6,pregrasp,96,112,16,0.717948717948718,0.632768361581921,4,8,0.3,0.7,8,0.17826621234416962,0.19679467380046844,0.17826621234416962,0.19679467380046844,-0.018528461456298828,0.018528461456298828,0.5720928311347961,0.13920675218105316,0.2614020109176636
2026_08_18_00_41_27_880068_L1_left_C2,L1,C2,4.0,0.3389097514813868,blue,left,left,right,pick up the blue block,6,pregrasp,96,112,16,0.717948717948718,0.632768361581921,5,8,0.3,0.7,8,0.27267223596572876,0.2869888246059418,0.27267223596572876,0.2869888246059418,-0.014316588640213013,0.014316588640213013,0.5720928311347961,0.13920675218105316,0.2614020109176636
2026_08_18_00_41_27_880068_L1_left_C2,L1,C2,4.0,0.3389097514813868,blue,left,left,right,pick up the blue block,6,pregrasp,96,112,16,0.717948717948718,0.632768361581921,6,8,0.3,0.7,8,0.2772141993045807,0.2906728982925415,0.2772141993045807,0.2906728982925415,-0.013458698987960815,0.013458698987960815,0.5720928311347961,0.13920675218105316,0.2614020109176636
2026_08_18_00_41_27_880068_L1_left_C2,L1,C2,4.0,0.3389097514813868,blue,left,left,right,pick up the blue block,6,pregrasp,96,112,16,0.717948717948718,0.632768361581921,7,8,0.3,0.7,8,0.32505300641059875,0.33924224972724915,0.32505300641059875,0.33924224972724915,-0.01418924331665039,0.01418924331665039,0.5720928311347961,0.13920675218105316,0.2614020109176636
2026_08_18_00_41_27_880068_L1_left_C2,L1,C2,4.0,0.3389097514813868,blue,left,left,right,pick up the blue block,6,pregrasp,96,112,16,0.717948717948718,0.632768361581921,8,8,0.3,0.7,8,0.320740282535553,0.33610907196998596,0.320740282535553,0.33610907196998596,-0.015368789434432983,0.015368789434432983,0.5720928311347961,0.13920675218105316,0.2614020109176636
2026_08_18_00_41_27_880068_L1_left_C2,L1,C2,4.0,0.3389097514813868,blue,left,left,right,pick up the blue block,6,pregrasp,96,112,16,0.717948717948718,0.632768361581921,9,8,0.3,0.7,8,0.2551461458206177,0.27333125472068787,0.2551461458206177,0.27333125472068787,-0.01818510890007019,0.01818510890007019,0.5720928311347961,0.13920675218105316,0.2614020109176636
2026_08_18_00_41_27_880068_L1_left_C2,L1,C2,4.0,0.3389097514813868,blue,left,left,right,pick up the blue block,7,pregrasp,112,128,16,0.8205128205128205,0.7231638418079096,0,8,0.3,0.7,8,0.4491099417209625,0.42150530219078064,0.4491099417209625,0.42150530219078064,0.027604639530181885,-0.027604639530181885,0.6079201102256775,0.09196759760379791,0.22485566139221191
2026_08_18_00_41_27_880068_L1_left_C2,L1,C2,4.0,0.3389097514813868,blue,left,left,right,pick up the blue block,7,pregrasp,112,128,16,0.8205128205128205,0.7231638418079096,1,8,0.3,0.7,8,0.2690124213695526,0.24873968958854675,0.2690124213695526,0.24873968958854675,0.02027273178100586,-0.02027273178100586,0.6079201102256775,0.09196759760379791,0.22485566139221191
2026_08_18_00_41_27_880068_L1_left_C2,L1,C2,4.0,0.3389097514813868,blue,left,left,right,pick up the blue block,7,pregrasp,112,128,16,0.8205128205128205,0.7231638418079096,2,8,0.3,0.7,8,0.4105767607688904,0.3893909156322479,0.4105767607688904,0.3893909156322479,0.021185845136642456,-0.021185845136642456,0.6079201102256775,0.09196759760379791,0.22485566139221191
2026_08_18_00_41_27_880068_L1_left_C2,L1,C2,4.0,0.3389097514813868,blue,left,left,right,pick up the blue block,7,pregrasp,112,128,16,0.8205128205128205,0.7231638418079096,3,8,0.3,0.7,8,0.2506270408630371,0.246222123503685,0.2506270408630371,0.246222123503685,0.004404917359352112,-0.004404917359352112,0.6079201102256775,0.09196759760379791,0.22485566139221191
2026_08_18_00_41_27_880068_L1_left_C2,L1,C2,4.0,0.3389097514813868,blue,left,left,right,pick up the blue block,7,pregrasp,112,128,16,0.8205128205128205,0.7231638418079096,4,8,0.3,0.7,8,0.2019582986831665,0.19787931442260742,0.2019582986831665,0.19787931442260742,0.004078984260559082,-0.004078984260559082,0.6079201102256775,0.09196759760379791,0.22485566139221191
2026_08_18_00_41_27_880068_L1_left_C2,L1,C2,4.0,0.3389097514813868,blue,left,left,right,pick up the blue block,7,pregrasp,112,128,16,0.8205128205128205,0.7231638418079096,5,8,0.3,0.7,8,0.23662185668945312,0.22574232518672943,0.23662185668945312,0.22574232518672943,0.010879531502723694,-0.010879531502723694,0.6079201102256775,0.09196759760379791,0.22485566139221191
2026_08_18_00_41_27_880068_L1_left_C2,L1,C2,4.0,0.3389097514813868,blue,left,left,right,pick up the blue block,7,pregrasp,112,128,16,0.8205128205128205,0.7231638418079096,6,8,0.3,0.7,8,0.36255401372909546,0.3495832681655884,0.36255401372909546,0.3495832681655884,0.01297074556350708,-0.01297074556350708,0.6079201102256775,0.09196759760379791,0.22485566139221191
2026_08_18_00_41_27_880068_L1_left_C2,L1,C2,4.0,0.3389097514813868,blue,left,left,right,pick up the blue block,7,pregrasp,112,128,16,0.8205128205128205,0.7231638418079096,7,8,0.3,0.7,8,0.21958716213703156,0.20860494673252106,0.21958716213703156,0.20860494673252106,0.010982215404510498,-0.010982215404510498,0.6079201102256775,0.09196759760379791,0.22485566139221191
2026_08_18_00_41_27_880068_L1_left_C2,L1,C2,4.0,0.3389097514813868,blue,left,left,right,pick up the blue block,7,pregrasp,112,128,16,0.8205128205128205,0.7231638418079096,8,8,0.3,0.7,8,0.29162469506263733,0.2752920985221863,0.29162469506263733,0.2752920985221863,0.01633259654045105,-0.01633259654045105,0.6079201102256775,0.09196759760379791,0.22485566139221191
2026_08_18_00_41_27_880068_L1_left_C2,L1,C2,4.0,0.3389097514813868,blue,left,left,right,pick up the blue block,7,pregrasp,112,128,16,0.8205128205128205,0.7231638418079096,9,8,0.3,0.7,8,0.35176903009414673,0.33904653787612915,0.35176903009414673,0.33904653787612915,0.012722492218017578,-0.012722492218017578,0.6079201102256775,0.09196759760379791,0.22485566139221191
2026_08_18_00_41_27_880068_L1_left_C2,L1,C2,4.0,0.3389097514813868,blue,left,left,right,pick up the blue block,8,pregrasp,128,144,16,0.9230769230769231,0.8135593220338984,0,8,0.3,0.7,8,0.2499161660671234,0.29604947566986084,0.2499161660671234,0.29604947566986084,-0.04613330960273743,0.04613330960273743,0.6397852897644043,0.046662308275699615,0.19193053245544434
2026_08_18_00_41_27_880068_L1_left_C2,L1,C2,4.0,0.3389097514813868,blue,left,left,right,pick up the blue block,8,pregrasp,128,144,16,0.9230769230769231,0.8135593220338984,1,8,0.3,0.7,8,0.24576163291931152,0.2879248559474945,0.24576163291931152,0.2879248559474945,-0.04216322302818298,0.04216322302818298,0.6397852897644043,0.046662308275699615,0.19193053245544434
2026_08_18_00_41_27_880068_L1_left_C2,L1,C2,4.0,0.3389097514813868,blue,left,left,right,pick up the blue block,8,pregrasp,128,144,16,0.9230769230769231,0.8135593220338984,2,8,0.3,0.7,8,0.33534711599349976,0.3774498403072357,0.33534711599349976,0.3774498403072357,-0.04210272431373596,0.04210272431373596,0.6397852897644043,0.046662308275699615,0.19193053245544434
2026_08_18_00_41_27_880068_L1_left_C2,L1,C2,4.0,0.3389097514813868,blue,left,left,right,pick up the blue block,8,pregrasp,128,144,16,0.9230769230769231,0.8135593220338984,3,8,0.3,0.7,8,0.27411216497421265,0.32959917187690735,0.27411216497421265,0.32959917187690735,-0.0554870069026947,0.0554870069026947,0.6397852897644043,0.046662308275699615,0.19193053245544434
2026_08_18_00_41_27_880068_L1_left_C2,L1,C2,4.0,0.3389097514813868,blue,left,left,right,pick up the blue block,8,pregrasp,128,144,16,0.9230769230769231,0.8135593220338984,4,8,0.3,0.7,8,0.2442144900560379,0.2876100540161133,0.2442144900560379,0.2876100540161133,-0.04339556396007538,0.04339556396007538,0.6397852897644043,0.046662308275699615,0.19193053245544434
2026_08_18_00_41_27_880068_L1_left_C2,L1,C2,4.0,0.3389097514813868,blue,left,left,right,pick up the blue block,8,pregrasp,128,144,16,0.9230769230769231,0.8135593220338984,5,8,0.3,0.7,8,0.3201501965522766,0.36893588304519653,0.3201501965522766,0.36893588304519653,-0.04878568649291992,0.04878568649291992,0.6397852897644043,0.046662308275699615,0.19193053245544434
2026_08_18_00_41_27_880068_L1_left_C2,L1,C2,4.0,0.3389097514813868,blue,left,left,right,pick up the blue block,8,pregrasp,128,144,16,0.9230769230769231,0.8135593220338984,6,8,0.3,0.7,8,0.23040172457695007,0.29060593247413635,0.23040172457695007,0.29060593247413635,-0.06020420789718628,0.06020420789718628,0.6397852897644043,0.046662308275699615,0.19193053245544434
2026_08_18_00_41_27_880068_L1_left_C2,L1,C2,4.0,0.3389097514813868,blue,left,left,right,pick up the blue block,8,pregrasp,128,144,16,0.9230769230769231,0.8135593220338984,7,8,0.3,0.7,8,0.3476037085056305,0.3961849510669708,0.3476037085056305,0.3961849510669708,-0.04858124256134033,0.04858124256134033,0.6397852897644043,0.046662308275699615,0.19193053245544434
2026_08_18_00_41_27_880068_L1_left_C2,L1,C2,4.0,0.3389097514813868,blue,left,left,right,pick up the blue block,8,pregrasp,128,144,16,0.9230769230769231,0.8135593220338984,8,8,0.3,0.7,8,0.2465643286705017,0.3208150863647461,0.2465643286705017,0.3208150863647461,-0.07425075769424438,0.07425075769424438,0.6397852897644043,0.046662308275699615,0.19193053245544434
2026_08_18_00_41_27_880068_L1_left_C2,L1,C2,4.0,0.3389097514813868,blue,left,left,right,pick up the blue block,8,pregrasp,128,144,16,0.9230769230769231,0.8135593220338984,9,8,0.3,0.7,8,0.2713127136230469,0.3200923502445221,0.2713127136230469,0.3200923502445221,-0.04877963662147522,0.04877963662147522,0.6397852897644043,0.046662308275699615,0.19193053245544434
2026_08_18_00_41_27_880068_L1_left_C2,L1,C2,4.0,0.3389097514813868,blue,left,left,right,pick up the blue block,9,pregrasp,144,156,12,1.0,0.8813559322033898,0,8,0.3,0.7,8,0.19597920775413513,0.21939575672149658,0.19597920775413513,0.21939575672149658,-0.02341654896736145,0.02341654896736145,0.6416018009185791,0.0453813299536705,0.18999965488910675
2026_08_18_00_41_27_880068_L1_left_C2,L1,C2,4.0,0.3389097514813868,blue,left,left,right,pick up the blue block,9,pregrasp,144,156,12,1.0,0.8813559322033898,1,8,0.3,0.7,8,0.21596476435661316,0.2212650179862976,0.21596476435661316,0.2212650179862976,-0.005300253629684448,0.005300253629684448,0.6416018009185791,0.0453813299536705,0.18999965488910675
2026_08_18_00_41_27_880068_L1_left_C2,L1,C2,4.0,0.3389097514813868,blue,left,left,right,pick up the blue block,9,pregrasp,144,156,12,1.0,0.8813559322033898,2,8,0.3,0.7,8,0.2672227919101715,0.26140013337135315,0.2672227919101715,0.26140013337135315,0.005822658538818359,-0.005822658538818359,0.6416018009185791,0.0453813299536705,0.18999965488910675
2026_08_18_00_41_27_880068_L1_left_C2,L1,C2,4.0,0.3389097514813868,blue,left,left,right,pick up the blue block,9,pregrasp,144,156,12,1.0,0.8813559322033898,3,8,0.3,0.7,8,0.22457942366600037,0.22200670838356018,0.22457942366600037,0.22200670838356018,0.0025727152824401855,-0.0025727152824401855,0.6416018009185791,0.0453813299536705,0.18999965488910675
2026_08_18_00_41_27_880068_L1_left_C2,L1,C2,4.0,0.3389097514813868,blue,left,left,right,pick up the blue block,9,pregrasp,144,156,12,1.0,0.8813559322033898,4,8,0.3,0.7,8,0.21575015783309937,0.22326712310314178,0.21575015783309937,0.22326712310314178,-0.007516965270042419,0.007516965270042419,0.6416018009185791,0.0453813299536705,0.18999965488910675
2026_08_18_00_41_27_880068_L1_left_C2,L1,C2,4.0,0.3389097514813868,blue,left,left,right,pick up the blue block,9,pregrasp,144,156,12,1.0,0.8813559322033898,5,8,0.3,0.7,8,0.2119736224412918,0.22798874974250793,0.2119736224412918,0.22798874974250793,-0.016015127301216125,0.016015127301216125,0.6416018009185791,0.0453813299536705,0.18999965488910675
2026_08_18_00_41_27_880068_L1_left_C2,L1,C2,4.0,0.3389097514813868,blue,left,left,right,pick up the blue block,9,pregrasp,144,156,12,1.0,0.8813559322033898,6,8,0.3,0.7,8,0.2701379656791687,0.26193705201148987,0.2701379656791687,0.26193705201148987,0.008200913667678833,-0.008200913667678833,0.6416018009185791,0.0453813299536705,0.18999965488910675
2026_08_18_00_41_27_880068_L1_left_C2,L1,C2,4.0,0.3389097514813868,blue,left,left,right,pick up the blue block,9,pregrasp,144,156,12,1.0,0.8813559322033898,7,8,0.3,0.7,8,0.2774895429611206,0.2759152948856354,0.2774895429611206,0.2759152948856354,0.0015742480754852295,-0.0015742480754852295,0.6416018009185791,0.0453813299536705,0.18999965488910675
2026_08_18_00_41_27_880068_L1_left_C2,L1,C2,4.0,0.3389097514813868,blue,left,left,right,pick up the blue block,9,pregrasp,144,156,12,1.0,0.8813559322033898,8,8,0.3,0.7,8,0.3785162568092346,0.3629600703716278,0.3785162568092346,0.3629600703716278,0.015556186437606812,-0.015556186437606812,0.6416018009185791,0.0453813299536705,0.18999965488910675
2026_08_18_00_41_27_880068_L1_left_C2,L1,C2,4.0,0.3389097514813868,blue,left,left,right,pick up the blue block,9,pregrasp,144,156,12,1.0,0.8813559322033898,9,8,0.3,0.7,8,0.16091139614582062,0.17459113895893097,0.16091139614582062,0.17459113895893097,-0.013679742813110352,0.013679742813110352,0.6416018009185791,0.0453813299536705,0.18999965488910675
2026_08_18_00_41_27_880068_L1_left_C2,L1,C2,4.0,0.3389097514813868,blue,left,left,right,pick up the blue block,10,postgrasp,156,172,16,1.0,0.9717514124293786,0,8,0.3,0.7,8,0.35531729459762573,0.346341997385025,0.35531729459762573,0.346341997385025,0.008975297212600708,-0.008975297212600708,0.6420590281486511,0.04509197548031807,0.19043219089508057
2026_08_18_00_41_27_880068_L1_left_C2,L1,C2,4.0,0.3389097514813868,blue,left,left,right,pick up the blue block,10,postgrasp,156,172,16,1.0,0.9717514124293786,1,8,0.3,0.7,8,0.32776176929473877,0.3148784339427948,0.32776176929473877,0.3148784339427948,0.01288333535194397,-0.01288333535194397,0.6420590281486511,0.04509197548031807,0.19043219089508057
2026_08_18_00_41_27_880068_L1_left_C2,L1,C2,4.0,0.3389097514813868,blue,left,left,right,pick up the blue block,10,postgrasp,156,172,16,1.0,0.9717514124293786,2,8,0.3,0.7,8,0.3738607168197632,0.370283305644989,0.3738607168197632,0.370283305644989,0.00357741117477417,-0.00357741117477417,0.6420590281486511,0.04509197548031807,0.19043219089508057
2026_08_18_00_41_27_880068_L1_left_C2,L1,C2,4.0,0.3389097514813868,blue,left,left,right,pick up the blue block,10,postgrasp,156,172,16,1.0,0.9717514124293786,3,8,0.3,0.7,8,0.3367816209793091,0.33092302083969116,0.3367816209793091,0.33092302083969116,0.00585860013961792,-0.00585860013961792,0.6420590281486511,0.04509197548031807,0.19043219089508057
2026_08_18_00_41_27_880068_L1_left_C2,L1,C2,4.0,0.3389097514813868,blue,left,left,right,pick up the blue block,10,postgrasp,156,172,16,1.0,0.9717514124293786,4,8,0.3,0.7,8,0.31053635478019714,0.2942907512187958,0.31053635478019714,0.2942907512187958,0.016245603561401367,-0.016245603561401367,0.6420590281486511,0.04509197548031807,0.19043219089508057
2026_08_18_00_41_27_880068_L1_left_C2,L1,C2,4.0,0.3389097514813868,blue,left,left,right,pick up the blue block,10,postgrasp,156,172,16,1.0,0.9717514124293786,5,8,0.3,0.7,8,0.41361889243125916,0.40669599175453186,0.41361889243125916,0.40669599175453186,0.006922900676727295,-0.006922900676727295,0.6420590281486511,0.04509197548031807,0.19043219089508057
2026_08_18_00_41_27_880068_L1_left_C2,L1,C2,4.0,0.3389097514813868,blue,left,left,right,pick up the blue block,10,postgrasp,156,172,16,1.0,0.9717514124293786,6,8,0.3,0.7,8,0.2775411009788513,0.2622830271720886,0.2775411009788513,0.2622830271720886,0.015258073806762695,-0.015258073806762695,0.6420590281486511,0.04509197548031807,0.19043219089508057
2026_08_18_00_41_27_880068_L1_left_C2,L1,C2,4.0,0.3389097514813868,blue,left,left,right,pick up the blue block,10,postgrasp,156,172,16,1.0,0.9717514124293786,7,8,0.3,0.7,8,0.3822755813598633,0.365570604801178,0.3822755813598633,0.365570604801178,0.016704976558685303,-0.016704976558685303,0.6420590281486511,0.04509197548031807,0.19043219089508057
2026_08_18_00_41_27_880068_L1_left_C2,L1,C2,4.0,0.3389097514813868,blue,left,left,right,pick up the blue block,10,postgrasp,156,172,16,1.0,0.9717514124293786,8,8,0.3,0.7,8,0.33886197209358215,0.33706381916999817,0.33886197209358215,0.33706381916999817,0.0017981529235839844,-0.0017981529235839844,0.6420590281486511,0.04509197548031807,0.19043219089508057
2026_08_18_00_41_27_880068_L1_left_C2,L1,C2,4.0,0.3389097514813868,blue,left,left,right,pick up the blue block,10,postgrasp,156,172,16,1.0,0.9717514124293786,9,8,0.3,0.7,8,0.37991079688072205,0.35946011543273926,0.37991079688072205,0.35946011543273926,0.020450681447982788,-0.020450681447982788,0.6420590281486511,0.04509197548031807,0.19043219089508057
2026_08_18_00_41_27_880068_L1_left_C2,L1,C2,4.0,0.3389097514813868,blue,left,left,right,pick up the blue block,11,postgrasp,172,177,5,1.0,1.0,0,8,0.3,0.7,8,0.5339086651802063,0.47594937682151794,0.5339086651802063,0.47594937682151794,0.057959288358688354,-0.057959288358688354,0.6420595645904541,0.04509175196290016,0.19043156504631042
2026_08_18_00_41_27_880068_L1_left_C2,L1,C2,4.0,0.3389097514813868,blue,left,left,right,pick up the blue block,11,postgrasp,172,177,5,1.0,1.0,1,8,0.3,0.7,8,0.5046674013137817,0.4587239921092987,0.5046674013137817,0.4587239921092987,0.04594340920448303,-0.04594340920448303,0.6420595645904541,0.04509175196290016,0.19043156504631042
2026_08_18_00_41_27_880068_L1_left_C2,L1,C2,4.0,0.3389097514813868,blue,left,left,right,pick up the blue block,11,postgrasp,172,177,5,1.0,1.0,2,8,0.3,0.7,8,0.49232974648475647,0.4489513337612152,0.49232974648475647,0.4489513337612152,0.04337841272354126,-0.04337841272354126,0.6420595645904541,0.04509175196290016,0.19043156504631042
2026_08_18_00_41_27_880068_L1_left_C2,L1,C2,4.0,0.3389097514813868,blue,left,left,right,pick up the blue block,11,postgrasp,172,177,5,1.0,1.0,3,8,0.3,0.7,8,0.43251103162765503,0.38619452714920044,0.43251103162765503,0.38619452714920044,0.04631650447845459,-0.04631650447845459,0.6420595645904541,0.04509175196290016,0.19043156504631042
2026_08_18_00_41_27_880068_L1_left_C2,L1,C2,4.0,0.3389097514813868,blue,left,left,right,pick up the blue block,11,postgrasp,172,177,5,1.0,1.0,4,8,0.3,0.7,8,0.4512259364128113,0.41818612813949585,0.4512259364128113,0.41818612813949585,0.03303980827331543,-0.03303980827331543,0.6420595645904541,0.04509175196290016,0.19043156504631042
2026_08_18_00_41_27_880068_L1_left_C2,L1,C2,4.0,0.3389097514813868,blue,left,left,right,pick up the blue block,11,postgrasp,172,177,5,1.0,1.0,5,8,0.3,0.7,8,0.6282075047492981,0.5631910562515259,0.6282075047492981,0.5631910562515259,0.06501644849777222,-0.06501644849777222,0.6420595645904541,0.04509175196290016,0.19043156504631042
2026_08_18_00_41_27_880068_L1_left_C2,L1,C2,4.0,0.3389097514813868,blue,left,left,right,pick up the blue block,11,postgrasp,172,177,5,1.0,1.0,6,8,0.3,0.7,8,0.5841598510742188,0.550820529460907,0.5841598510742188,0.550820529460907,0.03333932161331177,-0.03333932161331177,0.6420595645904541,0.04509175196290016,0.19043156504631042
2026_08_18_00_41_27_880068_L1_left_C2,L1,C2,4.0,0.3389097514813868,blue,left,left,right,pick up the blue block,11,postgrasp,172,177,5,1.0,1.0,7,8,0.3,0.7,8,0.4247888922691345,0.3891810476779938,0.4247888922691345,0.3891810476779938,0.03560784459114075,-0.03560784459114075,0.6420595645904541,0.04509175196290016,0.19043156504631042
2026_08_18_00_41_27_880068_L1_left_C2,L1,C2,4.0,0.3389097514813868,blue,left,left,right,pick up the blue block,11,postgrasp,172,177,5,1.0,1.0,8,8,0.3,0.7,8,0.4964178204536438,0.4543297588825226,0.4964178204536438,0.4543297588825226,0.042088061571121216,-0.042088061571121216,0.6420595645904541,0.04509175196290016,0.19043156504631042
2026_08_18_00_41_27_880068_L1_left_C2,L1,C2,4.0,0.3389097514813868,blue,left,left,right,pick up the blue block,11,postgrasp,172,177,5,1.0,1.0,9,8,0.3,0.7,8,0.3817495107650757,0.355197548866272,0.3817495107650757,0.355197548866272,0.02655196189880371,-0.02655196189880371,0.6420595645904541,0.04509175196290016,0.19043156504631042
2026_08_18_00_45_28_073578_L1_right_C0,L1,C0,0.0,0.0,red,right,left,right,pick up the red block,0,pregrasp,0,16,16,0.13793103448275862,0.11678832116788321,0,8,0.3,0.7,8,0.27131161093711853,0.22401723265647888,0.22401723265647888,0.27131161093711853,0.04729437828063965,0.04729437828063965,0.3815579116344452,0.00301348976790905,0.4665829539299011
2026_08_18_00_45_28_073578_L1_right_C0,L1,C0,0.0,0.0,red,right,left,right,pick up the red block,0,pregrasp,0,16,16,0.13793103448275862,0.11678832116788321,1,8,0.3,0.7,8,0.19019129872322083,0.17402951419353485,0.17402951419353485,0.19019129872322083,0.016161784529685974,0.016161784529685974,0.3815579116344452,0.00301348976790905,0.4665829539299011
2026_08_18_00_45_28_073578_L1_right_C0,L1,C0,0.0,0.0,red,right,left,right,pick up the red block,0,pregrasp,0,16,16,0.13793103448275862,0.11678832116788321,2,8,0.3,0.7,8,0.18552425503730774,0.1460724025964737,0.1460724025964737,0.18552425503730774,0.039451852440834045,0.039451852440834045,0.3815579116344452,0.00301348976790905,0.4665829539299011
2026_08_18_00_45_28_073578_L1_right_C0,L1,C0,0.0,0.0,red,right,left,right,pick up the red block,0,pregrasp,0,16,16,0.13793103448275862,0.11678832116788321,3,8,0.3,0.7,8,0.30014148354530334,0.2793736755847931,0.2793736755847931,0.30014148354530334,0.020767807960510254,0.020767807960510254,0.3815579116344452,0.00301348976790905,0.4665829539299011
2026_08_18_00_45_28_073578_L1_right_C0,L1,C0,0.0,0.0,red,right,left,right,pick up the red block,0,pregrasp,0,16,16,0.13793103448275862,0.11678832116788321,4,8,0.3,0.7,8,0.3215097188949585,0.3119128942489624,0.3119128942489624,0.3215097188949585,0.009596824645996094,0.009596824645996094,0.3815579116344452,0.00301348976790905,0.4665829539299011
2026_08_18_00_45_28_073578_L1_right_C0,L1,C0,0.0,0.0,red,right,left,right,pick up the red block,0,pregrasp,0,16,16,0.13793103448275862,0.11678832116788321,5,8,0.3,0.7,8,0.22243955731391907,0.17712080478668213,0.17712080478668213,0.22243955731391907,0.04531875252723694,0.04531875252723694,0.3815579116344452,0.00301348976790905,0.4665829539299011
2026_08_18_00_45_28_073578_L1_right_C0,L1,C0,0.0,0.0,red,right,left,right,pick up the red block,0,pregrasp,0,16,16,0.13793103448275862,0.11678832116788321,6,8,0.3,0.7,8,0.1875355839729309,0.17333024740219116,0.17333024740219116,0.1875355839729309,0.014205336570739746,0.014205336570739746,0.3815579116344452,0.00301348976790905,0.4665829539299011
2026_08_18_00_45_28_073578_L1_right_C0,L1,C0,0.0,0.0,red,right,left,right,pick up the red block,0,pregrasp,0,16,16,0.13793103448275862,0.11678832116788321,7,8,0.3,0.7,8,0.2646011412143707,0.1943025290966034,0.1943025290966034,0.2646011412143707,0.07029861211776733,0.07029861211776733,0.3815579116344452,0.00301348976790905,0.4665829539299011
2026_08_18_00_45_28_073578_L1_right_C0,L1,C0,0.0,0.0,red,right,left,right,pick up the red block,0,pregrasp,0,16,16,0.13793103448275862,0.11678832116788321,8,8,0.3,0.7,8,0.18543656170368195,0.15056587755680084,0.15056587755680084,0.18543656170368195,0.034870684146881104,0.034870684146881104,0.3815579116344452,0.00301348976790905,0.4665829539299011
2026_08_18_00_45_28_073578_L1_right_C0,L1,C0,0.0,0.0,red,right,left,right,pick up the red block,0,pregrasp,0,16,16,0.13793103448275862,0.11678832116788321,9,8,0.3,0.7,8,0.31293874979019165,0.29492419958114624,0.29492419958114624,0.31293874979019165,0.01801455020904541,0.01801455020904541,0.3815579116344452,0.00301348976790905,0.4665829539299011
2026_08_18_00_45_28_073578_L1_right_C0,L1,C0,0.0,0.0,red,right,left,right,pick up the red block,1,pregrasp,16,32,16,0.27586206896551724,0.23357664233576642,0,8,0.3,0.7,8,0.3996036648750305,0.3435443639755249,0.3435443639755249,0.3996036648750305,0.056059300899505615,0.056059300899505615,0.4242797791957855,-0.005438078194856644,0.41251233220100403
2026_08_18_00_45_28_073578_L1_right_C0,L1,C0,0.0,0.0,red,right,left,right,pick up the red block,1,pregrasp,16,32,16,0.27586206896551724,0.23357664233576642,1,8,0.3,0.7,8,0.27992814779281616,0.2208731770515442,0.2208731770515442,0.27992814779281616,0.05905497074127197,0.05905497074127197,0.4242797791957855,-0.005438078194856644,0.41251233220100403
2026_08_18_00_45_28_073578_L1_right_C0,L1,C0,0.0,0.0,red,right,left,right,pick up the red block,1,pregrasp,16,32,16,0.27586206896551724,0.23357664233576642,2,8,0.3,0.7,8,0.3657885193824768,0.29757076501846313,0.29757076501846313,0.3657885193824768,0.06821775436401367,0.06821775436401367,0.4242797791957855,-0.005438078194856644,0.41251233220100403
2026_08_18_00_45_28_073578_L1_right_C0,L1,C0,0.0,0.0,red,right,left,right,pick up the red block,1,pregrasp,16,32,16,0.27586206896551724,0.23357664233576642,3,8,0.3,0.7,8,0.26119548082351685,0.19283440709114075,0.19283440709114075,0.26119548082351685,0.0683610737323761,0.0683610737323761,0.4242797791957855,-0.005438078194856644,0.41251233220100403
2026_08_18_00_45_28_073578_L1_right_C0,L1,C0,0.0,0.0,red,right,left,right,pick up the red block,1,pregrasp,16,32,16,0.27586206896551724,0.23357664233576642,4,8,0.3,0.7,8,0.3891618549823761,0.3071466088294983,0.3071466088294983,0.3891618549823761,0.08201524615287781,0.08201524615287781,0.4242797791957855,-0.005438078194856644,0.41251233220100403
2026_08_18_00_45_28_073578_L1_right_C0,L1,C0,0.0,0.0,red,right,left,right,pick up the red block,1,pregrasp,16,32,16,0.27586206896551724,0.23357664233576642,5,8,0.3,0.7,8,0.3025178909301758,0.22044532001018524,0.22044532001018524,0.3025178909301758,0.08207257091999054,0.08207257091999054,0.4242797791957855,-0.005438078194856644,0.41251233220100403
2026_08_18_00_45_28_073578_L1_right_C0,L1,C0,0.0,0.0,red,right,left,right,pick up the red block,1,pregrasp,16,32,16,0.27586206896551724,0.23357664233576642,6,8,0.3,0.7,8,0.2834601402282715,0.219193696975708,0.219193696975708,0.2834601402282715,0.06426644325256348,0.06426644325256348,0.4242797791957855,-0.005438078194856644,0.41251233220100403
2026_08_18_00_45_28_073578_L1_right_C0,L1,C0,0.0,0.0,red,right,left,right,pick up the red block,1,pregrasp,16,32,16,0.27586206896551724,0.23357664233576642,7,8,0.3,0.7,8,0.33145222067832947,0.26389333605766296,0.26389333605766296,0.33145222067832947,0.0675588846206665,0.0675588846206665,0.4242797791957855,-0.005438078194856644,0.41251233220100403
2026_08_18_00_45_28_073578_L1_right_C0,L1,C0,0.0,0.0,red,right,left,right,pick up the red block,1,pregrasp,16,32,16,0.27586206896551724,0.23357664233576642,8,8,0.3,0.7,8,0.34629517793655396,0.2628767788410187,0.2628767788410187,0.34629517793655396,0.08341839909553528,0.08341839909553528,0.4242797791957855,-0.005438078194856644,0.41251233220100403
2026_08_18_00_45_28_073578_L1_right_C0,L1,C0,0.0,0.0,red,right,left,right,pick up the red block,1,pregrasp,16,32,16,0.27586206896551724,0.23357664233576642,9,8,0.3,0.7,8,0.3061031103134155,0.21372152864933014,0.21372152864933014,0.3061031103134155,0.09238158166408539,0.09238158166408539,0.4242797791957855,-0.005438078194856644,0.41251233220100403
2026_08_18_00_45_28_073578_L1_right_C0,L1,C0,0.0,0.0,red,right,left,right,pick up the red block,2,pregrasp,32,48,16,0.41379310344827586,0.35036496350364965,0,8,0.3,0.7,8,0.25884729623794556,0.23325270414352417,0.23325270414352417,0.25884729623794556,0.025594592094421387,0.025594592094421387,0.47261476516723633,-0.012407111003994942,0.3632495403289795
2026_08_18_00_45_28_073578_L1_right_C0,L1,C0,0.0,0.0,red,right,left,right,pick up the red block,2,pregrasp,32,48,16,0.41379310344827586,0.35036496350364965,1,8,0.3,0.7,8,0.29874470829963684,0.27163606882095337,0.27163606882095337,0.29874470829963684,0.02710863947868347,0.02710863947868347,0.47261476516723633,-0.012407111003994942,0.3632495403289795
2026_08_18_00_45_28_073578_L1_right_C0,L1,C0,0.0,0.0,red,right,left,right,pick up the red block,2,pregrasp,32,48,16,0.41379310344827586,0.35036496350364965,2,8,0.3,0.7,8,0.269070029258728,0.2489248514175415,0.2489248514175415,0.269070029258728,0.020145177841186523,0.020145177841186523,0.47261476516723633,-0.012407111003994942,0.3632495403289795
2026_08_18_00_45_28_073578_L1_right_C0,L1,C0,0.0,0.0,red,right,left,right,pick up the red block,2,pregrasp,32,48,16,0.41379310344827586,0.35036496350364965,3,8,0.3,0.7,8,0.23637349903583527,0.21464979648590088,0.21464979648590088,0.23637349903583527,0.021723702549934387,0.021723702549934387,0.47261476516723633,-0.012407111003994942,0.3632495403289795
2026_08_18_00_45_28_073578_L1_right_C0,L1,C0,0.0,0.0,red,right,left,right,pick up the red block,2,pregrasp,32,48,16,0.41379310344827586,0.35036496350364965,4,8,0.3,0.7,8,0.31868648529052734,0.290404349565506,0.290404349565506,0.31868648529052734,0.028282135725021362,0.028282135725021362,0.47261476516723633,-0.012407111003994942,0.3632495403289795
2026_08_18_00_45_28_073578_L1_right_C0,L1,C0,0.0,0.0,red,right,left,right,pick up the red block,2,pregrasp,32,48,16,0.41379310344827586,0.35036496350364965,5,8,0.3,0.7,8,0.2500617206096649,0.24452130496501923,0.24452130496501923,0.2500617206096649,0.005540415644645691,0.005540415644645691,0.47261476516723633,-0.012407111003994942,0.3632495403289795
2026_08_18_00_45_28_073578_L1_right_C0,L1,C0,0.0,0.0,red,right,left,right,pick up the red block,2,pregrasp,32,48,16,0.41379310344827586,0.35036496350364965,6,8,0.3,0.7,8,0.17243586480617523,0.14304505288600922,0.14304505288600922,0.17243586480617523,0.029390811920166016,0.029390811920166016,0.47261476516723633,-0.012407111003994942,0.3632495403289795
2026_08_18_00_45_28_073578_L1_right_C0,L1,C0,0.0,0.0,red,right,left,right,pick up the red block,2,pregrasp,32,48,16,0.41379310344827586,0.35036496350364965,7,8,0.3,0.7,8,0.20951172709465027,0.18466021120548248,0.18466021120548248,0.20951172709465027,0.024851515889167786,0.024851515889167786,0.47261476516723633,-0.012407111003994942,0.3632495403289795
2026_08_18_00_45_28_073578_L1_right_C0,L1,C0,0.0,0.0,red,right,left,right,pick up the red block,2,pregrasp,32,48,16,0.41379310344827586,0.35036496350364965,8,8,0.3,0.7,8,0.2596120238304138,0.24781981110572815,0.24781981110572815,0.2596120238304138,0.011792212724685669,0.011792212724685669,0.47261476516723633,-0.012407111003994942,0.3632495403289795
2026_08_18_00_45_28_073578_L1_right_C0,L1,C0,0.0,0.0,red,right,left,right,pick up the red block,2,pregrasp,32,48,16,0.41379310344827586,0.35036496350364965,9,8,0.3,0.7,8,0.23710693418979645,0.20320633053779602,0.20320633053779602,0.23710693418979645,0.03390060365200043,0.03390060365200043,0.47261476516723633,-0.012407111003994942,0.3632495403289795
2026_08_18_00_45_28_073578_L1_right_C0,L1,C0,0.0,0.0,red,right,left,right,pick up the red block,3,pregrasp,48,64,16,0.5517241379310345,0.46715328467153283,0,8,0.3,0.7,8,0.2118566632270813,0.19436214864253998,0.19436214864253998,0.2118566632270813,0.01749451458454132,0.01749451458454132,0.5210484862327576,-0.01958276890218258,0.31362223625183105
2026_08_18_00_45_28_073578_L1_right_C0,L1,C0,0.0,0.0,red,right,left,right,pick up the red block,3,pregrasp,48,64,16,0.5517241379310345,0.46715328467153283,1,8,0.3,0.7,8,0.25304272770881653,0.2542884945869446,0.2542884945869446,0.25304272770881653,-0.0012457668781280518,-0.0012457668781280518,0.5210484862327576,-0.01958276890218258,0.31362223625183105
2026_08_18_00_45_28_073578_L1_right_C0,L1,C0,0.0,0.0,red,right,left,right,pick up the red block,3,pregrasp,48,64,16,0.5517241379310345,0.46715328467153283,2,8,0.3,0.7,8,0.2900135815143585,0.31240126490592957,0.31240126490592957,0.2900135815143585,-0.022387683391571045,-0.022387683391571045,0.5210484862327576,-0.01958276890218258,0.31362223625183105
2026_08_18_00_45_28_073578_L1_right_C0,L1,C0,0.0,0.0,red,right,left,right,pick up the red block,3,pregrasp,48,64,16,0.5517241379310345,0.46715328467153283,3,8,0.3,0.7,8,0.25401929020881653,0.2674653232097626,0.2674653232097626,0.25401929020881653,-0.013446033000946045,-0.013446033000946045,0.5210484862327576,-0.01958276890218258,0.31362223625183105
2026_08_18_00_45_28_073578_L1_right_C0,L1,C0,0.0,0.0,red,right,left,right,pick up the red block,3,pregrasp,48,64,16,0.5517241379310345,0.46715328467153283,4,8,0.3,0.7,8,0.218230739235878,0.2342863231897354,0.2342863231897354,0.218230739235878,-0.016055583953857422,-0.016055583953857422,0.5210484862327576,-0.01958276890218258,0.31362223625183105
2026_08_18_00_45_28_073578_L1_right_C0,L1,C0,0.0,0.0,red,right,left,right,pick up the red block,3,pregrasp,48,64,16,0.5517241379310345,0.46715328467153283,5,8,0.3,0.7,8,0.2775183618068695,0.28846120834350586,0.28846120834350586,0.2775183618068695,-0.010942846536636353,-0.010942846536636353,0.5210484862327576,-0.01958276890218258,0.31362223625183105
2026_08_18_00_45_28_073578_L1_right_C0,L1,C0,0.0,0.0,red,right,left,right,pick up the red block,3,pregrasp,48,64,16,0.5517241379310345,0.46715328467153283,6,8,0.3,0.7,8,0.21447880566120148,0.2251092493534088,0.2251092493534088,0.21447880566120148,-0.010630443692207336,-0.010630443692207336,0.5210484862327576,-0.01958276890218258,0.31362223625183105
2026_08_18_00_45_28_073578_L1_right_C0,L1,C0,0.0,0.0,red,right,left,right,pick up the red block,3,pregrasp,48,64,16,0.5517241379310345,0.46715328467153283,7,8,0.3,0.7,8,0.2657283544540405,0.27732905745506287,0.27732905745506287,0.2657283544540405,-0.011600703001022339,-0.011600703001022339,0.5210484862327576,-0.01958276890218258,0.31362223625183105
2026_08_18_00_45_28_073578_L1_right_C0,L1,C0,0.0,0.0,red,right,left,right,pick up the red block,3,pregrasp,48,64,16,0.5517241379310345,0.46715328467153283,8,8,0.3,0.7,8,0.24459673464298248,0.25990015268325806,0.25990015268325806,0.24459673464298248,-0.015303418040275574,-0.015303418040275574,0.5210484862327576,-0.01958276890218258,0.31362223625183105
2026_08_18_00_45_28_073578_L1_right_C0,L1,C0,0.0,0.0,red,right,left,right,pick up the red block,3,pregrasp,48,64,16,0.5517241379310345,0.46715328467153283,9,8,0.3,0.7,8,0.2425842136144638,0.25375252962112427,0.25375252962112427,0.2425842136144638,-0.011168316006660461,-0.011168316006660461,0.5210484862327576,-0.01958276890218258,0.31362223625183105
2026_08_18_00_45_28_073578_L1_right_C0,L1,C0,0.0,0.0,red,right,left,right,pick up the red block,4,pregrasp,64,80,16,0.6896551724137931,0.583941605839416,0,8,0.3,0.7,8,0.22130069136619568,0.19554363191127777,0.19554363191127777,0.22130069136619568,0.025757059454917908,0.025757059454917908,0.569607675075531,-0.027412086725234985,0.2638426423072815
2026_08_18_00_45_28_073578_L1_right_C0,L1,C0,0.0,0.0,red,right,left,right,pick up the red block,4,pregrasp,64,80,16,0.6896551724137931,0.583941605839416,1,8,0.3,0.7,8,0.24847611784934998,0.23280444741249084,0.23280444741249084,0.24847611784934998,0.01567167043685913,0.01567167043685913,0.569607675075531,-0.027412086725234985,0.2638426423072815
2026_08_18_00_45_28_073578_L1_right_C0,L1,C0,0.0,0.0,red,right,left,right,pick up the red block,4,pregrasp,64,80,16,0.6896551724137931,0.583941605839416,2,8,0.3,0.7,8,0.3596547544002533,0.333821564912796,0.333821564912796,0.3596547544002533,0.025833189487457275,0.025833189487457275,0.569607675075531,-0.027412086725234985,0.2638426423072815
2026_08_18_00_45_28_073578_L1_right_C0,L1,C0,0.0,0.0,red,right,left,right,pick up the red block,4,pregrasp,64,80,16,0.6896551724137931,0.583941605839416,3,8,0.3,0.7,8,0.33546343445777893,0.3157811760902405,0.3157811760902405,0.33546343445777893,0.019682258367538452,0.019682258367538452,0.569607675075531,-0.027412086725234985,0.2638426423072815
2026_08_18_00_45_28_073578_L1_right_C0,L1,C0,0.0,0.0,red,right,left,right,pick up the red block,4,pregrasp,64,80,16,0.6896551724137931,0.583941605839416,4,8,0.3,0.7,8,0.14957579970359802,0.12085529416799545,0.12085529416799545,0.14957579970359802,0.02872050553560257,0.02872050553560257,0.569607675075531,-0.027412086725234985,0.2638426423072815
2026_08_18_00_45_28_073578_L1_right_C0,L1,C0,0.0,0.0,red,right,left,right,pick up the red block,4,pregrasp,64,80,16,0.6896551724137931,0.583941605839416,5,8,0.3,0.7,8,0.21616458892822266,0.195720374584198,0.195720374584198,0.21616458892822266,0.020444214344024658,0.020444214344024658,0.569607675075531,-0.027412086725234985,0.2638426423072815
2026_08_18_00_45_28_073578_L1_right_C0,L1,C0,0.0,0.0,red,right,left,right,pick up the red block,4,pregrasp,64,80,16,0.6896551724137931,0.583941605839416,6,8,0.3,0.7,8,0.2753966748714447,0.2588180601596832,0.2588180601596832,0.2753966748714447,0.016578614711761475,0.016578614711761475,0.569607675075531,-0.027412086725234985,0.2638426423072815
2026_08_18_00_45_28_073578_L1_right_C0,L1,C0,0.0,0.0,red,right,left,right,pick up the red block,4,pregrasp,64,80,16,0.6896551724137931,0.583941605839416,7,8,0.3,0.7,8,0.2330533117055893,0.20471765100955963,0.20471765100955963,0.2330533117055893,0.028335660696029663,0.028335660696029663,0.569607675075531,-0.027412086725234985,0.2638426423072815
2026_08_18_00_45_28_073578_L1_right_C0,L1,C0,0.0,0.0,red,right,left,right,pick up the red block,4,pregrasp,64,80,16,0.6896551724137931,0.583941605839416,8,8,0.3,0.7,8,0.20720236003398895,0.16649040579795837,0.16649040579795837,0.20720236003398895,0.04071195423603058,0.04071195423603058,0.569607675075531,-0.027412086725234985,0.2638426423072815
2026_08_18_00_45_28_073578_L1_right_C0,L1,C0,0.0,0.0,red,right,left,right,pick up the red block,4,pregrasp,64,80,16,0.6896551724137931,0.583941605839416,9,8,0.3,0.7,8,0.2563105821609497,0.2432083636522293,0.2432083636522293,0.2563105821609497,0.013102218508720398,0.013102218508720398,0.569607675075531,-0.027412086725234985,0.2638426423072815
2026_08_18_00_45_28_073578_L1_right_C0,L1,C0,0.0,0.0,red,right,left,right,pick up the red block,5,pregrasp,80,96,16,0.8275862068965517,0.7007299270072993,0,8,0.3,0.7,8,0.3824017345905304,0.33028149604797363,0.33028149604797363,0.3824017345905304,0.05212023854255676,0.05212023854255676,0.6180645823478699,-0.036204639822244644,0.21442626416683197
2026_08_18_00_45_28_073578_L1_right_C0,L1,C0,0.0,0.0,red,right,left,right,pick up the red block,5,pregrasp,80,96,16,0.8275862068965517,0.7007299270072993,1,8,0.3,0.7,8,0.30703115463256836,0.27222195267677307,0.27222195267677307,0.30703115463256836,0.03480920195579529,0.03480920195579529,0.6180645823478699,-0.036204639822244644,0.21442626416683197
2026_08_18_00_45_28_073578_L1_right_C0,L1,C0,0.0,0.0,red,right,left,right,pick up the red block,5,pregrasp,80,96,16,0.8275862068965517,0.7007299270072993,2,8,0.3,0.7,8,0.3222203552722931,0.28920263051986694,0.28920263051986694,0.3222203552722931,0.03301772475242615,0.03301772475242615,0.6180645823478699,-0.036204639822244644,0.21442626416683197
2026_08_18_00_45_28_073578_L1_right_C0,L1,C0,0.0,0.0,red,right,left,right,pick up the red block,5,pregrasp,80,96,16,0.8275862068965517,0.7007299270072993,3,8,0.3,0.7,8,0.424553781747818,0.37327146530151367,0.37327146530151367,0.424553781747818,0.05128231644630432,0.05128231644630432,0.6180645823478699,-0.036204639822244644,0.21442626416683197
2026_08_18_00_45_28_073578_L1_right_C0,L1,C0,0.0,0.0,red,right,left,right,pick up the red block,5,pregrasp,80,96,16,0.8275862068965517,0.7007299270072993,4,8,0.3,0.7,8,0.2827010154724121,0.2414868175983429,0.2414868175983429,0.2827010154724121,0.041214197874069214,0.041214197874069214,0.6180645823478699,-0.036204639822244644,0.21442626416683197
2026_08_18_00_45_28_073578_L1_right_C0,L1,C0,0.0,0.0,red,right,left,right,pick up the red block,5,pregrasp,80,96,16,0.8275862068965517,0.7007299270072993,5,8,0.3,0.7,8,0.31263643503189087,0.27710631489753723,0.27710631489753723,0.31263643503189087,0.03553012013435364,0.03553012013435364,0.6180645823478699,-0.036204639822244644,0.21442626416683197
2026_08_18_00_45_28_073578_L1_right_C0,L1,C0,0.0,0.0,red,right,left,right,pick up the red block,5,pregrasp,80,96,16,0.8275862068965517,0.7007299270072993,6,8,0.3,0.7,8,0.2739270329475403,0.23551113903522491,0.23551113903522491,0.2739270329475403,0.03841589391231537,0.03841589391231537,0.6180645823478699,-0.036204639822244644,0.21442626416683197
2026_08_18_00_45_28_073578_L1_right_C0,L1,C0,0.0,0.0,red,right,left,right,pick up the red block,5,pregrasp,80,96,16,0.8275862068965517,0.7007299270072993,7,8,0.3,0.7,8,0.31741592288017273,0.2809808552265167,0.2809808552265167,0.31741592288017273,0.036435067653656006,0.036435067653656006,0.6180645823478699,-0.036204639822244644,0.21442626416683197
2026_08_18_00_45_28_073578_L1_right_C0,L1,C0,0.0,0.0,red,right,left,right,pick up the red block,5,pregrasp,80,96,16,0.8275862068965517,0.7007299270072993,8,8,0.3,0.7,8,0.33964404463768005,0.30772221088409424,0.30772221088409424,0.33964404463768005,0.031921833753585815,0.031921833753585815,0.6180645823478699,-0.036204639822244644,0.21442626416683197
2026_08_18_00_45_28_073578_L1_right_C0,L1,C0,0.0,0.0,red,right,left,right,pick up the red block,5,pregrasp,80,96,16,0.8275862068965517,0.7007299270072993,9,8,0.3,0.7,8,0.3006552755832672,0.26142969727516174,0.26142969727516174,0.3006552755832672,0.03922557830810547,0.03922557830810547,0.6180645823478699,-0.036204639822244644,0.21442626416683197
2026_08_18_00_45_28_073578_L1_right_C0,L1,C0,0.0,0.0,red,right,left,right,pick up the red block,6,pregrasp,96,112,16,0.9655172413793104,0.8175182481751825,0,8,0.3,0.7,8,0.23319076001644135,0.22492936253547668,0.22492936253547668,0.23319076001644135,0.00826139748096466,0.00826139748096466,0.6416376829147339,-0.03995240107178688,0.18963845074176788
2026_08_18_00_45_28_073578_L1_right_C0,L1,C0,0.0,0.0,red,right,left,right,pick up the red block,6,pregrasp,96,112,16,0.9655172413793104,0.8175182481751825,1,8,0.3,0.7,8,0.2214302122592926,0.21218468248844147,0.21218468248844147,0.2214302122592926,0.009245529770851135,0.009245529770851135,0.6416376829147339,-0.03995240107178688,0.18963845074176788
2026_08_18_00_45_28_073578_L1_right_C0,L1,C0,0.0,0.0,red,right,left,right,pick up the red block,6,pregrasp,96,112,16,0.9655172413793104,0.8175182481751825,2,8,0.3,0.7,8,0.23263028264045715,0.2049209624528885,0.2049209624528885,0.23263028264045715,0.027709320187568665,0.027709320187568665,0.6416376829147339,-0.03995240107178688,0.18963845074176788
2026_08_18_00_45_28_073578_L1_right_C0,L1,C0,0.0,0.0,red,right,left,right,pick up the red block,6,pregrasp,96,112,16,0.9655172413793104,0.8175182481751825,3,8,0.3,0.7,8,0.17512193322181702,0.16195480525493622,0.16195480525493622,0.17512193322181702,0.013167127966880798,0.013167127966880798,0.6416376829147339,-0.03995240107178688,0.18963845074176788
2026_08_18_00_45_28_073578_L1_right_C0,L1,C0,0.0,0.0,red,right,left,right,pick up the red block,6,pregrasp,96,112,16,0.9655172413793104,0.8175182481751825,4,8,0.3,0.7,8,0.12169510126113892,0.1056627482175827,0.1056627482175827,0.12169510126113892,0.016032353043556213,0.016032353043556213,0.6416376829147339,-0.03995240107178688,0.18963845074176788
2026_08_18_00_45_28_073578_L1_right_C0,L1,C0,0.0,0.0,red,right,left,right,pick up the red block,6,pregrasp,96,112,16,0.9655172413793104,0.8175182481751825,5,8,0.3,0.7,8,0.21699748933315277,0.20353862643241882,0.20353862643241882,0.21699748933315277,0.013458862900733948,0.013458862900733948,0.6416376829147339,-0.03995240107178688,0.18963845074176788
2026_08_18_00_45_28_073578_L1_right_C0,L1,C0,0.0,0.0,red,right,left,right,pick up the red block,6,pregrasp,96,112,16,0.9655172413793104,0.8175182481751825,6,8,0.3,0.7,8,0.25348231196403503,0.23917190730571747,0.23917190730571747,0.25348231196403503,0.014310404658317566,0.014310404658317566,0.6416376829147339,-0.03995240107178688,0.18963845074176788
2026_08_18_00_45_28_073578_L1_right_C0,L1,C0,0.0,0.0,red,right,left,right,pick up the red block,6,pregrasp,96,112,16,0.9655172413793104,0.8175182481751825,7,8,0.3,0.7,8,0.19725950062274933,0.18155525624752045,0.18155525624752045,0.19725950062274933,0.015704244375228882,0.015704244375228882,0.6416376829147339,-0.03995240107178688,0.18963845074176788
2026_08_18_00_45_28_073578_L1_right_C0,L1,C0,0.0,0.0,red,right,left,right,pick up the red block,6,pregrasp,96,112,16,0.9655172413793104,0.8175182481751825,8,8,0.3,0.7,8,0.256234347820282,0.24217447638511658,0.24217447638511658,0.256234347820282,0.014059871435165405,0.014059871435165405,0.6416376829147339,-0.03995240107178688,0.18963845074176788
2026_08_18_00_45_28_073578_L1_right_C0,L1,C0,0.0,0.0,red,right,left,right,pick up the red block,6,pregrasp,96,112,16,0.9655172413793104,0.8175182481751825,9,8,0.3,0.7,8,0.24357804656028748,0.22544144093990326,0.22544144093990326,0.24357804656028748,0.018136605620384216,0.018136605620384216,0.6416376829147339,-0.03995240107178688,0.18963845074176788
2026_08_18_00_45_28_073578_L1_right_C0,L1,C0,0.0,0.0,red,right,left,right,pick up the red block,7,pregrasp,112,116,4,1.0,0.8467153284671532,0,8,0.3,0.7,8,0.33364418148994446,0.27975884079933167,0.27975884079933167,0.33364418148994446,0.05388534069061279,0.05388534069061279,0.6416584253311157,-0.03996574133634567,0.18965685367584229
2026_08_18_00_45_28_073578_L1_right_C0,L1,C0,0.0,0.0,red,right,left,right,pick up the red block,7,pregrasp,112,116,4,1.0,0.8467153284671532,1,8,0.3,0.7,8,0.3187873661518097,0.2470836490392685,0.2470836490392685,0.3187873661518097,0.0717037171125412,0.0717037171125412,0.6416584253311157,-0.03996574133634567,0.18965685367584229
2026_08_18_00_45_28_073578_L1_right_C0,L1,C0,0.0,0.0,red,right,left,right,pick up the red block,7,pregrasp,112,116,4,1.0,0.8467153284671532,2,8,0.3,0.7,8,0.2929324507713318,0.21364805102348328,0.21364805102348328,0.2929324507713318,0.07928439974784851,0.07928439974784851,0.6416584253311157,-0.03996574133634567,0.18965685367584229
2026_08_18_00_45_28_073578_L1_right_C0,L1,C0,0.0,0.0,red,right,left,right,pick up the red block,7,pregrasp,112,116,4,1.0,0.8467153284671532,3,8,0.3,0.7,8,0.2683747410774231,0.2297767549753189,0.2297767549753189,0.2683747410774231,0.03859798610210419,0.03859798610210419,0.6416584253311157,-0.03996574133634567,0.18965685367584229
2026_08_18_00_45_28_073578_L1_right_C0,L1,C0,0.0,0.0,red,right,left,right,pick up the red block,7,pregrasp,112,116,4,1.0,0.8467153284671532,4,8,0.3,0.7,8,0.28777268528938293,0.24422702193260193,0.24422702193260193,0.28777268528938293,0.043545663356781006,0.043545663356781006,0.6416584253311157,-0.03996574133634567,0.18965685367584229
2026_08_18_00_45_28_073578_L1_right_C0,L1,C0,0.0,0.0,red,right,left,right,pick up the red block,7,pregrasp,112,116,4,1.0,0.8467153284671532,5,8,0.3,0.7,8,0.26576271653175354,0.1892678439617157,0.1892678439617157,0.26576271653175354,0.07649487257003784,0.07649487257003784,0.6416584253311157,-0.03996574133634567,0.18965685367584229
2026_08_18_00_45_28_073578_L1_right_C0,L1,C0,0.0,0.0,red,right,left,right,pick up the red block,7,pregrasp,112,116,4,1.0,0.8467153284671532,6,8,0.3,0.7,8,0.2507266700267792,0.1767139434814453,0.1767139434814453,0.2507266700267792,0.07401272654533386,0.07401272654533386,0.6416584253311157,-0.03996574133634567,0.18965685367584229
2026_08_18_00_45_28_073578_L1_right_C0,L1,C0,0.0,0.0,red,right,left,right,pick up the red block,7,pregrasp,112,116,4,1.0,0.8467153284671532,7,8,0.3,0.7,8,0.2232757806777954,0.14382432401180267,0.14382432401180267,0.2232757806777954,0.07945145666599274,0.07945145666599274,0.6416584253311157,-0.03996574133634567,0.18965685367584229
2026_08_18_00_45_28_073578_L1_right_C0,L1,C0,0.0,0.0,red,right,left,right,pick up the red block,7,pregrasp,112,116,4,1.0,0.8467153284671532,8,8,0.3,0.7,8,0.20830053091049194,0.14505444467067719,0.14505444467067719,0.20830053091049194,0.06324608623981476,0.06324608623981476,0.6416584253311157,-0.03996574133634567,0.18965685367584229
2026_08_18_00_45_28_073578_L1_right_C0,L1,C0,0.0,0.0,red,right,left,right,pick up the red block,7,pregrasp,112,116,4,1.0,0.8467153284671532,9,8,0.3,0.7,8,0.21072204411029816,0.1414310485124588,0.1414310485124588,0.21072204411029816,0.06929099559783936,0.06929099559783936,0.6416584253311157,-0.03996574133634567,0.18965685367584229
2026_08_18_00_45_28_073578_L1_right_C0,L1,C0,0.0,0.0,red,right,left,right,pick up the red block,8,postgrasp,116,132,16,1.0,0.9635036496350365,0,8,0.3,0.7,8,0.3391108512878418,0.3150145709514618,0.3150145709514618,0.3391108512878418,0.024096280336380005,0.024096280336380005,0.6421687006950378,-0.039915841072797775,0.1901026964187622
2026_08_18_00_45_28_073578_L1_right_C0,L1,C0,0.0,0.0,red,right,left,right,pick up the red block,8,postgrasp,116,132,16,1.0,0.9635036496350365,1,8,0.3,0.7,8,0.4535689353942871,0.4126017093658447,0.4126017093658447,0.4535689353942871,0.04096722602844238,0.04096722602844238,0.6421687006950378,-0.039915841072797775,0.1901026964187622
2026_08_18_00_45_28_073578_L1_right_C0,L1,C0,0.0,0.0,red,right,left,right,pick up the red block,8,postgrasp,116,132,16,1.0,0.9635036496350365,2,8,0.3,0.7,8,0.34217411279678345,0.32949262857437134,0.32949262857437134,0.34217411279678345,0.01268148422241211,0.01268148422241211,0.6421687006950378,-0.039915841072797775,0.1901026964187622
2026_08_18_00_45_28_073578_L1_right_C0,L1,C0,0.0,0.0,red,right,left,right,pick up the red block,8,postgrasp,116,132,16,1.0,0.9635036496350365,3,8,0.3,0.7,8,0.3648020625114441,0.3315719664096832,0.3315719664096832,0.3648020625114441,0.033230096101760864,0.033230096101760864,0.6421687006950378,-0.039915841072797775,0.1901026964187622
2026_08_18_00_45_28_073578_L1_right_C0,L1,C0,0.0,0.0,red,right,left,right,pick up the red block,8,postgrasp,116,132,16,1.0,0.9635036496350365,4,8,0.3,0.7,8,0.3139239251613617,0.2930605709552765,0.2930605709552765,0.3139239251613617,0.020863354206085205,0.020863354206085205,0.6421687006950378,-0.039915841072797775,0.1901026964187622
2026_08_18_00_45_28_073578_L1_right_C0,L1,C0,0.0,0.0,red,right,left,right,pick up the red block,8,postgrasp,116,132,16,1.0,0.9635036496350365,5,8,0.3,0.7,8,0.3839307725429535,0.345441609621048,0.345441609621048,0.3839307725429535,0.03848916292190552,0.03848916292190552,0.6421687006950378,-0.039915841072797775,0.1901026964187622
2026_08_18_00_45_28_073578_L1_right_C0,L1,C0,0.0,0.0,red,right,left,right,pick up the red block,8,postgrasp,116,132,16,1.0,0.9635036496350365,6,8,0.3,0.7,8,0.3937413692474365,0.37750399112701416,0.37750399112701416,0.3937413692474365,0.016237378120422363,0.016237378120422363,0.6421687006950378,-0.039915841072797775,0.1901026964187622
2026_08_18_00_45_28_073578_L1_right_C0,L1,C0,0.0,0.0,red,right,left,right,pick up the red block,8,postgrasp,116,132,16,1.0,0.9635036496350365,7,8,0.3,0.7,8,0.30919864773750305,0.28234246373176575,0.28234246373176575,0.30919864773750305,0.026856184005737305,0.026856184005737305,0.6421687006950378,-0.039915841072797775,0.1901026964187622
2026_08_18_00_45_28_073578_L1_right_C0,L1,C0,0.0,0.0,red,right,left,right,pick up the red block,8,postgrasp,116,132,16,1.0,0.9635036496350365,8,8,0.3,0.7,8,0.3127070665359497,0.28330591320991516,0.28330591320991516,0.3127070665359497,0.029401153326034546,0.029401153326034546,0.6421687006950378,-0.039915841072797775,0.1901026964187622
2026_08_18_00_45_28_073578_L1_right_C0,L1,C0,0.0,0.0,red,right,left,right,pick up the red block,8,postgrasp,116,132,16,1.0,0.9635036496350365,9,8,0.3,0.7,8,0.4207667410373688,0.3723503053188324,0.3723503053188324,0.4207667410373688,0.04841643571853638,0.04841643571853638,0.6421687006950378,-0.039915841072797775,0.1901026964187622
2026_08_18_00_45_28_073578_L1_right_C0,L1,C0,0.0,0.0,red,right,left,right,pick up the red block,9,postgrasp,132,137,5,1.0,1.0,0,8,0.3,0.7,8,0.4529377818107605,0.4025726616382599,0.4025726616382599,0.4529377818107605,0.05036512017250061,0.05036512017250061,0.6421684622764587,-0.03992612287402153,0.1901024580001831
2026_08_18_00_45_28_073578_L1_right_C0,L1,C0,0.0,0.0,red,right,left,right,pick up the red block,9,postgrasp,132,137,5,1.0,1.0,1,8,0.3,0.7,8,0.39197638630867004,0.32706594467163086,0.32706594467163086,0.39197638630867004,0.06491044163703918,0.06491044163703918,0.6421684622764587,-0.03992612287402153,0.1901024580001831
2026_08_18_00_45_28_073578_L1_right_C0,L1,C0,0.0,0.0,red,right,left,right,pick up the red block,9,postgrasp,132,137,5,1.0,1.0,2,8,0.3,0.7,8,0.3939162492752075,0.35840392112731934,0.35840392112731934,0.3939162492752075,0.035512328147888184,0.035512328147888184,0.6421684622764587,-0.03992612287402153,0.1901024580001831
2026_08_18_00_45_28_073578_L1_right_C0,L1,C0,0.0,0.0,red,right,left,right,pick up the red block,9,postgrasp,132,137,5,1.0,1.0,3,8,0.3,0.7,8,0.3604862093925476,0.31407657265663147,0.31407657265663147,0.3604862093925476,0.04640963673591614,0.04640963673591614,0.6421684622764587,-0.03992612287402153,0.1901024580001831
2026_08_18_00_45_28_073578_L1_right_C0,L1,C0,0.0,0.0,red,right,left,right,pick up the red block,9,postgrasp,132,137,5,1.0,1.0,4,8,0.3,0.7,8,0.3884737193584442,0.3382774293422699,0.3382774293422699,0.3884737193584442,0.050196290016174316,0.050196290016174316,0.6421684622764587,-0.03992612287402153,0.1901024580001831
2026_08_18_00_45_28_073578_L1_right_C0,L1,C0,0.0,0.0,red,right,left,right,pick up the red block,9,postgrasp,132,137,5,1.0,1.0,5,8,0.3,0.7,8,0.3750596046447754,0.33038634061813354,0.33038634061813354,0.3750596046447754,0.044673264026641846,0.044673264026641846,0.6421684622764587,-0.03992612287402153,0.1901024580001831
2026_08_18_00_45_28_073578_L1_right_C0,L1,C0,0.0,0.0,red,right,left,right,pick up the red block,9,postgrasp,132,137,5,1.0,1.0,6,8,0.3,0.7,8,0.34310001134872437,0.29108312726020813,0.29108312726020813,0.34310001134872437,0.052016884088516235,0.052016884088516235,0.6421684622764587,-0.03992612287402153,0.1901024580001831
2026_08_18_00_45_28_073578_L1_right_C0,L1,C0,0.0,0.0,red,right,left,right,pick up the red block,9,postgrasp,132,137,5,1.0,1.0,7,8,0.3,0.7,8,0.2906266152858734,0.26620006561279297,0.26620006561279297,0.2906266152858734,0.024426549673080444,0.024426549673080444,0.6421684622764587,-0.03992612287402153,0.1901024580001831
2026_08_18_00_45_28_073578_L1_right_C0,L1,C0,0.0,0.0,red,right,left,right,pick up the red block,9,postgrasp,132,137,5,1.0,1.0,8,8,0.3,0.7,8,0.31075048446655273,0.28038936853408813,0.28038936853408813,0.31075048446655273,0.0303611159324646,0.0303611159324646,0.6421684622764587,-0.03992612287402153,0.1901024580001831
2026_08_18_00_45_28_073578_L1_right_C0,L1,C0,0.0,0.0,red,right,left,right,pick up the red block,9,postgrasp,132,137,5,1.0,1.0,9,8,0.3,0.7,8,0.34208741784095764,0.3121125102043152,0.3121125102043152,0.34208741784095764,0.029974907636642456,0.029974907636642456,0.6421684622764587,-0.03992612287402153,0.1901024580001831
2026_08_18_00_45_56_961481_L1_right_C1,L1,C1,2.0,0.1694548757406934,red,right,left,right,pick up the red block,0,pregrasp,0,16,16,0.125,0.10738255033557047,0,8,0.3,0.7,8,0.3817899823188782,0.41104888916015625,0.41104888916015625,0.3817899823188782,-0.029258906841278076,-0.029258906841278076,0.37176749110221863,-0.025389662012457848,0.4780493378639221
2026_08_18_00_45_56_961481_L1_right_C1,L1,C1,2.0,0.1694548757406934,red,right,left,right,pick up the red block,0,pregrasp,0,16,16,0.125,0.10738255033557047,1,8,0.3,0.7,8,0.3506729006767273,0.41034483909606934,0.41034483909606934,0.3506729006767273,-0.05967193841934204,-0.05967193841934204,0.37176749110221863,-0.025389662012457848,0.4780493378639221
2026_08_18_00_45_56_961481_L1_right_C1,L1,C1,2.0,0.1694548757406934,red,right,left,right,pick up the red block,0,pregrasp,0,16,16,0.125,0.10738255033557047,2,8,0.3,0.7,8,0.2055867612361908,0.28555575013160706,0.28555575013160706,0.2055867612361908,-0.07996898889541626,-0.07996898889541626,0.37176749110221863,-0.025389662012457848,0.4780493378639221
2026_08_18_00_45_56_961481_L1_right_C1,L1,C1,2.0,0.1694548757406934,red,right,left,right,pick up the red block,0,pregrasp,0,16,16,0.125,0.10738255033557047,3,8,0.3,0.7,8,0.40817755460739136,0.4198653995990753,0.4198653995990753,0.40817755460739136,-0.01168784499168396,-0.01168784499168396,0.37176749110221863,-0.025389662012457848,0.4780493378639221
2026_08_18_00_45_56_961481_L1_right_C1,L1,C1,2.0,0.1694548757406934,red,right,left,right,pick up the red block,0,pregrasp,0,16,16,0.125,0.10738255033557047,4,8,0.3,0.7,8,0.27336782217025757,0.33179032802581787,0.33179032802581787,0.27336782217025757,-0.0584225058555603,-0.0584225058555603,0.37176749110221863,-0.025389662012457848,0.4780493378639221
2026_08_18_00_45_56_961481_L1_right_C1,L1,C1,2.0,0.1694548757406934,red,right,left,right,pick up the red block,0,pregrasp,0,16,16,0.125,0.10738255033557047,5,8,0.3,0.7,8,0.32945021986961365,0.37068843841552734,0.37068843841552734,0.32945021986961365,-0.041238218545913696,-0.041238218545913696,0.37176749110221863,-0.025389662012457848,0.4780493378639221
2026_08_18_00_45_56_961481_L1_right_C1,L1,C1,2.0,0.1694548757406934,red,right,left,right,pick up the red block,0,pregrasp,0,16,16,0.125,0.10738255033557047,6,8,0.3,0.7,8,0.26732003688812256,0.30890947580337524,0.30890947580337524,0.26732003688812256,-0.041589438915252686,-0.041589438915252686,0.37176749110221863,-0.025389662012457848,0.4780493378639221
2026_08_18_00_45_56_961481_L1_right_C1,L1,C1,2.0,0.1694548757406934,red,right,left,right,pick up the red block,0,pregrasp,0,16,16,0.125,0.10738255033557047,7,8,0.3,0.7,8,0.2766759395599365,0.31805121898651123,0.31805121898651123,0.2766759395599365,-0.04137527942657471,-0.04137527942657471,0.37176749110221863,-0.025389662012457848,0.4780493378639221
2026_08_18_00_45_56_961481_L1_right_C1,L1,C1,2.0,0.1694548757406934,red,right,left,right,pick up the red block,0,pregrasp,0,16,16,0.125,0.10738255033557047,8,8,0.3,0.7,8,0.27092576026916504,0.3439437448978424,0.3439437448978424,0.27092576026916504,-0.07301798462867737,-0.07301798462867737,0.37176749110221863,-0.025389662012457848,0.4780493378639221
2026_08_18_00_45_56_961481_L1_right_C1,L1,C1,2.0,0.1694548757406934,red,right,left,right,pick up the red block,0,pregrasp,0,16,16,0.125,0.10738255033557047,9,8,0.3,0.7,8,0.24191220104694366,0.28170478343963623,0.28170478343963623,0.24191220104694366,-0.039792582392692566,-0.039792582392692566,0.37176749110221863,-0.025389662012457848,0.4780493378639221
2026_08_18_00_45_56_961481_L1_right_C1,L1,C1,2.0,0.1694548757406934,red,right,left,right,pick up the red block,1,pregrasp,16,32,16,0.25,0.21476510067114093,0,8,0.3,0.7,8,0.32028302550315857,0.29358434677124023,0.29358434677124023,0.32028302550315857,0.026698678731918335,0.026698678731918335,0.4009931981563568,-0.0735330581665039,0.4381452202796936
2026_08_18_00_45_56_961481_L1_right_C1,L1,C1,2.0,0.1694548757406934,red,right,left,right,pick up the red block,1,pregrasp,16,32,16,0.25,0.21476510067114093,1,8,0.3,0.7,8,0.3423733711242676,0.34879183769226074,0.34879183769226074,0.3423733711242676,-0.006418466567993164,-0.006418466567993164,0.4009931981563568,-0.0735330581665039,0.4381452202796936
2026_08_18_00_45_56_961481_L1_right_C1,L1,C1,2.0,0.1694548757406934,red,right,left,right,pick up the red block,1,pregrasp,16,32,16,0.25,0.21476510067114093,2,8,0.3,0.7,8,0.3952696621417999,0.38904082775115967,0.38904082775115967,0.3952696621417999,0.006228834390640259,0.006228834390640259,0.4009931981563568,-0.0735330581665039,0.4381452202796936
2026_08_18_00_45_56_961481_L1_right_C1,L1,C1,2.0,0.1694548757406934,red,right,left,right,pick up the red block,1,pregrasp,16,32,16,0.25,0.21476510067114093,3,8,0.3,0.7,8,0.22931616008281708,0.22812213003635406,0.22812213003635406,0.22931616008281708,0.0011940300464630127,0.0011940300464630127,0.4009931981563568,-0.0735330581665039,0.4381452202796936
2026_08_18_00_45_56_961481_L1_right_C1,L1,C1,2.0,0.1694548757406934,red,right,left,right,pick up the red block,1,pregrasp,16,32,16,0.25,0.21476510067114093,4,8,0.3,0.7,8,0.3909238874912262,0.35998740792274475,0.35998740792274475,0.3909238874912262,0.030936479568481445,0.030936479568481445,0.4009931981563568,-0.0735330581665039,0.4381452202796936
2026_08_18_00_45_56_961481_L1_right_C1,L1,C1,2.0,0.1694548757406934,red,right,left,right,pick up the red block,1,pregrasp,16,32,16,0.25,0.21476510067114093,5,8,0.3,0.7,8,0.4015507102012634,0.3725030720233917,0.3725030720233917,0.4015507102012634,0.029047638177871704,0.029047638177871704,0.4009931981563568,-0.0735330581665039,0.4381452202796936
2026_08_18_00_45_56_961481_L1_right_C1,L1,C1,2.0,0.1694548757406934,red,right,left,right,pick up the red block,1,pregrasp,16,32,16,0.25,0.21476510067114093,6,8,0.3,0.7,8,0.3493497371673584,0.30261048674583435,0.30261048674583435,0.3493497371673584,0.04673925042152405,0.04673925042152405,0.4009931981563568,-0.0735330581665039,0.4381452202796936
2026_08_18_00_45_56_961481_L1_right_C1,L1,C1,2.0,0.1694548757406934,red,right,left,right,pick up the red block,1,pregrasp,16,32,16,0.25,0.21476510067114093,7,8,0.3,0.7,8,0.283721923828125,0.2807116210460663,0.2807116210460663,0.283721923828125,0.003010302782058716,0.003010302782058716,0.4009931981563568,-0.0735330581665039,0.4381452202796936
2026_08_18_00_45_56_961481_L1_right_C1,L1,C1,2.0,0.1694548757406934,red,right,left,right,pick up the red block,1,pregrasp,16,32,16,0.25,0.21476510067114093,8,8,0.3,0.7,8,0.28098174929618835,0.28155311942100525,0.28155311942100525,0.28098174929618835,-0.0005713701248168945,-0.0005713701248168945,0.4009931981563568,-0.0735330581665039,0.4381452202796936
2026_08_18_00_45_56_961481_L1_right_C1,L1,C1,2.0,0.1694548757406934,red,right,left,right,pick up the red block,1,pregrasp,16,32,16,0.25,0.21476510067114093,9,8,0.3,0.7,8,0.25364887714385986,0.27560293674468994,0.27560293674468994,0.25364887714385986,-0.021954059600830078,-0.021954059600830078,0.4009931981563568,-0.0735330581665039,0.4381452202796936
2026_08_18_00_45_56_961481_L1_right_C1,L1,C1,2.0,0.1694548757406934,red,right,left,right,pick up the red block,2,pregrasp,32,48,16,0.375,0.3221476510067114,0,8,0.3,0.7,8,0.2678404748439789,0.28842437267303467,0.28842437267303467,0.2678404748439789,-0.020583897829055786,-0.020583897829055786,0.44442063570022583,-0.10294272005558014,0.3929865062236786
2026_08_18_00_45_56_961481_L1_right_C1,L1,C1,2.0,0.1694548757406934,red,right,left,right,pick up the red block,2,pregrasp,32,48,16,0.375,0.3221476510067114,1,8,0.3,0.7,8,0.3269716501235962,0.35437074303627014,0.35437074303627014,0.3269716501235962,-0.02739909291267395,-0.02739909291267395,0.44442063570022583,-0.10294272005558014,0.3929865062236786
2026_08_18_00_45_56_961481_L1_right_C1,L1,C1,2.0,0.1694548757406934,red,right,left,right,pick up the red block,2,pregrasp,32,48,16,0.375,0.3221476510067114,2,8,0.3,0.7,8,0.23562145233154297,0.24844346940517426,0.24844346940517426,0.23562145233154297,-0.012822017073631287,-0.012822017073631287,0.44442063570022583,-0.10294272005558014,0.3929865062236786
2026_08_18_00_45_56_961481_L1_right_C1,L1,C1,2.0,0.1694548757406934,red,right,left,right,pick up the red block,2,pregrasp,32,48,16,0.375,0.3221476510067114,3,8,0.3,0.7,8,0.17930810153484344,0.18699920177459717,0.18699920177459717,0.17930810153484344,-0.007691100239753723,-0.007691100239753723,0.44442063570022583,-0.10294272005558014,0.3929865062236786
2026_08_18_00_45_56_961481_L1_right_C1,L1,C1,2.0,0.1694548757406934,red,right,left,right,pick up the red block,2,pregrasp,32,48,16,0.375,0.3221476510067114,4,8,0.3,0.7,8,0.20327112078666687,0.20940843224525452,0.20940843224525452,0.20327112078666687,-0.0061373114585876465,-0.0061373114585876465,0.44442063570022583,-0.10294272005558014,0.3929865062236786
2026_08_18_00_45_56_961481_L1_right_C1,L1,C1,2.0,0.1694548757406934,red,right,left,right,pick up the red block,2,pregrasp,32,48,16,0.375,0.3221476510067114,5,8,0.3,0.7,8,0.40206679701805115,0.42625856399536133,0.42625856399536133,0.40206679701805115,-0.02419176697731018,-0.02419176697731018,0.44442063570022583,-0.10294272005558014,0.3929865062236786
2026_08_18_00_45_56_961481_L1_right_C1,L1,C1,2.0,0.1694548757406934,red,right,left,right,pick up the red block,2,pregrasp,32,48,16,0.375,0.3221476510067114,6,8,0.3,0.7,8,0.24619391560554504,0.2618301212787628,0.2618301212787628,0.24619391560554504,-0.015636205673217773,-0.015636205673217773,0.44442063570022583,-0.10294272005558014,0.3929865062236786
2026_08_18_00_45_56_961481_L1_right_C1,L1,C1,2.0,0.1694548757406934,red,right,left,right,pick up the red block,2,pregrasp,32,48,16,0.375,0.3221476510067114,7,8,0.3,0.7,8,0.3097844123840332,0.32613012194633484,0.32613012194633484,0.3097844123840332,-0.016345709562301636,-0.016345709562301636,0.44442063570022583,-0.10294272005558014,0.3929865062236786
2026_08_18_00_45_56_961481_L1_right_C1,L1,C1,2.0,0.1694548757406934,red,right,left,right,pick up the red block,2,pregrasp,32,48,16,0.375,0.3221476510067114,8,8,0.3,0.7,8,0.30833005905151367,0.335368812084198,0.335368812084198,0.30833005905151367,-0.027038753032684326,-0.027038753032684326,0.44442063570022583,-0.10294272005558014,0.3929865062236786
2026_08_18_00_45_56_961481_L1_right_C1,L1,C1,2.0,0.1694548757406934,red,right,left,right,pick up the red block,2,pregrasp,32,48,16,0.375,0.3221476510067114,9,8,0.3,0.7,8,0.29357269406318665,0.30566301941871643,0.30566301941871643,0.29357269406318665,-0.012090325355529785,-0.012090325355529785,0.44442063570022583,-0.10294272005558014,0.3929865062236786
2026_08_18_00_45_56_961481_L1_right_C1,L1,C1,2.0,0.1694548757406934,red,right,left,right,pick up the red block,3,pregrasp,48,64,16,0.5,0.42953020134228187,0,8,0.3,0.7,8,0.23315230011940002,0.20819096267223358,0.20819096267223358,0.23315230011940002,0.024961337447166443,0.024961337447166443,0.49173206090927124,-0.11223915219306946,0.3433775007724762
2026_08_18_00_45_56_961481_L1_right_C1,L1,C1,2.0,0.1694548757406934,red,right,left,right,pick up the red block,3,pregrasp,48,64,16,0.5,0.42953020134228187,1,8,0.3,0.7,8,0.27954375743865967,0.2545047402381897,0.2545047402381897,0.27954375743865967,0.02503901720046997,0.02503901720046997,0.49173206090927124,-0.11223915219306946,0.3433775007724762
2026_08_18_00_45_56_961481_L1_right_C1,L1,C1,2.0,0.1694548757406934,red,right,left,right,pick up the red block,3,pregrasp,48,64,16,0.5,0.42953020134228187,2,8,0.3,0.7,8,0.295899897813797,0.2850284278392792,0.2850284278392792,0.295899897813797,0.010871469974517822,0.010871469974517822,0.49173206090927124,-0.11223915219306946,0.3433775007724762
2026_08_18_00_45_56_961481_L1_right_C1,L1,C1,2.0,0.1694548757406934,red,right,left,right,pick up the red block,3,pregrasp,48,64,16,0.5,0.42953020134228187,3,8,0.3,0.7,8,0.27237069606781006,0.2635323107242584,0.2635323107242584,0.27237069606781006,0.008838385343551636,0.008838385343551636,0.49173206090927124,-0.11223915219306946,0.3433775007724762
2026_08_18_00_45_56_961481_L1_right_C1,L1,C1,2.0,0.1694548757406934,red,right,left,right,pick up the red block,3,pregrasp,48,64,16,0.5,0.42953020134228187,4,8,0.3,0.7,8,0.2550439238548279,0.2253342717885971,0.2253342717885971,0.2550439238548279,0.029709652066230774,0.029709652066230774,0.49173206090927124,-0.11223915219306946,0.3433775007724762
2026_08_18_00_45_56_961481_L1_right_C1,L1,C1,2.0,0.1694548757406934,red,right,left,right,pick up the red block,3,pregrasp,48,64,16,0.5,0.42953020134228187,5,8,0.3,0.7,8,0.3411661386489868,0.3137326240539551,0.3137326240539551,0.3411661386489868,0.02743351459503174,0.02743351459503174,0.49173206090927124,-0.11223915219306946,0.3433775007724762
2026_08_18_00_45_56_961481_L1_right_C1,L1,C1,2.0,0.1694548757406934,red,right,left,right,pick up the red block,3,pregrasp,48,64,16,0.5,0.42953020134228187,6,8,0.3,0.7,8,0.27723994851112366,0.24960929155349731,0.24960929155349731,0.27723994851112366,0.027630656957626343,0.027630656957626343,0.49173206090927124,-0.11223915219306946,0.3433775007724762
2026_08_18_00_45_56_961481_L1_right_C1,L1,C1,2.0,0.1694548757406934,red,right,left,right,pick up the red block,3,pregrasp,48,64,16,0.5,0.42953020134228187,7,8,0.3,0.7,8,0.2625291645526886,0.24085986614227295,0.24085986614227295,0.2625291645526886,0.02166929841041565,0.02166929841041565,0.49173206090927124,-0.11223915219306946,0.3433775007724762
2026_08_18_00_45_56_961481_L1_right_C1,L1,C1,2.0,0.1694548757406934,red,right,left,right,pick up the red block,3,pregrasp,48,64,16,0.5,0.42953020134228187,8,8,0.3,0.7,8,0.2574669420719147,0.2355247586965561,0.2355247586965561,0.2574669420719147,0.02194218337535858,0.02194218337535858,0.49173206090927124,-0.11223915219306946,0.3433775007724762
2026_08_18_00_45_56_961481_L1_right_C1,L1,C1,2.0,0.1694548757406934,red,right,left,right,pick up the red block,3,pregrasp,48,64,16,0.5,0.42953020134228187,9,8,0.3,0.7,8,0.22609829902648926,0.20138967037200928,0.20138967037200928,0.22609829902648926,0.02470862865447998,0.02470862865447998,0.49173206090927124,-0.11223915219306946,0.3433775007724762
2026_08_18_00_45_56_961481_L1_right_C1,L1,C1,2.0,0.1694548757406934,red,right,left,right,pick up the red block,4,pregrasp,64,80,16,0.625,0.5369127516778524,0,8,0.3,0.7,8,0.33556514978408813,0.29107093811035156,0.29107093811035156,0.33556514978408813,0.04449421167373657,0.04449421167373657,0.5397832989692688,-0.10080736130475998,0.29439255595207214
2026_08_18_00_45_56_961481_L1_right_C1,L1,C1,2.0,0.1694548757406934,red,right,left,right,pick up the red block,4,pregrasp,64,80,16,0.625,0.5369127516778524,1,8,0.3,0.7,8,0.2671343982219696,0.22097156941890717,0.22097156941890717,0.2671343982219696,0.04616282880306244,0.04616282880306244,0.5397832989692688,-0.10080736130475998,0.29439255595207214
2026_08_18_00_45_56_961481_L1_right_C1,L1,C1,2.0,0.1694548757406934,red,right,left,right,pick up the red block,4,pregrasp,64,80,16,0.625,0.5369127516778524,2,8,0.3,0.7,8,0.2946068346500397,0.25009429454803467,0.25009429454803467,0.2946068346500397,0.044512540102005005,0.044512540102005005,0.5397832989692688,-0.10080736130475998,0.29439255595207214
2026_08_18_00_45_56_961481_L1_right_C1,L1,C1,2.0,0.1694548757406934,red,right,left,right,pick up the red block,4,pregrasp,64,80,16,0.625,0.5369127516778524,3,8,0.3,0.7,8,0.3883139193058014,0.32978275418281555,0.32978275418281555,0.3883139193058014,0.05853116512298584,0.05853116512298584,0.5397832989692688,-0.10080736130475998,0.29439255595207214
2026_08_18_00_45_56_961481_L1_right_C1,L1,C1,2.0,0.1694548757406934,red,right,left,right,pick up the red block,4,pregrasp,64,80,16,0.625,0.5369127516778524,4,8,0.3,0.7,8,0.2636464834213257,0.21847422420978546,0.21847422420978546,0.2636464834213257,0.04517225921154022,0.04517225921154022,0.5397832989692688,-0.10080736130475998,0.29439255595207214
2026_08_18_00_45_56_961481_L1_right_C1,L1,C1,2.0,0.1694548757406934,red,right,left,right,pick up the red block,4,pregrasp,64,80,16,0.625,0.5369127516778524,5,8,0.3,0.7,8,0.4333074688911438,0.3791884481906891,0.3791884481906891,0.4333074688911438,0.05411902070045471,0.05411902070045471,0.5397832989692688,-0.10080736130475998,0.29439255595207214
2026_08_18_00_45_56_961481_L1_right_C1,L1,C1,2.0,0.1694548757406934,red,right,left,right,pick up the red block,4,pregrasp,64,80,16,0.625,0.5369127516778524,6,8,0.3,0.7,8,0.3770431578159332,0.3197963833808899,0.3197963833808899,0.3770431578159332,0.057246774435043335,0.057246774435043335,0.5397832989692688,-0.10080736130475998,0.29439255595207214
2026_08_18_00_45_56_961481_L1_right_C1,L1,C1,2.0,0.1694548757406934,red,right,left,right,pick up the red block,4,pregrasp,64,80,16,0.625,0.5369127516778524,7,8,0.3,0.7,8,0.37566083669662476,0.3323271870613098,0.3323271870613098,0.37566083669662476,0.04333364963531494,0.04333364963531494,0.5397832989692688,-0.10080736130475998,0.29439255595207214
2026_08_18_00_45_56_961481_L1_right_C1,L1,C1,2.0,0.1694548757406934,red,right,left,right,pick up the red block,4,pregrasp,64,80,16,0.625,0.5369127516778524,8,8,0.3,0.7,8,0.3111160397529602,0.2756161689758301,0.2756161689758301,0.3111160397529602,0.03549987077713013,0.03549987077713013,0.5397832989692688,-0.10080736130475998,0.29439255595207214
2026_08_18_00_45_56_961481_L1_right_C1,L1,C1,2.0,0.1694548757406934,red,right,left,right,pick up the red block,4,pregrasp,64,80,16,0.625,0.5369127516778524,9,8,0.3,0.7,8,0.3509500026702881,0.3014005422592163,0.3014005422592163,0.3509500026702881,0.04954946041107178,0.04954946041107178,0.5397832989692688,-0.10080736130475998,0.29439255595207214
2026_08_18_00_45_56_961481_L1_right_C1,L1,C1,2.0,0.1694548757406934,red,right,left,right,pick up the red block,5,pregrasp,80,96,16,0.75,0.6442953020134228,0,8,0.3,0.7,8,0.3165290951728821,0.23433762788772583,0.23433762788772583,0.3165290951728821,0.08219146728515625,0.08219146728515625,0.5860573053359985,-0.07847654819488525,0.24711860716342926
2026_08_18_00_45_56_961481_L1_right_C1,L1,C1,2.0,0.1694548757406934,red,right,left,right,pick up the red block,5,pregrasp,80,96,16,0.75,0.6442953020134228,1,8,0.3,0.7,8,0.28517889976501465,0.2006618231534958,0.2006618231534958,0.28517889976501465,0.08451707661151886,0.08451707661151886,0.5860573053359985,-0.07847654819488525,0.24711860716342926
2026_08_18_00_45_56_961481_L1_right_C1,L1,C1,2.0,0.1694548757406934,red,right,left,right,pick up the red block,5,pregrasp,80,96,16,0.75,0.6442953020134228,2,8,0.3,0.7,8,0.2834736704826355,0.20375975966453552,0.20375975966453552,0.2834736704826355,0.07971391081809998,0.07971391081809998,0.5860573053359985,-0.07847654819488525,0.24711860716342926
2026_08_18_00_45_56_961481_L1_right_C1,L1,C1,2.0,0.1694548757406934,red,right,left,right,pick up the red block,5,pregrasp,80,96,16,0.75,0.6442953020134228,3,8,0.3,0.7,8,0.2626713216304779,0.1877697855234146,0.1877697855234146,0.2626713216304779,0.0749015361070633,0.0749015361070633,0.5860573053359985,-0.07847654819488525,0.24711860716342926
2026_08_18_00_45_56_961481_L1_right_C1,L1,C1,2.0,0.1694548757406934,red,right,left,right,pick up the red block,5,pregrasp,80,96,16,0.75,0.6442953020134228,4,8,0.3,0.7,8,0.32317042350769043,0.2387544959783554,0.2387544959783554,0.32317042350769043,0.08441592752933502,0.08441592752933502,0.5860573053359985,-0.07847654819488525,0.24711860716342926
2026_08_18_00_45_56_961481_L1_right_C1,L1,C1,2.0,0.1694548757406934,red,right,left,right,pick up the red block,5,pregrasp,80,96,16,0.75,0.6442953020134228,5,8,0.3,0.7,8,0.3971607983112335,0.3260722756385803,0.3260722756385803,0.3971607983112335,0.0710885226726532,0.0710885226726532,0.5860573053359985,-0.07847654819488525,0.24711860716342926
2026_08_18_00_45_56_961481_L1_right_C1,L1,C1,2.0,0.1694548757406934,red,right,left,right,pick up the red block,5,pregrasp,80,96,16,0.75,0.6442953020134228,6,8,0.3,0.7,8,0.35681039094924927,0.28729334473609924,0.28729334473609924,0.35681039094924927,0.06951704621315002,0.06951704621315002,0.5860573053359985,-0.07847654819488525,0.24711860716342926
2026_08_18_00_45_56_961481_L1_right_C1,L1,C1,2.0,0.1694548757406934,red,right,left,right,pick up the red block,5,pregrasp,80,96,16,0.75,0.6442953020134228,7,8,0.3,0.7,8,0.1935156136751175,0.13509826362133026,0.13509826362133026,0.1935156136751175,0.05841735005378723,0.05841735005378723,0.5860573053359985,-0.07847654819488525,0.24711860716342926
2026_08_18_00_45_56_961481_L1_right_C1,L1,C1,2.0,0.1694548757406934,red,right,left,right,pick up the red block,5,pregrasp,80,96,16,0.75,0.6442953020134228,8,8,0.3,0.7,8,0.43459436297416687,0.34320738911628723,0.34320738911628723,0.43459436297416687,0.09138697385787964,0.09138697385787964,0.5860573053359985,-0.07847654819488525,0.24711860716342926
2026_08_18_00_45_56_961481_L1_right_C1,L1,C1,2.0,0.1694548757406934,red,right,left,right,pick up the red block,5,pregrasp,80,96,16,0.75,0.6442953020134228,9,8,0.3,0.7,8,0.2501462996006012,0.1679600328207016,0.1679600328207016,0.2501462996006012,0.0821862667798996,0.0821862667798996,0.5860573053359985,-0.07847654819488525,0.24711860716342926
2026_08_18_00_45_56_961481_L1_right_C1,L1,C1,2.0,0.1694548757406934,red,right,left,right,pick up the red block,6,pregrasp,96,112,16,0.875,0.7516778523489933,0,8,0.3,0.7,8,0.37565702199935913,0.2793479859828949,0.2793479859828949,0.37565702199935913,0.09630903601646423,0.09630903601646423,0.6305427551269531,-0.05105021968483925,0.20064526796340942
2026_08_18_00_45_56_961481_L1_right_C1,L1,C1,2.0,0.1694548757406934,red,right,left,right,pick up the red block,6,pregrasp,96,112,16,0.875,0.7516778523489933,1,8,0.3,0.7,8,0.24437634646892548,0.179751917719841,0.179751917719841,0.24437634646892548,0.06462442874908447,0.06462442874908447,0.6305427551269531,-0.05105021968483925,0.20064526796340942
2026_08_18_00_45_56_961481_L1_right_C1,L1,C1,2.0,0.1694548757406934,red,right,left,right,pick up the red block,6,pregrasp,96,112,16,0.875,0.7516778523489933,2,8,0.3,0.7,8,0.3722474277019501,0.29315948486328125,0.29315948486328125,0.3722474277019501,0.07908794283866882,0.07908794283866882,0.6305427551269531,-0.05105021968483925,0.20064526796340942
2026_08_18_00_45_56_961481_L1_right_C1,L1,C1,2.0,0.1694548757406934,red,right,left,right,pick up the red block,6,pregrasp,96,112,16,0.875,0.7516778523489933,3,8,0.3,0.7,8,0.32772138714790344,0.2394610196352005,0.2394610196352005,0.32772138714790344,0.08826036751270294,0.08826036751270294,0.6305427551269531,-0.05105021968483925,0.20064526796340942
2026_08_18_00_45_56_961481_L1_right_C1,L1,C1,2.0,0.1694548757406934,red,right,left,right,pick up the red block,6,pregrasp,96,112,16,0.875,0.7516778523489933,4,8,0.3,0.7,8,0.29924458265304565,0.21381060779094696,0.21381060779094696,0.29924458265304565,0.0854339748620987,0.0854339748620987,0.6305427551269531,-0.05105021968483925,0.20064526796340942
2026_08_18_00_45_56_961481_L1_right_C1,L1,C1,2.0,0.1694548757406934,red,right,left,right,pick up the red block,6,pregrasp,96,112,16,0.875,0.7516778523489933,5,8,0.3,0.7,8,0.24421976506710052,0.16918903589248657,0.16918903589248657,0.24421976506710052,0.07503072917461395,0.07503072917461395,0.6305427551269531,-0.05105021968483925,0.20064526796340942
2026_08_18_00_45_56_961481_L1_right_C1,L1,C1,2.0,0.1694548757406934,red,right,left,right,pick up the red block,6,pregrasp,96,112,16,0.875,0.7516778523489933,6,8,0.3,0.7,8,0.18962448835372925,0.12131290137767792,0.12131290137767792,0.18962448835372925,0.06831158697605133,0.06831158697605133,0.6305427551269531,-0.05105021968483925,0.20064526796340942
2026_08_18_00_45_56_961481_L1_right_C1,L1,C1,2.0,0.1694548757406934,red,right,left,right,pick up the red block,6,pregrasp,96,112,16,0.875,0.7516778523489933,7,8,0.3,0.7,8,0.232602059841156,0.16312052309513092,0.16312052309513092,0.232602059841156,0.06948153674602509,0.06948153674602509,0.6305427551269531,-0.05105021968483925,0.20064526796340942
2026_08_18_00_45_56_961481_L1_right_C1,L1,C1,2.0,0.1694548757406934,red,right,left,right,pick up the red block,6,pregrasp,96,112,16,0.875,0.7516778523489933,8,8,0.3,0.7,8,0.3413124084472656,0.25432687997817993,0.25432687997817993,0.3413124084472656,0.0869855284690857,0.0869855284690857,0.6305427551269531,-0.05105021968483925,0.20064526796340942
2026_08_18_00_45_56_961481_L1_right_C1,L1,C1,2.0,0.1694548757406934,red,right,left,right,pick up the red block,6,pregrasp,96,112,16,0.875,0.7516778523489933,9,8,0.3,0.7,8,0.250565767288208,0.19035090506076813,0.19035090506076813,0.250565767288208,0.06021486222743988,0.06021486222743988,0.6305427551269531,-0.05105021968483925,0.20064526796340942
2026_08_18_00_45_56_961481_L1_right_C1,L1,C1,2.0,0.1694548757406934,red,right,left,right,pick up the red block,7,pregrasp,112,128,16,1.0,0.8590604026845637,0,8,0.3,0.7,8,0.2342333048582077,0.22270196676254272,0.22270196676254272,0.2342333048582077,0.011531338095664978,0.011531338095664978,0.6410517692565918,-0.04576745629310608,0.1900249719619751
2026_08_18_00_45_56_961481_L1_right_C1,L1,C1,2.0,0.1694548757406934,red,right,left,right,pick up the red block,7,pregrasp,112,128,16,1.0,0.8590604026845637,1,8,0.3,0.7,8,0.33520805835723877,0.32308146357536316,0.32308146357536316,0.33520805835723877,0.01212659478187561,0.01212659478187561,0.6410517692565918,-0.04576745629310608,0.1900249719619751
2026_08_18_00_45_56_961481_L1_right_C1,L1,C1,2.0,0.1694548757406934,red,right,left,right,pick up the red block,7,pregrasp,112,128,16,1.0,0.8590604026845637,2,8,0.3,0.7,8,0.33742690086364746,0.3147323429584503,0.3147323429584503,0.33742690086364746,0.022694557905197144,0.022694557905197144,0.6410517692565918,-0.04576745629310608,0.1900249719619751
2026_08_18_00_45_56_961481_L1_right_C1,L1,C1,2.0,0.1694548757406934,red,right,left,right,pick up the red block,7,pregrasp,112,128,16,1.0,0.8590604026845637,3,8,0.3,0.7,8,0.21072404086589813,0.19160889089107513,0.19160889089107513,0.21072404086589813,0.019115149974822998,0.019115149974822998,0.6410517692565918,-0.04576745629310608,0.1900249719619751
2026_08_18_00_45_56_961481_L1_right_C1,L1,C1,2.0,0.1694548757406934,red,right,left,right,pick up the red block,7,pregrasp,112,128,16,1.0,0.8590604026845637,4,8,0.3,0.7,8,0.19511297345161438,0.19530141353607178,0.19530141353607178,0.19511297345161438,-0.00018844008445739746,-0.00018844008445739746,0.6410517692565918,-0.04576745629310608,0.1900249719619751
2026_08_18_00_45_56_961481_L1_right_C1,L1,C1,2.0,0.1694548757406934,red,right,left,right,pick up the red block,7,pregrasp,112,128,16,1.0,0.8590604026845637,5,8,0.3,0.7,8,0.22125126421451569,0.21346063911914825,0.21346063911914825,0.22125126421451569,0.007790625095367432,0.007790625095367432,0.6410517692565918,-0.04576745629310608,0.1900249719619751
2026_08_18_00_45_56_961481_L1_right_C1,L1,C1,2.0,0.1694548757406934,red,right,left,right,pick up the red block,7,pregrasp,112,128,16,1.0,0.8590604026845637,6,8,0.3,0.7,8,0.2671886086463928,0.2698598802089691,0.2698598802089691,0.2671886086463928,-0.002671271562576294,-0.002671271562576294,0.6410517692565918,-0.04576745629310608,0.1900249719619751
2026_08_18_00_45_56_961481_L1_right_C1,L1,C1,2.0,0.1694548757406934,red,right,left,right,pick up the red block,7,pregrasp,112,128,16,1.0,0.8590604026845637,7,8,0.3,0.7,8,0.24798157811164856,0.25549575686454773,0.25549575686454773,0.24798157811164856,-0.00751417875289917,-0.00751417875289917,0.6410517692565918,-0.04576745629310608,0.1900249719619751
2026_08_18_00_45_56_961481_L1_right_C1,L1,C1,2.0,0.1694548757406934,red,right,left,right,pick up the red block,7,pregrasp,112,128,16,1.0,0.8590604026845637,8,8,0.3,0.7,8,0.18929001688957214,0.1902378797531128,0.1902378797531128,0.18929001688957214,-0.0009478628635406494,-0.0009478628635406494,0.6410517692565918,-0.04576745629310608,0.1900249719619751
2026_08_18_00_45_56_961481_L1_right_C1,L1,C1,2.0,0.1694548757406934,red,right,left,right,pick up the red block,7,pregrasp,112,128,16,1.0,0.8590604026845637,9,8,0.3,0.7,8,0.21537625789642334,0.2186965048313141,0.2186965048313141,0.21537625789642334,-0.003320246934890747,-0.003320246934890747,0.6410517692565918,-0.04576745629310608,0.1900249719619751
2026_08_18_00_45_56_961481_L1_right_C1,L1,C1,2.0,0.1694548757406934,red,right,left,right,pick up the red block,8,postgrasp,128,144,16,1.0,0.9664429530201343,0,8,0.3,0.7,8,0.33068063855171204,0.3457920551300049,0.3457920551300049,0.33068063855171204,-0.015111416578292847,-0.015111416578292847,0.641520082950592,-0.04573749750852585,0.1904522329568863
2026_08_18_00_45_56_961481_L1_right_C1,L1,C1,2.0,0.1694548757406934,red,right,left,right,pick up the red block,8,postgrasp,128,144,16,1.0,0.9664429530201343,1,8,0.3,0.7,8,0.45395463705062866,0.4728340208530426,0.4728340208530426,0.45395463705062866,-0.01887938380241394,-0.01887938380241394,0.641520082950592,-0.04573749750852585,0.1904522329568863
2026_08_18_00_45_56_961481_L1_right_C1,L1,C1,2.0,0.1694548757406934,red,right,left,right,pick up the red block,8,postgrasp,128,144,16,1.0,0.9664429530201343,2,8,0.3,0.7,8,0.39110952615737915,0.42344340682029724,0.42344340682029724,0.39110952615737915,-0.03233388066291809,-0.03233388066291809,0.641520082950592,-0.04573749750852585,0.1904522329568863
2026_08_18_00_45_56_961481_L1_right_C1,L1,C1,2.0,0.1694548757406934,red,right,left,right,pick up the red block,8,postgrasp,128,144,16,1.0,0.9664429530201343,3,8,0.3,0.7,8,0.4351162910461426,0.4435373544692993,0.4435373544692993,0.4351162910461426,-0.008421063423156738,-0.008421063423156738,0.641520082950592,-0.04573749750852585,0.1904522329568863
2026_08_18_00_45_56_961481_L1_right_C1,L1,C1,2.0,0.1694548757406934,red,right,left,right,pick up the red block,8,postgrasp,128,144,16,1.0,0.9664429530201343,4,8,0.3,0.7,8,0.34865137934684753,0.3820240795612335,0.3820240795612335,0.34865137934684753,-0.033372700214385986,-0.033372700214385986,0.641520082950592,-0.04573749750852585,0.1904522329568863
2026_08_18_00_45_56_961481_L1_right_C1,L1,C1,2.0,0.1694548757406934,red,right,left,right,pick up the red block,8,postgrasp,128,144,16,1.0,0.9664429530201343,5,8,0.3,0.7,8,0.41614651679992676,0.4520376920700073,0.4520376920700073,0.41614651679992676,-0.035891175270080566,-0.035891175270080566,0.641520082950592,-0.04573749750852585,0.1904522329568863
2026_08_18_00_45_56_961481_L1_right_C1,L1,C1,2.0,0.1694548757406934,red,right,left,right,pick up the red block,8,postgrasp,128,144,16,1.0,0.9664429530201343,6,8,0.3,0.7,8,0.37735557556152344,0.40233293175697327,0.40233293175697327,0.37735557556152344,-0.02497735619544983,-0.02497735619544983,0.641520082950592,-0.04573749750852585,0.1904522329568863
2026_08_18_00_45_56_961481_L1_right_C1,L1,C1,2.0,0.1694548757406934,red,right,left,right,pick up the red block,8,postgrasp,128,144,16,1.0,0.9664429530201343,7,8,0.3,0.7,8,0.3542458415031433,0.38085079193115234,0.38085079193115234,0.3542458415031433,-0.026604950428009033,-0.026604950428009033,0.641520082950592,-0.04573749750852585,0.1904522329568863
2026_08_18_00_45_56_961481_L1_right_C1,L1,C1,2.0,0.1694548757406934,red,right,left,right,pick up the red block,8,postgrasp,128,144,16,1.0,0.9664429530201343,8,8,0.3,0.7,8,0.4149585962295532,0.46121662855148315,0.46121662855148315,0.4149585962295532,-0.04625803232192993,-0.04625803232192993,0.641520082950592,-0.04573749750852585,0.1904522329568863
2026_08_18_00_45_56_961481_L1_right_C1,L1,C1,2.0,0.1694548757406934,red,right,left,right,pick up the red block,8,postgrasp,128,144,16,1.0,0.9664429530201343,9,8,0.3,0.7,8,0.314718633890152,0.34059932827949524,0.34059932827949524,0.314718633890152,-0.02588069438934326,-0.02588069438934326,0.641520082950592,-0.04573749750852585,0.1904522329568863
2026_08_18_00_45_56_961481_L1_right_C1,L1,C1,2.0,0.1694548757406934,red,right,left,right,pick up the red block,9,postgrasp,144,149,5,1.0,1.0,0,8,0.3,0.7,8,0.20810818672180176,0.1914457529783249,0.1914457529783249,0.20810818672180176,0.016662433743476868,0.016662433743476868,0.641523003578186,-0.045738592743873596,0.19045324623584747
2026_08_18_00_45_56_961481_L1_right_C1,L1,C1,2.0,0.1694548757406934,red,right,left,right,pick up the red block,9,postgrasp,144,149,5,1.0,1.0,1,8,0.3,0.7,8,0.31177520751953125,0.2858874201774597,0.2858874201774597,0.31177520751953125,0.025887787342071533,0.025887787342071533,0.641523003578186,-0.045738592743873596,0.19045324623584747
2026_08_18_00_45_56_961481_L1_right_C1,L1,C1,2.0,0.1694548757406934,red,right,left,right,pick up the red block,9,postgrasp,144,149,5,1.0,1.0,2,8,0.3,0.7,8,0.20972996950149536,0.20042380690574646,0.20042380690574646,0.20972996950149536,0.009306162595748901,0.009306162595748901,0.641523003578186,-0.045738592743873596,0.19045324623584747
2026_08_18_00_45_56_961481_L1_right_C1,L1,C1,2.0,0.1694548757406934,red,right,left,right,pick up the red block,9,postgrasp,144,149,5,1.0,1.0,3,8,0.3,0.7,8,0.26381146907806396,0.24290388822555542,0.24290388822555542,0.26381146907806396,0.020907580852508545,0.020907580852508545,0.641523003578186,-0.045738592743873596,0.19045324623584747
2026_08_18_00_45_56_961481_L1_right_C1,L1,C1,2.0,0.1694548757406934,red,right,left,right,pick up the red block,9,postgrasp,144,149,5,1.0,1.0,4,8,0.3,0.7,8,0.2624210715293884,0.23939645290374756,0.23939645290374756,0.2624210715293884,0.02302461862564087,0.02302461862564087,0.641523003578186,-0.045738592743873596,0.19045324623584747
2026_08_18_00_45_56_961481_L1_right_C1,L1,C1,2.0,0.1694548757406934,red,right,left,right,pick up the red block,9,postgrasp,144,149,5,1.0,1.0,5,8,0.3,0.7,8,0.4038015305995941,0.371172159910202,0.371172159910202,0.4038015305995941,0.03262937068939209,0.03262937068939209,0.641523003578186,-0.045738592743873596,0.19045324623584747
2026_08_18_00_45_56_961481_L1_right_C1,L1,C1,2.0,0.1694548757406934,red,right,left,right,pick up the red block,9,postgrasp,144,149,5,1.0,1.0,6,8,0.3,0.7,8,0.26595744490623474,0.2442200481891632,0.2442200481891632,0.26595744490623474,0.021737396717071533,0.021737396717071533,0.641523003578186,-0.045738592743873596,0.19045324623584747
2026_08_18_00_45_56_961481_L1_right_C1,L1,C1,2.0,0.1694548757406934,red,right,left,right,pick up the red block,9,postgrasp,144,149,5,1.0,1.0,7,8,0.3,0.7,8,0.29662570357322693,0.2715953290462494,0.2715953290462494,0.29662570357322693,0.02503037452697754,0.02503037452697754,0.641523003578186,-0.045738592743873596,0.19045324623584747
2026_08_18_00_45_56_961481_L1_right_C1,L1,C1,2.0,0.1694548757406934,red,right,left,right,pick up the red block,9,postgrasp,144,149,5,1.0,1.0,8,8,0.3,0.7,8,0.33934229612350464,0.3115329444408417,0.3115329444408417,0.33934229612350464,0.027809351682662964,0.027809351682662964,0.641523003578186,-0.045738592743873596,0.19045324623584747
2026_08_18_00_45_56_961481_L1_right_C1,L1,C1,2.0,0.1694548757406934,red,right,left,right,pick up the red block,9,postgrasp,144,149,5,1.0,1.0,9,8,0.3,0.7,8,0.2600798010826111,0.24338193237781525,0.24338193237781525,0.2600798010826111,0.016697868704795837,0.016697868704795837,0.641523003578186,-0.045738592743873596,0.19045324623584747
2026_08_18_00_46_25_193744_L1_right_C2,L1,C2,4.0,0.3389097514813868,red,right,left,right,pick up the red block,0,pregrasp,0,16,16,0.10256410256410256,0.0903954802259887,0,8,0.3,0.7,8,0.278615266084671,0.3243846297264099,0.3243846297264099,0.278615266084671,-0.04576936364173889,-0.04576936364173889,0.3676310181617737,-0.029366036877036095,0.4838156998157501
2026_08_18_00_46_25_193744_L1_right_C2,L1,C2,4.0,0.3389097514813868,red,right,left,right,pick up the red block,0,pregrasp,0,16,16,0.10256410256410256,0.0903954802259887,1,8,0.3,0.7,8,0.3747265934944153,0.38987499475479126,0.38987499475479126,0.3747265934944153,-0.015148401260375977,-0.015148401260375977,0.3676310181617737,-0.029366036877036095,0.4838156998157501
2026_08_18_00_46_25_193744_L1_right_C2,L1,C2,4.0,0.3389097514813868,red,right,left,right,pick up the red block,0,pregrasp,0,16,16,0.10256410256410256,0.0903954802259887,2,8,0.3,0.7,8,0.37323588132858276,0.3917355537414551,0.3917355537414551,0.37323588132858276,-0.018499672412872314,-0.018499672412872314,0.3676310181617737,-0.029366036877036095,0.4838156998157501
2026_08_18_00_46_25_193744_L1_right_C2,L1,C2,4.0,0.3389097514813868,red,right,left,right,pick up the red block,0,pregrasp,0,16,16,0.10256410256410256,0.0903954802259887,3,8,0.3,0.7,8,0.4824567437171936,0.45925211906433105,0.45925211906433105,0.4824567437171936,0.02320462465286255,0.02320462465286255,0.3676310181617737,-0.029366036877036095,0.4838156998157501
2026_08_18_00_46_25_193744_L1_right_C2,L1,C2,4.0,0.3389097514813868,red,right,left,right,pick up the red block,0,pregrasp,0,16,16,0.10256410256410256,0.0903954802259887,4,8,0.3,0.7,8,0.3511461317539215,0.34507009387016296,0.34507009387016296,0.3511461317539215,0.006076037883758545,0.006076037883758545,0.3676310181617737,-0.029366036877036095,0.4838156998157501
2026_08_18_00_46_25_193744_L1_right_C2,L1,C2,4.0,0.3389097514813868,red,right,left,right,pick up the red block,0,pregrasp,0,16,16,0.10256410256410256,0.0903954802259887,5,8,0.3,0.7,8,0.3427122235298157,0.37153029441833496,0.37153029441833496,0.3427122235298157,-0.028818070888519287,-0.028818070888519287,0.3676310181617737,-0.029366036877036095,0.4838156998157501
2026_08_18_00_46_25_193744_L1_right_C2,L1,C2,4.0,0.3389097514813868,red,right,left,right,pick up the red block,0,pregrasp,0,16,16,0.10256410256410256,0.0903954802259887,6,8,0.3,0.7,8,0.3491317629814148,0.37976789474487305,0.37976789474487305,0.3491317629814148,-0.030636131763458252,-0.030636131763458252,0.3676310181617737,-0.029366036877036095,0.4838156998157501
2026_08_18_00_46_25_193744_L1_right_C2,L1,C2,4.0,0.3389097514813868,red,right,left,right,pick up the red block,0,pregrasp,0,16,16,0.10256410256410256,0.0903954802259887,7,8,0.3,0.7,8,0.31157612800598145,0.3266194462776184,0.3266194462776184,0.31157612800598145,-0.015043318271636963,-0.015043318271636963,0.3676310181617737,-0.029366036877036095,0.4838156998157501
2026_08_18_00_46_25_193744_L1_right_C2,L1,C2,4.0,0.3389097514813868,red,right,left,right,pick up the red block,0,pregrasp,0,16,16,0.10256410256410256,0.0903954802259887,8,8,0.3,0.7,8,0.28077587485313416,0.28714919090270996,0.28714919090270996,0.28077587485313416,-0.006373316049575806,-0.006373316049575806,0.3676310181617737,-0.029366036877036095,0.4838156998157501
2026_08_18_00_46_25_193744_L1_right_C2,L1,C2,4.0,0.3389097514813868,red,right,left,right,pick up the red block,0,pregrasp,0,16,16,0.10256410256410256,0.0903954802259887,9,8,0.3,0.7,8,0.36575421690940857,0.38186460733413696,0.38186460733413696,0.36575421690940857,-0.016110390424728394,-0.016110390424728394,0.3676310181617737,-0.029366036877036095,0.4838156998157501
2026_08_18_00_46_25_193744_L1_right_C2,L1,C2,4.0,0.3389097514813868,red,right,left,right,pick up the red block,1,pregrasp,16,32,16,0.20512820512820512,0.1807909604519774,0,8,0.3,0.7,8,0.2939404845237732,0.2805153429508209,0.2805153429508209,0.2939404845237732,0.01342514157295227,0.01342514157295227,0.3803401589393616,-0.0928531363606453,0.46030691266059875
2026_08_18_00_46_25_193744_L1_right_C2,L1,C2,4.0,0.3389097514813868,red,right,left,right,pick up the red block,1,pregrasp,16,32,16,0.20512820512820512,0.1807909604519774,1,8,0.3,0.7,8,0.3034663796424866,0.3076890707015991,0.3076890707015991,0.3034663796424866,-0.004222691059112549,-0.004222691059112549,0.3803401589393616,-0.0928531363606453,0.46030691266059875
2026_08_18_00_46_25_193744_L1_right_C2,L1,C2,4.0,0.3389097514813868,red,right,left,right,pick up the red block,1,pregrasp,16,32,16,0.20512820512820512,0.1807909604519774,2,8,0.3,0.7,8,0.3299381136894226,0.2985800802707672,0.2985800802707672,0.3299381136894226,0.031358033418655396,0.031358033418655396,0.3803401589393616,-0.0928531363606453,0.46030691266059875
2026_08_18_00_46_25_193744_L1_right_C2,L1,C2,4.0,0.3389097514813868,red,right,left,right,pick up the red block,1,pregrasp,16,32,16,0.20512820512820512,0.1807909604519774,3,8,0.3,0.7,8,0.3124845325946808,0.30918630957603455,0.30918630957603455,0.3124845325946808,0.0032982230186462402,0.0032982230186462402,0.3803401589393616,-0.0928531363606453,0.46030691266059875
2026_08_18_00_46_25_193744_L1_right_C2,L1,C2,4.0,0.3389097514813868,red,right,left,right,pick up the red block,1,pregrasp,16,32,16,0.20512820512820512,0.1807909604519774,4,8,0.3,0.7,8,0.2585109770298004,0.25100696086883545,0.25100696086883545,0.2585109770298004,0.007504016160964966,0.007504016160964966,0.3803401589393616,-0.0928531363606453,0.46030691266059875
2026_08_18_00_46_25_193744_L1_right_C2,L1,C2,4.0,0.3389097514813868,red,right,left,right,pick up the red block,1,pregrasp,16,32,16,0.20512820512820512,0.1807909604519774,5,8,0.3,0.7,8,0.340967059135437,0.32752129435539246,0.32752129435539246,0.340967059135437,0.013445764780044556,0.013445764780044556,0.3803401589393616,-0.0928531363606453,0.46030691266059875
2026_08_18_00_46_25_193744_L1_right_C2,L1,C2,4.0,0.3389097514813868,red,right,left,right,pick up the red block,1,pregrasp,16,32,16,0.20512820512820512,0.1807909604519774,6,8,0.3,0.7,8,0.301835834980011,0.2949289381504059,0.2949289381504059,0.301835834980011,0.0069068968296051025,0.0069068968296051025,0.3803401589393616,-0.0928531363606453,0.46030691266059875
2026_08_18_00_46_25_193744_L1_right_C2,L1,C2,4.0,0.3389097514813868,red,right,left,right,pick up the red block,1,pregrasp,16,32,16,0.20512820512820512,0.1807909604519774,7,8,0.3,0.7,8,0.3943522274494171,0.35851168632507324,0.35851168632507324,0.3943522274494171,0.03584054112434387,0.03584054112434387,0.3803401589393616,-0.0928531363606453,0.46030691266059875
2026_08_18_00_46_25_193744_L1_right_C2,L1,C2,4.0,0.3389097514813868,red,right,left,right,pick up the red block,1,pregrasp,16,32,16,0.20512820512820512,0.1807909604519774,8,8,0.3,0.7,8,0.30521783232688904,0.30802711844444275,0.30802711844444275,0.30521783232688904,-0.002809286117553711,-0.002809286117553711,0.3803401589393616,-0.0928531363606453,0.46030691266059875
2026_08_18_00_46_25_193744_L1_right_C2,L1,C2,4.0,0.3389097514813868,red,right,left,right,pick up the red block,1,pregrasp,16,32,16,0.20512820512820512,0.1807909604519774,9,8,0.3,0.7,8,0.3270469903945923,0.32689905166625977,0.32689905166625977,0.3270469903945923,0.00014793872833251953,0.00014793872833251953,0.3803401589393616,-0.0928531363606453,0.46030691266059875
2026_08_18_00_46_25_193744_L1_right_C2,L1,C2,4.0,0.3389097514813868,red,right,left,right,pick up the red block,2,pregrasp,32,48,16,0.3076923076923077,0.2711864406779661,0,8,0.3,0.7,8,0.29215744137763977,0.3227599263191223,0.3227599263191223,0.29215744137763977,-0.030602484941482544,-0.030602484941482544,0.40507301688194275,-0.15204323828220367,0.4344693720340729
2026_08_18_00_46_25_193744_L1_right_C2,L1,C2,4.0,0.3389097514813868,red,right,left,right,pick up the red block,2,pregrasp,32,48,16,0.3076923076923077,0.2711864406779661,1,8,0.3,0.7,8,0.3671787679195404,0.412982702255249,0.412982702255249,0.3671787679195404,-0.04580393433570862,-0.04580393433570862,0.40507301688194275,-0.15204323828220367,0.4344693720340729
2026_08_18_00_46_25_193744_L1_right_C2,L1,C2,4.0,0.3389097514813868,red,right,left,right,pick up the red block,2,pregrasp,32,48,16,0.3076923076923077,0.2711864406779661,2,8,0.3,0.7,8,0.2801375091075897,0.30615806579589844,0.30615806579589844,0.2801375091075897,-0.026020556688308716,-0.026020556688308716,0.40507301688194275,-0.15204323828220367,0.4344693720340729
2026_08_18_00_46_25_193744_L1_right_C2,L1,C2,4.0,0.3389097514813868,red,right,left,right,pick up the red block,2,pregrasp,32,48,16,0.3076923076923077,0.2711864406779661,3,8,0.3,0.7,8,0.20103543996810913,0.19275614619255066,0.19275614619255066,0.20103543996810913,0.008279293775558472,0.008279293775558472,0.40507301688194275,-0.15204323828220367,0.4344693720340729
2026_08_18_00_46_25_193744_L1_right_C2,L1,C2,4.0,0.3389097514813868,red,right,left,right,pick up the red block,2,pregrasp,32,48,16,0.3076923076923077,0.2711864406779661,4,8,0.3,0.7,8,0.2132706344127655,0.22468550503253937,0.22468550503253937,0.2132706344127655,-0.011414870619773865,-0.011414870619773865,0.40507301688194275,-0.15204323828220367,0.4344693720340729
2026_08_18_00_46_25_193744_L1_right_C2,L1,C2,4.0,0.3389097514813868,red,right,left,right,pick up the red block,2,pregrasp,32,48,16,0.3076923076923077,0.2711864406779661,5,8,0.3,0.7,8,0.2899177372455597,0.30943700671195984,0.30943700671195984,0.2899177372455597,-0.019519269466400146,-0.019519269466400146,0.40507301688194275,-0.15204323828220367,0.4344693720340729
2026_08_18_00_46_25_193744_L1_right_C2,L1,C2,4.0,0.3389097514813868,red,right,left,right,pick up the red block,2,pregrasp,32,48,16,0.3076923076923077,0.2711864406779661,6,8,0.3,0.7,8,0.2609725296497345,0.28760698437690735,0.28760698437690735,0.2609725296497345,-0.02663445472717285,-0.02663445472717285,0.40507301688194275,-0.15204323828220367,0.4344693720340729
2026_08_18_00_46_25_193744_L1_right_C2,L1,C2,4.0,0.3389097514813868,red,right,left,right,pick up the red block,2,pregrasp,32,48,16,0.3076923076923077,0.2711864406779661,7,8,0.3,0.7,8,0.16461646556854248,0.1775183230638504,0.1775183230638504,0.16461646556854248,-0.012901857495307922,-0.012901857495307922,0.40507301688194275,-0.15204323828220367,0.4344693720340729
2026_08_18_00_46_25_193744_L1_right_C2,L1,C2,4.0,0.3389097514813868,red,right,left,right,pick up the red block,2,pregrasp,32,48,16,0.3076923076923077,0.2711864406779661,8,8,0.3,0.7,8,0.21601644158363342,0.2300710529088974,0.2300710529088974,0.21601644158363342,-0.014054611325263977,-0.014054611325263977,0.40507301688194275,-0.15204323828220367,0.4344693720340729
2026_08_18_00_46_25_193744_L1_right_C2,L1,C2,4.0,0.3389097514813868,red,right,left,right,pick up the red block,2,pregrasp,32,48,16,0.3076923076923077,0.2711864406779661,9,8,0.3,0.7,8,0.2961653172969818,0.3286900222301483,0.3286900222301483,0.2961653172969818,-0.032524704933166504,-0.032524704933166504,0.40507301688194275,-0.15204323828220367,0.4344693720340729
2026_08_18_00_46_25_193744_L1_right_C2,L1,C2,4.0,0.3389097514813868,red,right,left,right,pick up the red block,3,pregrasp,48,64,16,0.41025641025641024,0.3615819209039548,0,8,0.3,0.7,8,0.29100221395492554,0.26849278807640076,0.26849278807640076,0.29100221395492554,0.02250942587852478,0.02250942587852478,0.442139595746994,-0.19614888727664948,0.3963421881198883
2026_08_18_00_46_25_193744_L1_right_C2,L1,C2,4.0,0.3389097514813868,red,right,left,right,pick up the red block,3,pregrasp,48,64,16,0.41025641025641024,0.3615819209039548,1,8,0.3,0.7,8,0.28452858328819275,0.3100774586200714,0.3100774586200714,0.28452858328819275,-0.025548875331878662,-0.025548875331878662,0.442139595746994,-0.19614888727664948,0.3963421881198883
2026_08_18_00_46_25_193744_L1_right_C2,L1,C2,4.0,0.3389097514813868,red,right,left,right,pick up the red block,3,pregrasp,48,64,16,0.41025641025641024,0.3615819209039548,2,8,0.3,0.7,8,0.3113836348056793,0.3216027617454529,0.3216027617454529,0.3113836348056793,-0.01021912693977356,-0.01021912693977356,0.442139595746994,-0.19614888727664948,0.3963421881198883
2026_08_18_00_46_25_193744_L1_right_C2,L1,C2,4.0,0.3389097514813868,red,right,left,right,pick up the red block,3,pregrasp,48,64,16,0.41025641025641024,0.3615819209039548,3,8,0.3,0.7,8,0.34758514165878296,0.35005760192871094,0.35005760192871094,0.34758514165878296,-0.0024724602699279785,-0.0024724602699279785,0.442139595746994,-0.19614888727664948,0.3963421881198883
2026_08_18_00_46_25_193744_L1_right_C2,L1,C2,4.0,0.3389097514813868,red,right,left,right,pick up the red block,3,pregrasp,48,64,16,0.41025641025641024,0.3615819209039548,4,8,0.3,0.7,8,0.2758045494556427,0.2695470452308655,0.2695470452308655,0.2758045494556427,0.006257504224777222,0.006257504224777222,0.442139595746994,-0.19614888727664948,0.3963421881198883
2026_08_18_00_46_25_193744_L1_right_C2,L1,C2,4.0,0.3389097514813868,red,right,left,right,pick up the red block,3,pregrasp,48,64,16,0.41025641025641024,0.3615819209039548,5,8,0.3,0.7,8,0.4293196499347687,0.43634942173957825,0.43634942173957825,0.4293196499347687,-0.00702977180480957,-0.00702977180480957,0.442139595746994,-0.19614888727664948,0.3963421881198883
2026_08_18_00_46_25_193744_L1_right_C2,L1,C2,4.0,0.3389097514813868,red,right,left,right,pick up the red block,3,pregrasp,48,64,16,0.41025641025641024,0.3615819209039548,6,8,0.3,0.7,8,0.23307301104068756,0.253580778837204,0.253580778837204,0.23307301104068756,-0.02050776779651642,-0.02050776779651642,0.442139595746994,-0.19614888727664948,0.3963421881198883
2026_08_18_00_46_25_193744_L1_right_C2,L1,C2,4.0,0.3389097514813868,red,right,left,right,pick up the red block,3,pregrasp,48,64,16,0.41025641025641024,0.3615819209039548,7,8,0.3,0.7,8,0.25760114192962646,0.2862285375595093,0.2862285375595093,0.25760114192962646,-0.028627395629882812,-0.028627395629882812,0.442139595746994,-0.19614888727664948,0.3963421881198883
2026_08_18_00_46_25_193744_L1_right_C2,L1,C2,4.0,0.3389097514813868,red,right,left,right,pick up the red block,3,pregrasp,48,64,16,0.41025641025641024,0.3615819209039548,8,8,0.3,0.7,8,0.33849212527275085,0.346094012260437,0.346094012260437,0.33849212527275085,-0.007601886987686157,-0.007601886987686157,0.442139595746994,-0.19614888727664948,0.3963421881198883
2026_08_18_00_46_25_193744_L1_right_C2,L1,C2,4.0,0.3389097514813868,red,right,left,right,pick up the red block,3,pregrasp,48,64,16,0.41025641025641024,0.3615819209039548,9,8,0.3,0.7,8,0.21747775375843048,0.22279617190361023,0.22279617190361023,0.21747775375843048,-0.0053184181451797485,-0.0053184181451797485,0.442139595746994,-0.19614888727664948,0.3963421881198883
2026_08_18_00_46_25_193744_L1_right_C2,L1,C2,4.0,0.3389097514813868,red,right,left,right,pick up the red block,4,pregrasp,64,80,16,0.5128205128205128,0.4519774011299435,0,8,0.3,0.7,8,0.2471417635679245,0.23552709817886353,0.23552709817886353,0.2471417635679245,0.011614665389060974,0.011614665389060974,0.48802003264427185,-0.20639817416667938,0.3474438786506653
2026_08_18_00_46_25_193744_L1_right_C2,L1,C2,4.0,0.3389097514813868,red,right,left,right,pick up the red block,4,pregrasp,64,80,16,0.5128205128205128,0.4519774011299435,1,8,0.3,0.7,8,0.3710257411003113,0.3656644821166992,0.3656644821166992,0.3710257411003113,0.0053612589836120605,0.0053612589836120605,0.48802003264427185,-0.20639817416667938,0.3474438786506653
2026_08_18_00_46_25_193744_L1_right_C2,L1,C2,4.0,0.3389097514813868,red,right,left,right,pick up the red block,4,pregrasp,64,80,16,0.5128205128205128,0.4519774011299435,2,8,0.3,0.7,8,0.31909477710723877,0.31230250000953674,0.31230250000953674,0.31909477710723877,0.006792277097702026,0.006792277097702026,0.48802003264427185,-0.20639817416667938,0.3474438786506653
2026_08_18_00_46_25_193744_L1_right_C2,L1,C2,4.0,0.3389097514813868,red,right,left,right,pick up the red block,4,pregrasp,64,80,16,0.5128205128205128,0.4519774011299435,3,8,0.3,0.7,8,0.26230287551879883,0.25079625844955444,0.25079625844955444,0.26230287551879883,0.011506617069244385,0.011506617069244385,0.48802003264427185,-0.20639817416667938,0.3474438786506653
2026_08_18_00_46_25_193744_L1_right_C2,L1,C2,4.0,0.3389097514813868,red,right,left,right,pick up the red block,4,pregrasp,64,80,16,0.5128205128205128,0.4519774011299435,4,8,0.3,0.7,8,0.39057624340057373,0.3888584077358246,0.3888584077358246,0.39057624340057373,0.0017178356647491455,0.0017178356647491455,0.48802003264427185,-0.20639817416667938,0.3474438786506653
2026_08_18_00_46_25_193744_L1_right_C2,L1,C2,4.0,0.3389097514813868,red,right,left,right,pick up the red block,4,pregrasp,64,80,16,0.5128205128205128,0.4519774011299435,5,8,0.3,0.7,8,0.3376771807670593,0.3354455530643463,0.3354455530643463,0.3376771807670593,0.0022316277027130127,0.0022316277027130127,0.48802003264427185,-0.20639817416667938,0.3474438786506653
2026_08_18_00_46_25_193744_L1_right_C2,L1,C2,4.0,0.3389097514813868,red,right,left,right,pick up the red block,4,pregrasp,64,80,16,0.5128205128205128,0.4519774011299435,6,8,0.3,0.7,8,0.3385411202907562,0.33602839708328247,0.33602839708328247,0.3385411202907562,0.002512723207473755,0.002512723207473755,0.48802003264427185,-0.20639817416667938,0.3474438786506653
2026_08_18_00_46_25_193744_L1_right_C2,L1,C2,4.0,0.3389097514813868,red,right,left,right,pick up the red block,4,pregrasp,64,80,16,0.5128205128205128,0.4519774011299435,7,8,0.3,0.7,8,0.40865999460220337,0.40848204493522644,0.40848204493522644,0.40865999460220337,0.0001779496669769287,0.0001779496669769287,0.48802003264427185,-0.20639817416667938,0.3474438786506653
2026_08_18_00_46_25_193744_L1_right_C2,L1,C2,4.0,0.3389097514813868,red,right,left,right,pick up the red block,4,pregrasp,64,80,16,0.5128205128205128,0.4519774011299435,8,8,0.3,0.7,8,0.3689601719379425,0.3729526102542877,0.3729526102542877,0.3689601719379425,-0.003992438316345215,-0.003992438316345215,0.48802003264427185,-0.20639817416667938,0.3474438786506653
2026_08_18_00_46_25_193744_L1_right_C2,L1,C2,4.0,0.3389097514813868,red,right,left,right,pick up the red block,4,pregrasp,64,80,16,0.5128205128205128,0.4519774011299435,9,8,0.3,0.7,8,0.34284132719039917,0.3426898419857025,0.3426898419857025,0.34284132719039917,0.00015148520469665527,0.00015148520469665527,0.48802003264427185,-0.20639817416667938,0.3474438786506653
2026_08_18_00_46_25_193744_L1_right_C2,L1,C2,4.0,0.3389097514813868,red,right,left,right,pick up the red block,5,pregrasp,80,96,16,0.6153846153846154,0.5423728813559322,0,8,0.3,0.7,8,0.3628920912742615,0.36479705572128296,0.36479705572128296,0.3628920912742615,-0.0019049644470214844,-0.0019049644470214844,0.5325983762741089,-0.18009647727012634,0.30127134919166565
2026_08_18_00_46_25_193744_L1_right_C2,L1,C2,4.0,0.3389097514813868,red,right,left,right,pick up the red block,5,pregrasp,80,96,16,0.6153846153846154,0.5423728813559322,1,8,0.3,0.7,8,0.33304935693740845,0.3380785584449768,0.3380785584449768,0.33304935693740845,-0.005029201507568359,-0.005029201507568359,0.5325983762741089,-0.18009647727012634,0.30127134919166565
2026_08_18_00_46_25_193744_L1_right_C2,L1,C2,4.0,0.3389097514813868,red,right,left,right,pick up the red block,5,pregrasp,80,96,16,0.6153846153846154,0.5423728813559322,2,8,0.3,0.7,8,0.2864774763584137,0.29160794615745544,0.29160794615745544,0.2864774763584137,-0.005130469799041748,-0.005130469799041748,0.5325983762741089,-0.18009647727012634,0.30127134919166565
2026_08_18_00_46_25_193744_L1_right_C2,L1,C2,4.0,0.3389097514813868,red,right,left,right,pick up the red block,5,pregrasp,80,96,16,0.6153846153846154,0.5423728813559322,3,8,0.3,0.7,8,0.23540745675563812,0.23483294248580933,0.23483294248580933,0.23540745675563812,0.0005745142698287964,0.0005745142698287964,0.5325983762741089,-0.18009647727012634,0.30127134919166565
2026_08_18_00_46_25_193744_L1_right_C2,L1,C2,4.0,0.3389097514813868,red,right,left,right,pick up the red block,5,pregrasp,80,96,16,0.6153846153846154,0.5423728813559322,4,8,0.3,0.7,8,0.31648004055023193,0.3185722529888153,0.3185722529888153,0.31648004055023193,-0.002092212438583374,-0.002092212438583374,0.5325983762741089,-0.18009647727012634,0.30127134919166565
2026_08_18_00_46_25_193744_L1_right_C2,L1,C2,4.0,0.3389097514813868,red,right,left,right,pick up the red block,5,pregrasp,80,96,16,0.6153846153846154,0.5423728813559322,5,8,0.3,0.7,8,0.401292622089386,0.39933648705482483,0.39933648705482483,0.401292622089386,0.0019561350345611572,0.0019561350345611572,0.5325983762741089,-0.18009647727012634,0.30127134919166565
2026_08_18_00_46_25_193744_L1_right_C2,L1,C2,4.0,0.3389097514813868,red,right,left,right,pick up the red block,5,pregrasp,80,96,16,0.6153846153846154,0.5423728813559322,6,8,0.3,0.7,8,0.31169795989990234,0.30997321009635925,0.30997321009635925,0.31169795989990234,0.0017247498035430908,0.0017247498035430908,0.5325983762741089,-0.18009647727012634,0.30127134919166565
2026_08_18_00_46_25_193744_L1_right_C2,L1,C2,4.0,0.3389097514813868,red,right,left,right,pick up the red block,5,pregrasp,80,96,16,0.6153846153846154,0.5423728813559322,7,8,0.3,0.7,8,0.36034369468688965,0.35611608624458313,0.35611608624458313,0.36034369468688965,0.0042276084423065186,0.0042276084423065186,0.5325983762741089,-0.18009647727012634,0.30127134919166565
2026_08_18_00_46_25_193744_L1_right_C2,L1,C2,4.0,0.3389097514813868,red,right,left,right,pick up the red block,5,pregrasp,80,96,16,0.6153846153846154,0.5423728813559322,8,8,0.3,0.7,8,0.3622567653656006,0.36528459191322327,0.36528459191322327,0.3622567653656006,-0.0030278265476226807,-0.0030278265476226807,0.5325983762741089,-0.18009647727012634,0.30127134919166565
2026_08_18_00_46_25_193744_L1_right_C2,L1,C2,4.0,0.3389097514813868,red,right,left,right,pick up the red block,5,pregrasp,80,96,16,0.6153846153846154,0.5423728813559322,9,8,0.3,0.7,8,0.3117252588272095,0.3117431402206421,0.3117431402206421,0.3117252588272095,-1.7881393432617188e-05,-1.7881393432617188e-05,0.5325983762741089,-0.18009647727012634,0.30127134919166565
2026_08_18_00_46_25_193744_L1_right_C2,L1,C2,4.0,0.3389097514813868,red,right,left,right,pick up the red block,6,pregrasp,96,112,16,0.717948717948718,0.632768361581921,0,8,0.3,0.7,8,0.33121806383132935,0.32139918208122253,0.32139918208122253,0.33121806383132935,0.009818881750106812,0.009818881750106812,0.5713520050048828,-0.1405704915523529,0.26136112213134766
2026_08_18_00_46_25_193744_L1_right_C2,L1,C2,4.0,0.3389097514813868,red,right,left,right,pick up the red block,6,pregrasp,96,112,16,0.717948717948718,0.632768361581921,1,8,0.3,0.7,8,0.3256865441799164,0.31647518277168274,0.31647518277168274,0.3256865441799164,0.009211361408233643,0.009211361408233643,0.5713520050048828,-0.1405704915523529,0.26136112213134766
2026_08_18_00_46_25_193744_L1_right_C2,L1,C2,4.0,0.3389097514813868,red,right,left,right,pick up the red block,6,pregrasp,96,112,16,0.717948717948718,0.632768361581921,2,8,0.3,0.7,8,0.26204681396484375,0.25509387254714966,0.25509387254714966,0.26204681396484375,0.006952941417694092,0.006952941417694092,0.5713520050048828,-0.1405704915523529,0.26136112213134766
2026_08_18_00_46_25_193744_L1_right_C2,L1,C2,4.0,0.3389097514813868,red,right,left,right,pick up the red block,6,pregrasp,96,112,16,0.717948717948718,0.632768361581921,3,8,0.3,0.7,8,0.24784182012081146,0.2435930222272873,0.2435930222272873,0.24784182012081146,0.00424879789352417,0.00424879789352417,0.5713520050048828,-0.1405704915523529,0.26136112213134766
2026_08_18_00_46_25_193744_L1_right_C2,L1,C2,4.0,0.3389097514813868,red,right,left,right,pick up the red block,6,pregrasp,96,112,16,0.717948717948718,0.632768361581921,4,8,0.3,0.7,8,0.28083834052085876,0.27617397904396057,0.27617397904396057,0.28083834052085876,0.004664361476898193,0.004664361476898193,0.5713520050048828,-0.1405704915523529,0.26136112213134766
2026_08_18_00_46_25_193744_L1_right_C2,L1,C2,4.0,0.3389097514813868,red,right,left,right,pick up the red block,6,pregrasp,96,112,16,0.717948717948718,0.632768361581921,5,8,0.3,0.7,8,0.23759101331233978,0.2325613647699356,0.2325613647699356,0.23759101331233978,0.005029648542404175,0.005029648542404175,0.5713520050048828,-0.1405704915523529,0.26136112213134766
2026_08_18_00_46_25_193744_L1_right_C2,L1,C2,4.0,0.3389097514813868,red,right,left,right,pick up the red block,6,pregrasp,96,112,16,0.717948717948718,0.632768361581921,6,8,0.3,0.7,8,0.339971661567688,0.33237212896347046,0.33237212896347046,0.339971661567688,0.007599532604217529,0.007599532604217529,0.5713520050048828,-0.1405704915523529,0.26136112213134766
2026_08_18_00_46_25_193744_L1_right_C2,L1,C2,4.0,0.3389097514813868,red,right,left,right,pick up the red block,6,pregrasp,96,112,16,0.717948717948718,0.632768361581921,7,8,0.3,0.7,8,0.2816132605075836,0.27341216802597046,0.27341216802597046,0.2816132605075836,0.00820109248161316,0.00820109248161316,0.5713520050048828,-0.1405704915523529,0.26136112213134766
2026_08_18_00_46_25_193744_L1_right_C2,L1,C2,4.0,0.3389097514813868,red,right,left,right,pick up the red block,6,pregrasp,96,112,16,0.717948717948718,0.632768361581921,8,8,0.3,0.7,8,0.25953924655914307,0.25106799602508545,0.25106799602508545,0.25953924655914307,0.008471250534057617,0.008471250534057617,0.5713520050048828,-0.1405704915523529,0.26136112213134766
2026_08_18_00_46_25_193744_L1_right_C2,L1,C2,4.0,0.3389097514813868,red,right,left,right,pick up the red block,6,pregrasp,96,112,16,0.717948717948718,0.632768361581921,9,8,0.3,0.7,8,0.2974410653114319,0.2866976857185364,0.2866976857185364,0.2974410653114319,0.010743379592895508,0.010743379592895508,0.5713520050048828,-0.1405704915523529,0.26136112213134766
2026_08_18_00_46_25_193744_L1_right_C2,L1,C2,4.0,0.3389097514813868,red,right,left,right,pick up the red block,7,pregrasp,112,128,16,0.8205128205128205,0.7231638418079096,0,8,0.3,0.7,8,0.26139456033706665,0.25059789419174194,0.25059789419174194,0.26139456033706665,0.010796666145324707,0.010796666145324707,0.6075618267059326,-0.09266570210456848,0.22456377744674683
2026_08_18_00_46_25_193744_L1_right_C2,L1,C2,4.0,0.3389097514813868,red,right,left,right,pick up the red block,7,pregrasp,112,128,16,0.8205128205128205,0.7231638418079096,1,8,0.3,0.7,8,0.27405044436454773,0.25540891289711,0.25540891289711,0.27405044436454773,0.018641531467437744,0.018641531467437744,0.6075618267059326,-0.09266570210456848,0.22456377744674683
2026_08_18_00_46_25_193744_L1_right_C2,L1,C2,4.0,0.3389097514813868,red,right,left,right,pick up the red block,7,pregrasp,112,128,16,0.8205128205128205,0.7231638418079096,2,8,0.3,0.7,8,0.2184409350156784,0.20937271416187286,0.20937271416187286,0.2184409350156784,0.009068220853805542,0.009068220853805542,0.6075618267059326,-0.09266570210456848,0.22456377744674683
2026_08_18_00_46_25_193744_L1_right_C2,L1,C2,4.0,0.3389097514813868,red,right,left,right,pick up the red block,7,pregrasp,112,128,16,0.8205128205128205,0.7231638418079096,3,8,0.3,0.7,8,0.3090105652809143,0.29127463698387146,0.29127463698387146,0.3090105652809143,0.017735928297042847,0.017735928297042847,0.6075618267059326,-0.09266570210456848,0.22456377744674683
2026_08_18_00_46_25_193744_L1_right_C2,L1,C2,4.0,0.3389097514813868,red,right,left,right,pick up the red block,7,pregrasp,112,128,16,0.8205128205128205,0.7231638418079096,4,8,0.3,0.7,8,0.3695865869522095,0.33966654539108276,0.33966654539108276,0.3695865869522095,0.02992004156112671,0.02992004156112671,0.6075618267059326,-0.09266570210456848,0.22456377744674683
2026_08_18_00_46_25_193744_L1_right_C2,L1,C2,4.0,0.3389097514813868,red,right,left,right,pick up the red block,7,pregrasp,112,128,16,0.8205128205128205,0.7231638418079096,5,8,0.3,0.7,8,0.3767668306827545,0.34951552748680115,0.34951552748680115,0.3767668306827545,0.02725130319595337,0.02725130319595337,0.6075618267059326,-0.09266570210456848,0.22456377744674683
2026_08_18_00_46_25_193744_L1_right_C2,L1,C2,4.0,0.3389097514813868,red,right,left,right,pick up the red block,7,pregrasp,112,128,16,0.8205128205128205,0.7231638418079096,6,8,0.3,0.7,8,0.2733549177646637,0.2611408233642578,0.2611408233642578,0.2733549177646637,0.012214094400405884,0.012214094400405884,0.6075618267059326,-0.09266570210456848,0.22456377744674683
2026_08_18_00_46_25_193744_L1_right_C2,L1,C2,4.0,0.3389097514813868,red,right,left,right,pick up the red block,7,pregrasp,112,128,16,0.8205128205128205,0.7231638418079096,7,8,0.3,0.7,8,0.33024683594703674,0.3053759038448334,0.3053759038448334,0.33024683594703674,0.02487093210220337,0.02487093210220337,0.6075618267059326,-0.09266570210456848,0.22456377744674683
2026_08_18_00_46_25_193744_L1_right_C2,L1,C2,4.0,0.3389097514813868,red,right,left,right,pick up the red block,7,pregrasp,112,128,16,0.8205128205128205,0.7231638418079096,8,8,0.3,0.7,8,0.3459516167640686,0.3126000165939331,0.3126000165939331,0.3459516167640686,0.0333516001701355,0.0333516001701355,0.6075618267059326,-0.09266570210456848,0.22456377744674683
2026_08_18_00_46_25_193744_L1_right_C2,L1,C2,4.0,0.3389097514813868,red,right,left,right,pick up the red block,7,pregrasp,112,128,16,0.8205128205128205,0.7231638418079096,9,8,0.3,0.7,8,0.35784998536109924,0.3231547772884369,0.3231547772884369,0.35784998536109924,0.034695208072662354,0.034695208072662354,0.6075618267059326,-0.09266570210456848,0.22456377744674683
2026_08_18_00_46_25_193744_L1_right_C2,L1,C2,4.0,0.3389097514813868,red,right,left,right,pick up the red block,8,pregrasp,128,144,16,0.9230769230769231,0.8135593220338984,0,8,0.3,0.7,8,0.37452834844589233,0.31294894218444824,0.31294894218444824,0.37452834844589233,0.06157940626144409,0.06157940626144409,0.6394017934799194,-0.04755653813481331,0.19201499223709106
2026_08_18_00_46_25_193744_L1_right_C2,L1,C2,4.0,0.3389097514813868,red,right,left,right,pick up the red block,8,pregrasp,128,144,16,0.9230769230769231,0.8135593220338984,1,8,0.3,0.7,8,0.4032045602798462,0.3385483920574188,0.3385483920574188,0.4032045602798462,0.06465616822242737,0.06465616822242737,0.6394017934799194,-0.04755653813481331,0.19201499223709106
2026_08_18_00_46_25_193744_L1_right_C2,L1,C2,4.0,0.3389097514813868,red,right,left,right,pick up the red block,8,pregrasp,128,144,16,0.9230769230769231,0.8135593220338984,2,8,0.3,0.7,8,0.3436122536659241,0.2945883870124817,0.2945883870124817,0.3436122536659241,0.04902386665344238,0.04902386665344238,0.6394017934799194,-0.04755653813481331,0.19201499223709106
2026_08_18_00_46_25_193744_L1_right_C2,L1,C2,4.0,0.3389097514813868,red,right,left,right,pick up the red block,8,pregrasp,128,144,16,0.9230769230769231,0.8135593220338984,3,8,0.3,0.7,8,0.3260590732097626,0.27599358558654785,0.27599358558654785,0.3260590732097626,0.05006548762321472,0.05006548762321472,0.6394017934799194,-0.04755653813481331,0.19201499223709106
2026_08_18_00_46_25_193744_L1_right_C2,L1,C2,4.0,0.3389097514813868,red,right,left,right,pick up the red block,8,pregrasp,128,144,16,0.9230769230769231,0.8135593220338984,4,8,0.3,0.7,8,0.32363399863243103,0.2774045765399933,0.2774045765399933,0.32363399863243103,0.046229422092437744,0.046229422092437744,0.6394017934799194,-0.04755653813481331,0.19201499223709106
2026_08_18_00_46_25_193744_L1_right_C2,L1,C2,4.0,0.3389097514813868,red,right,left,right,pick up the red block,8,pregrasp,128,144,16,0.9230769230769231,0.8135593220338984,5,8,0.3,0.7,8,0.24917776882648468,0.2043609619140625,0.2043609619140625,0.24917776882648468,0.04481680691242218,0.04481680691242218,0.6394017934799194,-0.04755653813481331,0.19201499223709106
2026_08_18_00_46_25_193744_L1_right_C2,L1,C2,4.0,0.3389097514813868,red,right,left,right,pick up the red block,8,pregrasp,128,144,16,0.9230769230769231,0.8135593220338984,6,8,0.3,0.7,8,0.34560972452163696,0.29449567198753357,0.29449567198753357,0.34560972452163696,0.051114052534103394,0.051114052534103394,0.6394017934799194,-0.04755653813481331,0.19201499223709106
2026_08_18_00_46_25_193744_L1_right_C2,L1,C2,4.0,0.3389097514813868,red,right,left,right,pick up the red block,8,pregrasp,128,144,16,0.9230769230769231,0.8135593220338984,7,8,0.3,0.7,8,0.28383541107177734,0.24076183140277863,0.24076183140277863,0.28383541107177734,0.04307357966899872,0.04307357966899872,0.6394017934799194,-0.04755653813481331,0.19201499223709106
2026_08_18_00_46_25_193744_L1_right_C2,L1,C2,4.0,0.3389097514813868,red,right,left,right,pick up the red block,8,pregrasp,128,144,16,0.9230769230769231,0.8135593220338984,8,8,0.3,0.7,8,0.28091615438461304,0.23358049988746643,0.23358049988746643,0.28091615438461304,0.047335654497146606,0.047335654497146606,0.6394017934799194,-0.04755653813481331,0.19201499223709106
2026_08_18_00_46_25_193744_L1_right_C2,L1,C2,4.0,0.3389097514813868,red,right,left,right,pick up the red block,8,pregrasp,128,144,16,0.9230769230769231,0.8135593220338984,9,8,0.3,0.7,8,0.3509029150009155,0.30192795395851135,0.30192795395851135,0.3509029150009155,0.048974961042404175,0.048974961042404175,0.6394017934799194,-0.04755653813481331,0.19201499223709106
2026_08_18_00_46_25_193744_L1_right_C2,L1,C2,4.0,0.3389097514813868,red,right,left,right,pick up the red block,9,pregrasp,144,156,12,1.0,0.8813559322033898,0,8,0.3,0.7,8,0.3105127811431885,0.3048885762691498,0.3048885762691498,0.3105127811431885,0.005624204874038696,0.005624204874038696,0.6410431861877441,-0.04583834111690521,0.18990619480609894
2026_08_18_00_46_25_193744_L1_right_C2,L1,C2,4.0,0.3389097514813868,red,right,left,right,pick up the red block,9,pregrasp,144,156,12,1.0,0.8813559322033898,1,8,0.3,0.7,8,0.32012122869491577,0.31028440594673157,0.31028440594673157,0.32012122869491577,0.009836822748184204,0.009836822748184204,0.6410431861877441,-0.04583834111690521,0.18990619480609894
2026_08_18_00_46_25_193744_L1_right_C2,L1,C2,4.0,0.3389097514813868,red,right,left,right,pick up the red block,9,pregrasp,144,156,12,1.0,0.8813559322033898,2,8,0.3,0.7,8,0.2529839873313904,0.24946483969688416,0.24946483969688416,0.2529839873313904,0.0035191476345062256,0.0035191476345062256,0.6410431861877441,-0.04583834111690521,0.18990619480609894
2026_08_18_00_46_25_193744_L1_right_C2,L1,C2,4.0,0.3389097514813868,red,right,left,right,pick up the red block,9,pregrasp,144,156,12,1.0,0.8813559322033898,3,8,0.3,0.7,8,0.3624107241630554,0.3476561903953552,0.3476561903953552,0.3624107241630554,0.014754533767700195,0.014754533767700195,0.6410431861877441,-0.04583834111690521,0.18990619480609894
2026_08_18_00_46_25_193744_L1_right_C2,L1,C2,4.0,0.3389097514813868,red,right,left,right,pick up the red block,9,pregrasp,144,156,12,1.0,0.8813559322033898,4,8,0.3,0.7,8,0.27658379077911377,0.26918482780456543,0.26918482780456543,0.27658379077911377,0.00739896297454834,0.00739896297454834,0.6410431861877441,-0.04583834111690521,0.18990619480609894
2026_08_18_00_46_25_193744_L1_right_C2,L1,C2,4.0,0.3389097514813868,red,right,left,right,pick up the red block,9,pregrasp,144,156,12,1.0,0.8813559322033898,5,8,0.3,0.7,8,0.30979305505752563,0.3039168417453766,0.3039168417453766,0.30979305505752563,0.005876213312149048,0.005876213312149048,0.6410431861877441,-0.04583834111690521,0.18990619480609894
2026_08_18_00_46_25_193744_L1_right_C2,L1,C2,4.0,0.3389097514813868,red,right,left,right,pick up the red block,9,pregrasp,144,156,12,1.0,0.8813559322033898,6,8,0.3,0.7,8,0.2725147604942322,0.2563219368457794,0.2563219368457794,0.2725147604942322,0.01619282364845276,0.01619282364845276,0.6410431861877441,-0.04583834111690521,0.18990619480609894
2026_08_18_00_46_25_193744_L1_right_C2,L1,C2,4.0,0.3389097514813868,red,right,left,right,pick up the red block,9,pregrasp,144,156,12,1.0,0.8813559322033898,7,8,0.3,0.7,8,0.4381381869316101,0.42072737216949463,0.42072737216949463,0.4381381869316101,0.01741081476211548,0.01741081476211548,0.6410431861877441,-0.04583834111690521,0.18990619480609894
2026_08_18_00_46_25_193744_L1_right_C2,L1,C2,4.0,0.3389097514813868,red,right,left,right,pick up the red block,9,pregrasp,144,156,12,1.0,0.8813559322033898,8,8,0.3,0.7,8,0.30990922451019287,0.28767144680023193,0.28767144680023193,0.30990922451019287,0.022237777709960938,0.022237777709960938,0.6410431861877441,-0.04583834111690521,0.18990619480609894
2026_08_18_00_46_25_193744_L1_right_C2,L1,C2,4.0,0.3389097514813868,red,right,left,right,pick up the red block,9,pregrasp,144,156,12,1.0,0.8813559322033898,9,8,0.3,0.7,8,0.4105331599712372,0.4105786681175232,0.4105786681175232,0.4105331599712372,-4.550814628601074e-05,-4.550814628601074e-05,0.6410431861877441,-0.04583834111690521,0.18990619480609894
2026_08_18_00_46_25_193744_L1_right_C2,L1,C2,4.0,0.3389097514813868,red,right,left,right,pick up the red block,10,postgrasp,156,172,16,1.0,0.9717514124293786,0,8,0.3,0.7,8,0.44435060024261475,0.46709898114204407,0.46709898114204407,0.44435060024261475,-0.02274838089942932,-0.02274838089942932,0.6414803266525269,-0.04582304507493973,0.19030790030956268
2026_08_18_00_46_25_193744_L1_right_C2,L1,C2,4.0,0.3389097514813868,red,right,left,right,pick up the red block,10,postgrasp,156,172,16,1.0,0.9717514124293786,1,8,0.3,0.7,8,0.4615474343299866,0.47972774505615234,0.47972774505615234,0.4615474343299866,-0.01818031072616577,-0.01818031072616577,0.6414803266525269,-0.04582304507493973,0.19030790030956268
2026_08_18_00_46_25_193744_L1_right_C2,L1,C2,4.0,0.3389097514813868,red,right,left,right,pick up the red block,10,postgrasp,156,172,16,1.0,0.9717514124293786,2,8,0.3,0.7,8,0.4699488878250122,0.5060886144638062,0.5060886144638062,0.4699488878250122,-0.036139726638793945,-0.036139726638793945,0.6414803266525269,-0.04582304507493973,0.19030790030956268
2026_08_18_00_46_25_193744_L1_right_C2,L1,C2,4.0,0.3389097514813868,red,right,left,right,pick up the red block,10,postgrasp,156,172,16,1.0,0.9717514124293786,3,8,0.3,0.7,8,0.5213584899902344,0.5220199823379517,0.5220199823379517,0.5213584899902344,-0.0006614923477172852,-0.0006614923477172852,0.6414803266525269,-0.04582304507493973,0.19030790030956268
2026_08_18_00_46_25_193744_L1_right_C2,L1,C2,4.0,0.3389097514813868,red,right,left,right,pick up the red block,10,postgrasp,156,172,16,1.0,0.9717514124293786,4,8,0.3,0.7,8,0.4137943983078003,0.42878222465515137,0.42878222465515137,0.4137943983078003,-0.014987826347351074,-0.014987826347351074,0.6414803266525269,-0.04582304507493973,0.19030790030956268
2026_08_18_00_46_25_193744_L1_right_C2,L1,C2,4.0,0.3389097514813868,red,right,left,right,pick up the red block,10,postgrasp,156,172,16,1.0,0.9717514124293786,5,8,0.3,0.7,8,0.44423630833625793,0.4612346887588501,0.4612346887588501,0.44423630833625793,-0.016998380422592163,-0.016998380422592163,0.6414803266525269,-0.04582304507493973,0.19030790030956268
2026_08_18_00_46_25_193744_L1_right_C2,L1,C2,4.0,0.3389097514813868,red,right,left,right,pick up the red block,10,postgrasp,156,172,16,1.0,0.9717514124293786,6,8,0.3,0.7,8,0.4070432484149933,0.41426149010658264,0.41426149010658264,0.4070432484149933,-0.0072182416915893555,-0.0072182416915893555,0.6414803266525269,-0.04582304507493973,0.19030790030956268
2026_08_18_00_46_25_193744_L1_right_C2,L1,C2,4.0,0.3389097514813868,red,right,left,right,pick up the red block,10,postgrasp,156,172,16,1.0,0.9717514124293786,7,8,0.3,0.7,8,0.41174742579460144,0.4322757422924042,0.4322757422924042,0.41174742579460144,-0.020528316497802734,-0.020528316497802734,0.6414803266525269,-0.04582304507493973,0.19030790030956268
2026_08_18_00_46_25_193744_L1_right_C2,L1,C2,4.0,0.3389097514813868,red,right,left,right,pick up the red block,10,postgrasp,156,172,16,1.0,0.9717514124293786,8,8,0.3,0.7,8,0.42865729331970215,0.4424861669540405,0.4424861669540405,0.42865729331970215,-0.013828873634338379,-0.013828873634338379,0.6414803266525269,-0.04582304507493973,0.19030790030956268
2026_08_18_00_46_25_193744_L1_right_C2,L1,C2,4.0,0.3389097514813868,red,right,left,right,pick up the red block,10,postgrasp,156,172,16,1.0,0.9717514124293786,9,8,0.3,0.7,8,0.49884647130966187,0.4962577223777771,0.4962577223777771,0.49884647130966187,0.0025887489318847656,0.0025887489318847656,0.6414803266525269,-0.04582304507493973,0.19030790030956268
2026_08_18_00_46_25_193744_L1_right_C2,L1,C2,4.0,0.3389097514813868,red,right,left,right,pick up the red block,11,postgrasp,172,177,5,1.0,1.0,0,8,0.3,0.7,8,0.3932885229587555,0.3712961971759796,0.3712961971759796,0.3932885229587555,0.02199232578277588,0.02199232578277588,0.6414818167686462,-0.04582320526242256,0.19030863046646118
2026_08_18_00_46_25_193744_L1_right_C2,L1,C2,4.0,0.3389097514813868,red,right,left,right,pick up the red block,11,postgrasp,172,177,5,1.0,1.0,1,8,0.3,0.7,8,0.37722474336624146,0.36147624254226685,0.36147624254226685,0.37722474336624146,0.01574850082397461,0.01574850082397461,0.6414818167686462,-0.04582320526242256,0.19030863046646118
2026_08_18_00_46_25_193744_L1_right_C2,L1,C2,4.0,0.3389097514813868,red,right,left,right,pick up the red block,11,postgrasp,172,177,5,1.0,1.0,2,8,0.3,0.7,8,0.34916356205940247,0.3305667042732239,0.3305667042732239,0.34916356205940247,0.01859685778617859,0.01859685778617859,0.6414818167686462,-0.04582320526242256,0.19030863046646118
2026_08_18_00_46_25_193744_L1_right_C2,L1,C2,4.0,0.3389097514813868,red,right,left,right,pick up the red block,11,postgrasp,172,177,5,1.0,1.0,3,8,0.3,0.7,8,0.27152860164642334,0.25697433948516846,0.25697433948516846,0.27152860164642334,0.014554262161254883,0.014554262161254883,0.6414818167686462,-0.04582320526242256,0.19030863046646118
2026_08_18_00_46_25_193744_L1_right_C2,L1,C2,4.0,0.3389097514813868,red,right,left,right,pick up the red block,11,postgrasp,172,177,5,1.0,1.0,4,8,0.3,0.7,8,0.33540207147598267,0.32584255933761597,0.32584255933761597,0.33540207147598267,0.0095595121383667,0.0095595121383667,0.6414818167686462,-0.04582320526242256,0.19030863046646118
2026_08_18_00_46_25_193744_L1_right_C2,L1,C2,4.0,0.3389097514813868,red,right,left,right,pick up the red block,11,postgrasp,172,177,5,1.0,1.0,5,8,0.3,0.7,8,0.4188060760498047,0.39637675881385803,0.39637675881385803,0.4188060760498047,0.022429317235946655,0.022429317235946655,0.6414818167686462,-0.04582320526242256,0.19030863046646118
2026_08_18_00_46_25_193744_L1_right_C2,L1,C2,4.0,0.3389097514813868,red,right,left,right,pick up the red block,11,postgrasp,172,177,5,1.0,1.0,6,8,0.3,0.7,8,0.3287371098995209,0.30745765566825867,0.30745765566825867,0.3287371098995209,0.021279454231262207,0.021279454231262207,0.6414818167686462,-0.04582320526242256,0.19030863046646118
2026_08_18_00_46_25_193744_L1_right_C2,L1,C2,4.0,0.3389097514813868,red,right,left,right,pick up the red block,11,postgrasp,172,177,5,1.0,1.0,7,8,0.3,0.7,8,0.299276202917099,0.28974655270576477,0.28974655270576477,0.299276202917099,0.009529650211334229,0.009529650211334229,0.6414818167686462,-0.04582320526242256,0.19030863046646118
2026_08_18_00_46_25_193744_L1_right_C2,L1,C2,4.0,0.3389097514813868,red,right,left,right,pick up the red block,11,postgrasp,172,177,5,1.0,1.0,8,8,0.3,0.7,8,0.29848191142082214,0.28212061524391174,0.28212061524391174,0.29848191142082214,0.0163612961769104,0.0163612961769104,0.6414818167686462,-0.04582320526242256,0.19030863046646118
2026_08_18_00_46_25_193744_L1_right_C2,L1,C2,4.0,0.3389097514813868,red,right,left,right,pick up the red block,11,postgrasp,172,177,5,1.0,1.0,9,8,0.3,0.7,8,0.36082059144973755,0.33832651376724243,0.33832651376724243,0.36082059144973755,0.022494077682495117,0.022494077682495117,0.6414818167686462,-0.04582320526242256,0.19030863046646118
2026_08_18_00_48_13_457980_L1_left_C0,L1,C0,0.0,0.0,red,left,right,left,pick up the red block,0,pregrasp,0,16,16,0.13793103448275862,0.11678832116788321,0,8,0.3,0.7,8,0.3124493658542633,0.24954113364219666,0.24954113364219666,0.3124493658542633,0.06290823221206665,0.06290823221206665,0.38151416182518005,-0.0034299236722290516,0.46659812331199646
2026_08_18_00_48_13_457980_L1_left_C0,L1,C0,0.0,0.0,red,left,right,left,pick up the red block,0,pregrasp,0,16,16,0.13793103448275862,0.11678832116788321,1,8,0.3,0.7,8,0.4049893617630005,0.3809530436992645,0.3809530436992645,0.4049893617630005,0.024036318063735962,0.024036318063735962,0.38151416182518005,-0.0034299236722290516,0.46659812331199646
2026_08_18_00_48_13_457980_L1_left_C0,L1,C0,0.0,0.0,red,left,right,left,pick up the red block,0,pregrasp,0,16,16,0.13793103448275862,0.11678832116788321,2,8,0.3,0.7,8,0.31784799695014954,0.22887898981571198,0.22887898981571198,0.31784799695014954,0.08896900713443756,0.08896900713443756,0.38151416182518005,-0.0034299236722290516,0.46659812331199646
2026_08_18_00_48_13_457980_L1_left_C0,L1,C0,0.0,0.0,red,left,right,left,pick up the red block,0,pregrasp,0,16,16,0.13793103448275862,0.11678832116788321,3,8,0.3,0.7,8,0.27597498893737793,0.22737063467502594,0.22737063467502594,0.27597498893737793,0.04860435426235199,0.04860435426235199,0.38151416182518005,-0.0034299236722290516,0.46659812331199646
2026_08_18_00_48_13_457980_L1_left_C0,L1,C0,0.0,0.0,red,left,right,left,pick up the red block,0,pregrasp,0,16,16,0.13793103448275862,0.11678832116788321,4,8,0.3,0.7,8,0.32818013429641724,0.29292067885398865,0.29292067885398865,0.32818013429641724,0.03525945544242859,0.03525945544242859,0.38151416182518005,-0.0034299236722290516,0.46659812331199646
2026_08_18_00_48_13_457980_L1_left_C0,L1,C0,0.0,0.0,red,left,right,left,pick up the red block,0,pregrasp,0,16,16,0.13793103448275862,0.11678832116788321,5,8,0.3,0.7,8,0.29992684721946716,0.2580070197582245,0.2580070197582245,0.29992684721946716,0.041919827461242676,0.041919827461242676,0.38151416182518005,-0.0034299236722290516,0.46659812331199646
2026_08_18_00_48_13_457980_L1_left_C0,L1,C0,0.0,0.0,red,left,right,left,pick up the red block,0,pregrasp,0,16,16,0.13793103448275862,0.11678832116788321,6,8,0.3,0.7,8,0.25870323181152344,0.17278555035591125,0.17278555035591125,0.25870323181152344,0.08591768145561218,0.08591768145561218,0.38151416182518005,-0.0034299236722290516,0.46659812331199646
2026_08_18_00_48_13_457980_L1_left_C0,L1,C0,0.0,0.0,red,left,right,left,pick up the red block,0,pregrasp,0,16,16,0.13793103448275862,0.11678832116788321,7,8,0.3,0.7,8,0.3844314217567444,0.29832127690315247,0.29832127690315247,0.3844314217567444,0.08611014485359192,0.08611014485359192,0.38151416182518005,-0.0034299236722290516,0.46659812331199646
2026_08_18_00_48_13_457980_L1_left_C0,L1,C0,0.0,0.0,red,left,right,left,pick up the red block,0,pregrasp,0,16,16,0.13793103448275862,0.11678832116788321,8,8,0.3,0.7,8,0.3459089696407318,0.3092615008354187,0.3092615008354187,0.3459089696407318,0.03664746880531311,0.03664746880531311,0.38151416182518005,-0.0034299236722290516,0.46659812331199646
2026_08_18_00_48_13_457980_L1_left_C0,L1,C0,0.0,0.0,red,left,right,left,pick up the red block,0,pregrasp,0,16,16,0.13793103448275862,0.11678832116788321,9,8,0.3,0.7,8,0.3421560227870941,0.3511653244495392,0.3511653244495392,0.3421560227870941,-0.009009301662445068,-0.009009301662445068,0.38151416182518005,-0.0034299236722290516,0.46659812331199646
2026_08_18_00_48_13_457980_L1_left_C0,L1,C0,0.0,0.0,red,left,right,left,pick up the red block,1,pregrasp,16,32,16,0.27586206896551724,0.23357664233576642,0,8,0.3,0.7,8,0.24414831399917603,0.27343833446502686,0.27343833446502686,0.24414831399917603,-0.02929002046585083,-0.02929002046585083,0.4242289662361145,0.003223566571250558,0.41246289014816284
2026_08_18_00_48_13_457980_L1_left_C0,L1,C0,0.0,0.0,red,left,right,left,pick up the red block,1,pregrasp,16,32,16,0.27586206896551724,0.23357664233576642,1,8,0.3,0.7,8,0.35234519839286804,0.4143087565898895,0.4143087565898895,0.35234519839286804,-0.061963558197021484,-0.061963558197021484,0.4242289662361145,0.003223566571250558,0.41246289014816284
2026_08_18_00_48_13_457980_L1_left_C0,L1,C0,0.0,0.0,red,left,right,left,pick up the red block,1,pregrasp,16,32,16,0.27586206896551724,0.23357664233576642,2,8,0.3,0.7,8,0.28550922870635986,0.3377678394317627,0.3377678394317627,0.28550922870635986,-0.05225861072540283,-0.05225861072540283,0.4242289662361145,0.003223566571250558,0.41246289014816284
2026_08_18_00_48_13_457980_L1_left_C0,L1,C0,0.0,0.0,red,left,right,left,pick up the red block,1,pregrasp,16,32,16,0.27586206896551724,0.23357664233576642,3,8,0.3,0.7,8,0.24523645639419556,0.2853774428367615,0.2853774428367615,0.24523645639419556,-0.04014098644256592,-0.04014098644256592,0.4242289662361145,0.003223566571250558,0.41246289014816284
2026_08_18_00_48_13_457980_L1_left_C0,L1,C0,0.0,0.0,red,left,right,left,pick up the red block,1,pregrasp,16,32,16,0.27586206896551724,0.23357664233576642,4,8,0.3,0.7,8,0.24671320617198944,0.28225988149642944,0.28225988149642944,0.24671320617198944,-0.03554667532444,-0.03554667532444,0.4242289662361145,0.003223566571250558,0.41246289014816284
2026_08_18_00_48_13_457980_L1_left_C0,L1,C0,0.0,0.0,red,left,right,left,pick up the red block,1,pregrasp,16,32,16,0.27586206896551724,0.23357664233576642,5,8,0.3,0.7,8,0.2890480160713196,0.3689524829387665,0.3689524829387665,0.2890480160713196,-0.0799044668674469,-0.0799044668674469,0.4242289662361145,0.003223566571250558,0.41246289014816284
2026_08_18_00_48_13_457980_L1_left_C0,L1,C0,0.0,0.0,red,left,right,left,pick up the red block,1,pregrasp,16,32,16,0.27586206896551724,0.23357664233576642,6,8,0.3,0.7,8,0.2530519366264343,0.2920357584953308,0.2920357584953308,0.2530519366264343,-0.038983821868896484,-0.038983821868896484,0.4242289662361145,0.003223566571250558,0.41246289014816284
2026_08_18_00_48_13_457980_L1_left_C0,L1,C0,0.0,0.0,red,left,right,left,pick up the red block,1,pregrasp,16,32,16,0.27586206896551724,0.23357664233576642,7,8,0.3,0.7,8,0.21920229494571686,0.2576380670070648,0.2576380670070648,0.21920229494571686,-0.03843577206134796,-0.03843577206134796,0.4242289662361145,0.003223566571250558,0.41246289014816284
2026_08_18_00_48_13_457980_L1_left_C0,L1,C0,0.0,0.0,red,left,right,left,pick up the red block,1,pregrasp,16,32,16,0.27586206896551724,0.23357664233576642,8,8,0.3,0.7,8,0.2080027163028717,0.21952641010284424,0.21952641010284424,0.2080027163028717,-0.011523693799972534,-0.011523693799972534,0.4242289662361145,0.003223566571250558,0.41246289014816284
2026_08_18_00_48_13_457980_L1_left_C0,L1,C0,0.0,0.0,red,left,right,left,pick up the red block,1,pregrasp,16,32,16,0.27586206896551724,0.23357664233576642,9,8,0.3,0.7,8,0.2219197154045105,0.275501012802124,0.275501012802124,0.2219197154045105,-0.053581297397613525,-0.053581297397613525,0.4242289662361145,0.003223566571250558,0.41246289014816284
2026_08_18_00_48_13_457980_L1_left_C0,L1,C0,0.0,0.0,red,left,right,left,pick up the red block,2,pregrasp,32,48,16,0.41379310344827586,0.35036496350364965,0,8,0.3,0.7,8,0.21431051194667816,0.24250787496566772,0.24250787496566772,0.21431051194667816,-0.028197363018989563,-0.028197363018989563,0.472877562046051,0.010629075579345226,0.3630729913711548
2026_08_18_00_48_13_457980_L1_left_C0,L1,C0,0.0,0.0,red,left,right,left,pick up the red block,2,pregrasp,32,48,16,0.41379310344827586,0.35036496350364965,1,8,0.3,0.7,8,0.15534421801567078,0.18736347556114197,0.18736347556114197,0.15534421801567078,-0.03201925754547119,-0.03201925754547119,0.472877562046051,0.010629075579345226,0.3630729913711548
2026_08_18_00_48_13_457980_L1_left_C0,L1,C0,0.0,0.0,red,left,right,left,pick up the red block,2,pregrasp,32,48,16,0.41379310344827586,0.35036496350364965,2,8,0.3,0.7,8,0.29582446813583374,0.3370130658149719,0.3370130658149719,0.29582446813583374,-0.041188597679138184,-0.041188597679138184,0.472877562046051,0.010629075579345226,0.3630729913711548
2026_08_18_00_48_13_457980_L1_left_C0,L1,C0,0.0,0.0,red,left,right,left,pick up the red block,2,pregrasp,32,48,16,0.41379310344827586,0.35036496350364965,3,8,0.3,0.7,8,0.2630292773246765,0.32590097188949585,0.32590097188949585,0.2630292773246765,-0.06287169456481934,-0.06287169456481934,0.472877562046051,0.010629075579345226,0.3630729913711548
2026_08_18_00_48_13_457980_L1_left_C0,L1,C0,0.0,0.0,red,left,right,left,pick up the red block,2,pregrasp,32,48,16,0.41379310344827586,0.35036496350364965,4,8,0.3,0.7,8,0.24843917787075043,0.2832816541194916,0.2832816541194916,0.24843917787075043,-0.03484247624874115,-0.03484247624874115,0.472877562046051,0.010629075579345226,0.3630729913711548
2026_08_18_00_48_13_457980_L1_left_C0,L1,C0,0.0,0.0,red,left,right,left,pick up the red block,2,pregrasp,32,48,16,0.41379310344827586,0.35036496350364965,5,8,0.3,0.7,8,0.23041261732578278,0.27512067556381226,0.27512067556381226,0.23041261732578278,-0.04470805823802948,-0.04470805823802948,0.472877562046051,0.010629075579345226,0.3630729913711548
2026_08_18_00_48_13_457980_L1_left_C0,L1,C0,0.0,0.0,red,left,right,left,pick up the red block,2,pregrasp,32,48,16,0.41379310344827586,0.35036496350364965,6,8,0.3,0.7,8,0.23554494976997375,0.27849364280700684,0.27849364280700684,0.23554494976997375,-0.04294869303703308,-0.04294869303703308,0.472877562046051,0.010629075579345226,0.3630729913711548
2026_08_18_00_48_13_457980_L1_left_C0,L1,C0,0.0,0.0,red,left,right,left,pick up the red block,2,pregrasp,32,48,16,0.41379310344827586,0.35036496350364965,7,8,0.3,0.7,8,0.2439284473657608,0.2716197073459625,0.2716197073459625,0.2439284473657608,-0.02769125998020172,-0.02769125998020172,0.472877562046051,0.010629075579345226,0.3630729913711548
2026_08_18_00_48_13_457980_L1_left_C0,L1,C0,0.0,0.0,red,left,right,left,pick up the red block,2,pregrasp,32,48,16,0.41379310344827586,0.35036496350364965,8,8,0.3,0.7,8,0.17930978536605835,0.21991944313049316,0.21991944313049316,0.17930978536605835,-0.040609657764434814,-0.040609657764434814,0.472877562046051,0.010629075579345226,0.3630729913711548
2026_08_18_00_48_13_457980_L1_left_C0,L1,C0,0.0,0.0,red,left,right,left,pick up the red block,2,pregrasp,32,48,16,0.41379310344827586,0.35036496350364965,9,8,0.3,0.7,8,0.32148921489715576,0.3354562222957611,0.3354562222957611,0.32148921489715576,-0.013967007398605347,-0.013967007398605347,0.472877562046051,0.010629075579345226,0.3630729913711548
2026_08_18_00_48_13_457980_L1_left_C0,L1,C0,0.0,0.0,red,left,right,left,pick up the red block,3,pregrasp,48,64,16,0.5517241379310345,0.46715328467153283,0,8,0.3,0.7,8,0.3334961533546448,0.264383465051651,0.264383465051651,0.3334961533546448,0.06911268830299377,0.06911268830299377,0.521206259727478,0.018230615183711052,0.3134201467037201
2026_08_18_00_48_13_457980_L1_left_C0,L1,C0,0.0,0.0,red,left,right,left,pick up the red block,3,pregrasp,48,64,16,0.5517241379310345,0.46715328467153283,1,8,0.3,0.7,8,0.2909797728061676,0.23970192670822144,0.23970192670822144,0.2909797728061676,0.05127784609794617,0.05127784609794617,0.521206259727478,0.018230615183711052,0.3134201467037201
2026_08_18_00_48_13_457980_L1_left_C0,L1,C0,0.0,0.0,red,left,right,left,pick up the red block,3,pregrasp,48,64,16,0.5517241379310345,0.46715328467153283,2,8,0.3,0.7,8,0.3017982840538025,0.24738380312919617,0.24738380312919617,0.3017982840538025,0.05441448092460632,0.05441448092460632,0.521206259727478,0.018230615183711052,0.3134201467037201
2026_08_18_00_48_13_457980_L1_left_C0,L1,C0,0.0,0.0,red,left,right,left,pick up the red block,3,pregrasp,48,64,16,0.5517241379310345,0.46715328467153283,3,8,0.3,0.7,8,0.15239524841308594,0.15070444345474243,0.15070444345474243,0.15239524841308594,0.0016908049583435059,0.0016908049583435059,0.521206259727478,0.018230615183711052,0.3134201467037201
2026_08_18_00_48_13_457980_L1_left_C0,L1,C0,0.0,0.0,red,left,right,left,pick up the red block,3,pregrasp,48,64,16,0.5517241379310345,0.46715328467153283,4,8,0.3,0.7,8,0.1410277783870697,0.11887522786855698,0.11887522786855698,0.1410277783870697,0.022152550518512726,0.022152550518512726,0.521206259727478,0.018230615183711052,0.3134201467037201
2026_08_18_00_48_13_457980_L1_left_C0,L1,C0,0.0,0.0,red,left,right,left,pick up the red block,3,pregrasp,48,64,16,0.5517241379310345,0.46715328467153283,5,8,0.3,0.7,8,0.2112867534160614,0.1816946119070053,0.1816946119070053,0.2112867534160614,0.02959214150905609,0.02959214150905609,0.521206259727478,0.018230615183711052,0.3134201467037201
2026_08_18_00_48_13_457980_L1_left_C0,L1,C0,0.0,0.0,red,left,right,left,pick up the red block,3,pregrasp,48,64,16,0.5517241379310345,0.46715328467153283,6,8,0.3,0.7,8,0.3667975068092346,0.3185712397098541,0.3185712397098541,0.3667975068092346,0.04822626709938049,0.04822626709938049,0.521206259727478,0.018230615183711052,0.3134201467037201
2026_08_18_00_48_13_457980_L1_left_C0,L1,C0,0.0,0.0,red,left,right,left,pick up the red block,3,pregrasp,48,64,16,0.5517241379310345,0.46715328467153283,7,8,0.3,0.7,8,0.25317326188087463,0.2304375171661377,0.2304375171661377,0.25317326188087463,0.02273574471473694,0.02273574471473694,0.521206259727478,0.018230615183711052,0.3134201467037201
2026_08_18_00_48_13_457980_L1_left_C0,L1,C0,0.0,0.0,red,left,right,left,pick up the red block,3,pregrasp,48,64,16,0.5517241379310345,0.46715328467153283,8,8,0.3,0.7,8,0.38534122705459595,0.31332942843437195,0.31332942843437195,0.38534122705459595,0.072011798620224,0.072011798620224,0.521206259727478,0.018230615183711052,0.3134201467037201
2026_08_18_00_48_13_457980_L1_left_C0,L1,C0,0.0,0.0,red,left,right,left,pick up the red block,3,pregrasp,48,64,16,0.5517241379310345,0.46715328467153283,9,8,0.3,0.7,8,0.1779828667640686,0.1644909381866455,0.1644909381866455,0.1779828667640686,0.013491928577423096,0.013491928577423096,0.521206259727478,0.018230615183711052,0.3134201467037201
2026_08_18_00_48_13_457980_L1_left_C0,L1,C0,0.0,0.0,red,left,right,left,pick up the red block,4,pregrasp,64,80,16,0.6896551724137931,0.583941605839416,0,8,0.3,0.7,8,0.3059985637664795,0.17850613594055176,0.17850613594055176,0.3059985637664795,0.12749242782592773,0.12749242782592773,0.5696132183074951,0.026158731430768967,0.26392096281051636
2026_08_18_00_48_13_457980_L1_left_C0,L1,C0,0.0,0.0,red,left,right,left,pick up the red block,4,pregrasp,64,80,16,0.6896551724137931,0.583941605839416,1,8,0.3,0.7,8,0.292212575674057,0.17377600073814392,0.17377600073814392,0.292212575674057,0.11843657493591309,0.11843657493591309,0.5696132183074951,0.026158731430768967,0.26392096281051636
2026_08_18_00_48_13_457980_L1_left_C0,L1,C0,0.0,0.0,red,left,right,left,pick up the red block,4,pregrasp,64,80,16,0.6896551724137931,0.583941605839416,2,8,0.3,0.7,8,0.2848830223083496,0.19081233441829681,0.19081233441829681,0.2848830223083496,0.0940706878900528,0.0940706878900528,0.5696132183074951,0.026158731430768967,0.26392096281051636
2026_08_18_00_48_13_457980_L1_left_C0,L1,C0,0.0,0.0,red,left,right,left,pick up the red block,4,pregrasp,64,80,16,0.6896551724137931,0.583941605839416,3,8,0.3,0.7,8,0.3220351040363312,0.2122575342655182,0.2122575342655182,0.3220351040363312,0.10977756977081299,0.10977756977081299,0.5696132183074951,0.026158731430768967,0.26392096281051636
2026_08_18_00_48_13_457980_L1_left_C0,L1,C0,0.0,0.0,red,left,right,left,pick up the red block,4,pregrasp,64,80,16,0.6896551724137931,0.583941605839416,4,8,0.3,0.7,8,0.3319258391857147,0.21085521578788757,0.21085521578788757,0.3319258391857147,0.12107062339782715,0.12107062339782715,0.5696132183074951,0.026158731430768967,0.26392096281051636
2026_08_18_00_48_13_457980_L1_left_C0,L1,C0,0.0,0.0,red,left,right,left,pick up the red block,4,pregrasp,64,80,16,0.6896551724137931,0.583941605839416,5,8,0.3,0.7,8,0.33073344826698303,0.21583251655101776,0.21583251655101776,0.33073344826698303,0.11490093171596527,0.11490093171596527,0.5696132183074951,0.026158731430768967,0.26392096281051636
2026_08_18_00_48_13_457980_L1_left_C0,L1,C0,0.0,0.0,red,left,right,left,pick up the red block,4,pregrasp,64,80,16,0.6896551724137931,0.583941605839416,6,8,0.3,0.7,8,0.360100120306015,0.22828719019889832,0.22828719019889832,0.360100120306015,0.1318129301071167,0.1318129301071167,0.5696132183074951,0.026158731430768967,0.26392096281051636
2026_08_18_00_48_13_457980_L1_left_C0,L1,C0,0.0,0.0,red,left,right,left,pick up the red block,4,pregrasp,64,80,16,0.6896551724137931,0.583941605839416,7,8,0.3,0.7,8,0.18646033108234406,0.0935172289609909,0.0935172289609909,0.18646033108234406,0.09294310212135315,0.09294310212135315,0.5696132183074951,0.026158731430768967,0.26392096281051636
2026_08_18_00_48_13_457980_L1_left_C0,L1,C0,0.0,0.0,red,left,right,left,pick up the red block,4,pregrasp,64,80,16,0.6896551724137931,0.583941605839416,8,8,0.3,0.7,8,0.21076376736164093,0.11997336149215698,0.11997336149215698,0.21076376736164093,0.09079040586948395,0.09079040586948395,0.5696132183074951,0.026158731430768967,0.26392096281051636
2026_08_18_00_48_13_457980_L1_left_C0,L1,C0,0.0,0.0,red,left,right,left,pick up the red block,4,pregrasp,64,80,16,0.6896551724137931,0.583941605839416,9,8,0.3,0.7,8,0.16305777430534363,0.10099387168884277,0.10099387168884277,0.16305777430534363,0.062063902616500854,0.062063902616500854,0.5696132183074951,0.026158731430768967,0.26392096281051636
2026_08_18_00_48_13_457980_L1_left_C0,L1,C0,0.0,0.0,red,left,right,left,pick up the red block,5,pregrasp,80,96,16,0.8275862068965517,0.7007299270072993,0,8,0.3,0.7,8,0.31343162059783936,0.272831529378891,0.272831529378891,0.31343162059783936,0.040600091218948364,0.040600091218948364,0.6183848977088928,0.03343290090560913,0.21400782465934753
2026_08_18_00_48_13_457980_L1_left_C0,L1,C0,0.0,0.0,red,left,right,left,pick up the red block,5,pregrasp,80,96,16,0.8275862068965517,0.7007299270072993,1,8,0.3,0.7,8,0.15219512581825256,0.12978026270866394,0.12978026270866394,0.15219512581825256,0.022414863109588623,0.022414863109588623,0.6183848977088928,0.03343290090560913,0.21400782465934753
2026_08_18_00_48_13_457980_L1_left_C0,L1,C0,0.0,0.0,red,left,right,left,pick up the red block,5,pregrasp,80,96,16,0.8275862068965517,0.7007299270072993,2,8,0.3,0.7,8,0.17092075943946838,0.14883054792881012,0.14883054792881012,0.17092075943946838,0.022090211510658264,0.022090211510658264,0.6183848977088928,0.03343290090560913,0.21400782465934753
2026_08_18_00_48_13_457980_L1_left_C0,L1,C0,0.0,0.0,red,left,right,left,pick up the red block,5,pregrasp,80,96,16,0.8275862068965517,0.7007299270072993,3,8,0.3,0.7,8,0.27177107334136963,0.24097280204296112,0.24097280204296112,0.27177107334136963,0.03079827129840851,0.03079827129840851,0.6183848977088928,0.03343290090560913,0.21400782465934753
2026_08_18_00_48_13_457980_L1_left_C0,L1,C0,0.0,0.0,red,left,right,left,pick up the red block,5,pregrasp,80,96,16,0.8275862068965517,0.7007299270072993,4,8,0.3,0.7,8,0.30165937542915344,0.2645999491214752,0.2645999491214752,0.30165937542915344,0.03705942630767822,0.03705942630767822,0.6183848977088928,0.03343290090560913,0.21400782465934753
2026_08_18_00_48_13_457980_L1_left_C0,L1,C0,0.0,0.0,red,left,right,left,pick up the red block,5,pregrasp,80,96,16,0.8275862068965517,0.7007299270072993,5,8,0.3,0.7,8,0.20607635378837585,0.1800733357667923,0.1800733357667923,0.20607635378837585,0.026003018021583557,0.026003018021583557,0.6183848977088928,0.03343290090560913,0.21400782465934753
2026_08_18_00_48_13_457980_L1_left_C0,L1,C0,0.0,0.0,red,left,right,left,pick up the red block,5,pregrasp,80,96,16,0.8275862068965517,0.7007299270072993,6,8,0.3,0.7,8,0.31583690643310547,0.27339431643486023,0.27339431643486023,0.31583690643310547,0.04244258999824524,0.04244258999824524,0.6183848977088928,0.03343290090560913,0.21400782465934753
2026_08_18_00_48_13_457980_L1_left_C0,L1,C0,0.0,0.0,red,left,right,left,pick up the red block,5,pregrasp,80,96,16,0.8275862068965517,0.7007299270072993,7,8,0.3,0.7,8,0.22152431309223175,0.19888699054718018,0.19888699054718018,0.22152431309223175,0.022637322545051575,0.022637322545051575,0.6183848977088928,0.03343290090560913,0.21400782465934753
2026_08_18_00_48_13_457980_L1_left_C0,L1,C0,0.0,0.0,red,left,right,left,pick up the red block,5,pregrasp,80,96,16,0.8275862068965517,0.7007299270072993,8,8,0.3,0.7,8,0.15963837504386902,0.13941016793251038,0.13941016793251038,0.15963837504386902,0.020228207111358643,0.020228207111358643,0.6183848977088928,0.03343290090560913,0.21400782465934753
2026_08_18_00_48_13_457980_L1_left_C0,L1,C0,0.0,0.0,red,left,right,left,pick up the red block,5,pregrasp,80,96,16,0.8275862068965517,0.7007299270072993,9,8,0.3,0.7,8,0.2100420892238617,0.1764070689678192,0.1764070689678192,0.2100420892238617,0.03363502025604248,0.03363502025604248,0.6183848977088928,0.03343290090560913,0.21400782465934753
2026_08_18_00_48_13_457980_L1_left_C0,L1,C0,0.0,0.0,red,left,right,left,pick up the red block,6,pregrasp,96,112,16,0.9655172413793104,0.8175182481751825,0,8,0.3,0.7,8,0.2730216383934021,0.24271687865257263,0.24271687865257263,0.2730216383934021,0.030304759740829468,0.030304759740829468,0.6422836184501648,0.03716021031141281,0.1893698126077652
2026_08_18_00_48_13_457980_L1_left_C0,L1,C0,0.0,0.0,red,left,right,left,pick up the red block,6,pregrasp,96,112,16,0.9655172413793104,0.8175182481751825,1,8,0.3,0.7,8,0.228935107588768,0.23028749227523804,0.23028749227523804,0.228935107588768,-0.0013523846864700317,-0.0013523846864700317,0.6422836184501648,0.03716021031141281,0.1893698126077652
2026_08_18_00_48_13_457980_L1_left_C0,L1,C0,0.0,0.0,red,left,right,left,pick up the red block,6,pregrasp,96,112,16,0.9655172413793104,0.8175182481751825,2,8,0.3,0.7,8,0.2259451448917389,0.2034355252981186,0.2034355252981186,0.2259451448917389,0.0225096195936203,0.0225096195936203,0.6422836184501648,0.03716021031141281,0.1893698126077652
2026_08_18_00_48_13_457980_L1_left_C0,L1,C0,0.0,0.0,red,left,right,left,pick up the red block,6,pregrasp,96,112,16,0.9655172413793104,0.8175182481751825,3,8,0.3,0.7,8,0.2553504407405853,0.23093102872371674,0.23093102872371674,0.2553504407405853,0.02441941201686859,0.02441941201686859,0.6422836184501648,0.03716021031141281,0.1893698126077652
2026_08_18_00_48_13_457980_L1_left_C0,L1,C0,0.0,0.0,red,left,right,left,pick up the red block,6,pregrasp,96,112,16,0.9655172413793104,0.8175182481751825,4,8,0.3,0.7,8,0.3020053803920746,0.2917866110801697,0.2917866110801697,0.3020053803920746,0.010218769311904907,0.010218769311904907,0.6422836184501648,0.03716021031141281,0.1893698126077652
2026_08_18_00_48_13_457980_L1_left_C0,L1,C0,0.0,0.0,red,left,right,left,pick up the red block,6,pregrasp,96,112,16,0.9655172413793104,0.8175182481751825,5,8,0.3,0.7,8,0.22422534227371216,0.1910097450017929,0.1910097450017929,0.22422534227371216,0.03321559727191925,0.03321559727191925,0.6422836184501648,0.03716021031141281,0.1893698126077652
2026_08_18_00_48_13_457980_L1_left_C0,L1,C0,0.0,0.0,red,left,right,left,pick up the red block,6,pregrasp,96,112,16,0.9655172413793104,0.8175182481751825,6,8,0.3,0.7,8,0.1662428230047226,0.14657065272331238,0.14657065272331238,0.1662428230047226,0.019672170281410217,0.019672170281410217,0.6422836184501648,0.03716021031141281,0.1893698126077652
2026_08_18_00_48_13_457980_L1_left_C0,L1,C0,0.0,0.0,red,left,right,left,pick up the red block,6,pregrasp,96,112,16,0.9655172413793104,0.8175182481751825,7,8,0.3,0.7,8,0.28865060210227966,0.2513731122016907,0.2513731122016907,0.28865060210227966,0.03727748990058899,0.03727748990058899,0.6422836184501648,0.03716021031141281,0.1893698126077652
2026_08_18_00_48_13_457980_L1_left_C0,L1,C0,0.0,0.0,red,left,right,left,pick up the red block,6,pregrasp,96,112,16,0.9655172413793104,0.8175182481751825,8,8,0.3,0.7,8,0.3139490783214569,0.28538966178894043,0.28538966178894043,0.3139490783214569,0.02855941653251648,0.02855941653251648,0.6422836184501648,0.03716021031141281,0.1893698126077652
2026_08_18_00_48_13_457980_L1_left_C0,L1,C0,0.0,0.0,red,left,right,left,pick up the red block,6,pregrasp,96,112,16,0.9655172413793104,0.8175182481751825,9,8,0.3,0.7,8,0.33321332931518555,0.28972020745277405,0.28972020745277405,0.33321332931518555,0.0434931218624115,0.0434931218624115,0.6422836184501648,0.03716021031141281,0.1893698126077652
2026_08_18_00_48_13_457980_L1_left_C0,L1,C0,0.0,0.0,red,left,right,left,pick up the red block,7,pregrasp,112,116,4,1.0,0.8467153284671532,0,8,0.3,0.7,8,0.2778712809085846,0.2536442279815674,0.2536442279815674,0.2778712809085846,0.024227052927017212,0.024227052927017212,0.6422896385192871,0.037183549255132675,0.18937361240386963
2026_08_18_00_48_13_457980_L1_left_C0,L1,C0,0.0,0.0,red,left,right,left,pick up the red block,7,pregrasp,112,116,4,1.0,0.8467153284671532,1,8,0.3,0.7,8,0.36937350034713745,0.3513200283050537,0.3513200283050537,0.36937350034713745,0.01805347204208374,0.01805347204208374,0.6422896385192871,0.037183549255132675,0.18937361240386963
2026_08_18_00_48_13_457980_L1_left_C0,L1,C0,0.0,0.0,red,left,right,left,pick up the red block,7,pregrasp,112,116,4,1.0,0.8467153284671532,2,8,0.3,0.7,8,0.3544716238975525,0.343868225812912,0.343868225812912,0.3544716238975525,0.010603398084640503,0.010603398084640503,0.6422896385192871,0.037183549255132675,0.18937361240386963
2026_08_18_00_48_13_457980_L1_left_C0,L1,C0,0.0,0.0,red,left,right,left,pick up the red block,7,pregrasp,112,116,4,1.0,0.8467153284671532,3,8,0.3,0.7,8,0.2643999457359314,0.23513385653495789,0.23513385653495789,0.2643999457359314,0.02926608920097351,0.02926608920097351,0.6422896385192871,0.037183549255132675,0.18937361240386963
2026_08_18_00_48_13_457980_L1_left_C0,L1,C0,0.0,0.0,red,left,right,left,pick up the red block,7,pregrasp,112,116,4,1.0,0.8467153284671532,4,8,0.3,0.7,8,0.23826217651367188,0.21992552280426025,0.21992552280426025,0.23826217651367188,0.01833665370941162,0.01833665370941162,0.6422896385192871,0.037183549255132675,0.18937361240386963
2026_08_18_00_48_13_457980_L1_left_C0,L1,C0,0.0,0.0,red,left,right,left,pick up the red block,7,pregrasp,112,116,4,1.0,0.8467153284671532,5,8,0.3,0.7,8,0.2695964574813843,0.2493668794631958,0.2493668794631958,0.2695964574813843,0.020229578018188477,0.020229578018188477,0.6422896385192871,0.037183549255132675,0.18937361240386963
2026_08_18_00_48_13_457980_L1_left_C0,L1,C0,0.0,0.0,red,left,right,left,pick up the red block,7,pregrasp,112,116,4,1.0,0.8467153284671532,6,8,0.3,0.7,8,0.4039863646030426,0.3876534104347229,0.3876534104347229,0.4039863646030426,0.016332954168319702,0.016332954168319702,0.6422896385192871,0.037183549255132675,0.18937361240386963
2026_08_18_00_48_13_457980_L1_left_C0,L1,C0,0.0,0.0,red,left,right,left,pick up the red block,7,pregrasp,112,116,4,1.0,0.8467153284671532,7,8,0.3,0.7,8,0.21641342341899872,0.19647915661334991,0.19647915661334991,0.21641342341899872,0.019934266805648804,0.019934266805648804,0.6422896385192871,0.037183549255132675,0.18937361240386963
2026_08_18_00_48_13_457980_L1_left_C0,L1,C0,0.0,0.0,red,left,right,left,pick up the red block,7,pregrasp,112,116,4,1.0,0.8467153284671532,8,8,0.3,0.7,8,0.3293280601501465,0.3107665777206421,0.3107665777206421,0.3293280601501465,0.018561482429504395,0.018561482429504395,0.6422896385192871,0.037183549255132675,0.18937361240386963
2026_08_18_00_48_13_457980_L1_left_C0,L1,C0,0.0,0.0,red,left,right,left,pick up the red block,7,pregrasp,112,116,4,1.0,0.8467153284671532,9,8,0.3,0.7,8,0.3554563522338867,0.32720401883125305,0.32720401883125305,0.3554563522338867,0.028252333402633667,0.028252333402633667,0.6422896385192871,0.037183549255132675,0.18937361240386963
2026_08_18_00_48_13_457980_L1_left_C0,L1,C0,0.0,0.0,red,left,right,left,pick up the red block,8,postgrasp,116,132,16,1.0,0.9635036496350365,0,8,0.3,0.7,8,0.5150290131568909,0.4561704993247986,0.4561704993247986,0.5150290131568909,0.058858513832092285,0.058858513832092285,0.6426848769187927,0.037345100194215775,0.18979571759700775
2026_08_18_00_48_13_457980_L1_left_C0,L1,C0,0.0,0.0,red,left,right,left,pick up the red block,8,postgrasp,116,132,16,1.0,0.9635036496350365,1,8,0.3,0.7,8,0.3959534168243408,0.3620758652687073,0.3620758652687073,0.3959534168243408,0.033877551555633545,0.033877551555633545,0.6426848769187927,0.037345100194215775,0.18979571759700775
2026_08_18_00_48_13_457980_L1_left_C0,L1,C0,0.0,0.0,red,left,right,left,pick up the red block,8,postgrasp,116,132,16,1.0,0.9635036496350365,2,8,0.3,0.7,8,0.5048416256904602,0.4167366027832031,0.4167366027832031,0.5048416256904602,0.08810502290725708,0.08810502290725708,0.6426848769187927,0.037345100194215775,0.18979571759700775
2026_08_18_00_48_13_457980_L1_left_C0,L1,C0,0.0,0.0,red,left,right,left,pick up the red block,8,postgrasp,116,132,16,1.0,0.9635036496350365,3,8,0.3,0.7,8,0.46492767333984375,0.42138487100601196,0.42138487100601196,0.46492767333984375,0.04354280233383179,0.04354280233383179,0.6426848769187927,0.037345100194215775,0.18979571759700775
2026_08_18_00_48_13_457980_L1_left_C0,L1,C0,0.0,0.0,red,left,right,left,pick up the red block,8,postgrasp,116,132,16,1.0,0.9635036496350365,4,8,0.3,0.7,8,0.48575761914253235,0.4104546010494232,0.4104546010494232,0.48575761914253235,0.07530301809310913,0.07530301809310913,0.6426848769187927,0.037345100194215775,0.18979571759700775
2026_08_18_00_48_13_457980_L1_left_C0,L1,C0,0.0,0.0,red,left,right,left,pick up the red block,8,postgrasp,116,132,16,1.0,0.9635036496350365,5,8,0.3,0.7,8,0.43743956089019775,0.3982255160808563,0.3982255160808563,0.43743956089019775,0.03921404480934143,0.03921404480934143,0.6426848769187927,0.037345100194215775,0.18979571759700775
2026_08_18_00_48_13_457980_L1_left_C0,L1,C0,0.0,0.0,red,left,right,left,pick up the red block,8,postgrasp,116,132,16,1.0,0.9635036496350365,6,8,0.3,0.7,8,0.4713626801967621,0.4100821018218994,0.4100821018218994,0.4713626801967621,0.06128057837486267,0.06128057837486267,0.6426848769187927,0.037345100194215775,0.18979571759700775
2026_08_18_00_48_13_457980_L1_left_C0,L1,C0,0.0,0.0,red,left,right,left,pick up the red block,8,postgrasp,116,132,16,1.0,0.9635036496350365,7,8,0.3,0.7,8,0.43361717462539673,0.38831406831741333,0.38831406831741333,0.43361717462539673,0.0453031063079834,0.0453031063079834,0.6426848769187927,0.037345100194215775,0.18979571759700775
2026_08_18_00_48_13_457980_L1_left_C0,L1,C0,0.0,0.0,red,left,right,left,pick up the red block,8,postgrasp,116,132,16,1.0,0.9635036496350365,8,8,0.3,0.7,8,0.5288760662078857,0.47434139251708984,0.47434139251708984,0.5288760662078857,0.0545346736907959,0.0545346736907959,0.6426848769187927,0.037345100194215775,0.18979571759700775
2026_08_18_00_48_13_457980_L1_left_C0,L1,C0,0.0,0.0,red,left,right,left,pick up the red block,8,postgrasp,116,132,16,1.0,0.9635036496350365,9,8,0.3,0.7,8,0.4499952793121338,0.40772610902786255,0.40772610902786255,0.4499952793121338,0.04226917028427124,0.04226917028427124,0.6426848769187927,0.037345100194215775,0.18979571759700775
2026_08_18_00_48_13_457980_L1_left_C0,L1,C0,0.0,0.0,red,left,right,left,pick up the red block,9,postgrasp,132,137,5,1.0,1.0,0,8,0.3,0.7,8,0.395761638879776,0.3627212941646576,0.3627212941646576,0.395761638879776,0.03304034471511841,0.03304034471511841,0.6426860690116882,0.037343382835388184,0.18979614973068237
2026_08_18_00_48_13_457980_L1_left_C0,L1,C0,0.0,0.0,red,left,right,left,pick up the red block,9,postgrasp,132,137,5,1.0,1.0,1,8,0.3,0.7,8,0.38506007194519043,0.31233057379722595,0.31233057379722595,0.38506007194519043,0.07272949814796448,0.07272949814796448,0.6426860690116882,0.037343382835388184,0.18979614973068237
2026_08_18_00_48_13_457980_L1_left_C0,L1,C0,0.0,0.0,red,left,right,left,pick up the red block,9,postgrasp,132,137,5,1.0,1.0,2,8,0.3,0.7,8,0.2930033504962921,0.26629719138145447,0.26629719138145447,0.2930033504962921,0.026706159114837646,0.026706159114837646,0.6426860690116882,0.037343382835388184,0.18979614973068237
2026_08_18_00_48_13_457980_L1_left_C0,L1,C0,0.0,0.0,red,left,right,left,pick up the red block,9,postgrasp,132,137,5,1.0,1.0,3,8,0.3,0.7,8,0.29491668939590454,0.2496524602174759,0.2496524602174759,0.29491668939590454,0.04526422917842865,0.04526422917842865,0.6426860690116882,0.037343382835388184,0.18979614973068237
2026_08_18_00_48_13_457980_L1_left_C0,L1,C0,0.0,0.0,red,left,right,left,pick up the red block,9,postgrasp,132,137,5,1.0,1.0,4,8,0.3,0.7,8,0.3321884572505951,0.30085641145706177,0.30085641145706177,0.3321884572505951,0.031332045793533325,0.031332045793533325,0.6426860690116882,0.037343382835388184,0.18979614973068237
2026_08_18_00_48_13_457980_L1_left_C0,L1,C0,0.0,0.0,red,left,right,left,pick up the red block,9,postgrasp,132,137,5,1.0,1.0,5,8,0.3,0.7,8,0.34630030393600464,0.31571531295776367,0.31571531295776367,0.34630030393600464,0.030584990978240967,0.030584990978240967,0.6426860690116882,0.037343382835388184,0.18979614973068237
2026_08_18_00_48_13_457980_L1_left_C0,L1,C0,0.0,0.0,red,left,right,left,pick up the red block,9,postgrasp,132,137,5,1.0,1.0,6,8,0.3,0.7,8,0.3378801643848419,0.3043116629123688,0.3043116629123688,0.3378801643848419,0.033568501472473145,0.033568501472473145,0.6426860690116882,0.037343382835388184,0.18979614973068237
2026_08_18_00_48_13_457980_L1_left_C0,L1,C0,0.0,0.0,red,left,right,left,pick up the red block,9,postgrasp,132,137,5,1.0,1.0,7,8,0.3,0.7,8,0.3437389135360718,0.3333621323108673,0.3333621323108673,0.3437389135360718,0.010376781225204468,0.010376781225204468,0.6426860690116882,0.037343382835388184,0.18979614973068237
2026_08_18_00_48_13_457980_L1_left_C0,L1,C0,0.0,0.0,red,left,right,left,pick up the red block,9,postgrasp,132,137,5,1.0,1.0,8,8,0.3,0.7,8,0.3520680069923401,0.32777130603790283,0.32777130603790283,0.3520680069923401,0.024296700954437256,0.024296700954437256,0.6426860690116882,0.037343382835388184,0.18979614973068237
2026_08_18_00_48_13_457980_L1_left_C0,L1,C0,0.0,0.0,red,left,right,left,pick up the red block,9,postgrasp,132,137,5,1.0,1.0,9,8,0.3,0.7,8,0.41646456718444824,0.3973744809627533,0.3973744809627533,0.41646456718444824,0.019090086221694946,0.019090086221694946,0.6426860690116882,0.037343382835388184,0.18979614973068237
2026_08_18_00_49_05_482404_L1_left_C1,L1,C1,2.0,0.1694548757406934,red,left,right,left,pick up the red block,0,pregrasp,0,16,16,0.125,0.10738255033557047,0,8,0.3,0.7,8,0.3704831600189209,0.3358631134033203,0.3358631134033203,0.3704831600189209,0.034620046615600586,0.034620046615600586,0.37190815806388855,0.024228157475590706,0.47812944650650024
2026_08_18_00_49_05_482404_L1_left_C1,L1,C1,2.0,0.1694548757406934,red,left,right,left,pick up the red block,0,pregrasp,0,16,16,0.125,0.10738255033557047,1,8,0.3,0.7,8,0.36101770401000977,0.2888057231903076,0.2888057231903076,0.36101770401000977,0.07221198081970215,0.07221198081970215,0.37190815806388855,0.024228157475590706,0.47812944650650024
2026_08_18_00_49_05_482404_L1_left_C1,L1,C1,2.0,0.1694548757406934,red,left,right,left,pick up the red block,0,pregrasp,0,16,16,0.125,0.10738255033557047,2,8,0.3,0.7,8,0.32724612951278687,0.2673707604408264,0.2673707604408264,0.32724612951278687,0.05987536907196045,0.05987536907196045,0.37190815806388855,0.024228157475590706,0.47812944650650024
2026_08_18_00_49_05_482404_L1_left_C1,L1,C1,2.0,0.1694548757406934,red,left,right,left,pick up the red block,0,pregrasp,0,16,16,0.125,0.10738255033557047,3,8,0.3,0.7,8,0.48084545135498047,0.4229375123977661,0.4229375123977661,0.48084545135498047,0.057907938957214355,0.057907938957214355,0.37190815806388855,0.024228157475590706,0.47812944650650024
2026_08_18_00_49_05_482404_L1_left_C1,L1,C1,2.0,0.1694548757406934,red,left,right,left,pick up the red block,0,pregrasp,0,16,16,0.125,0.10738255033557047,4,8,0.3,0.7,8,0.30495163798332214,0.28083646297454834,0.28083646297454834,0.30495163798332214,0.024115175008773804,0.024115175008773804,0.37190815806388855,0.024228157475590706,0.47812944650650024
2026_08_18_00_49_05_482404_L1_left_C1,L1,C1,2.0,0.1694548757406934,red,left,right,left,pick up the red block,0,pregrasp,0,16,16,0.125,0.10738255033557047,5,8,0.3,0.7,8,0.36153680086135864,0.3087332844734192,0.3087332844734192,0.36153680086135864,0.05280351638793945,0.05280351638793945,0.37190815806388855,0.024228157475590706,0.47812944650650024
2026_08_18_00_49_05_482404_L1_left_C1,L1,C1,2.0,0.1694548757406934,red,left,right,left,pick up the red block,0,pregrasp,0,16,16,0.125,0.10738255033557047,6,8,0.3,0.7,8,0.3810661733150482,0.31264394521713257,0.31264394521713257,0.3810661733150482,0.06842222809791565,0.06842222809791565,0.37190815806388855,0.024228157475590706,0.47812944650650024
2026_08_18_00_49_05_482404_L1_left_C1,L1,C1,2.0,0.1694548757406934,red,left,right,left,pick up the red block,0,pregrasp,0,16,16,0.125,0.10738255033557047,7,8,0.3,0.7,8,0.3590086102485657,0.31412655115127563,0.31412655115127563,0.3590086102485657,0.04488205909729004,0.04488205909729004,0.37190815806388855,0.024228157475590706,0.47812944650650024
2026_08_18_00_49_05_482404_L1_left_C1,L1,C1,2.0,0.1694548757406934,red,left,right,left,pick up the red block,0,pregrasp,0,16,16,0.125,0.10738255033557047,8,8,0.3,0.7,8,0.392164945602417,0.36004969477653503,0.36004969477653503,0.392164945602417,0.03211525082588196,0.03211525082588196,0.37190815806388855,0.024228157475590706,0.47812944650650024
2026_08_18_00_49_05_482404_L1_left_C1,L1,C1,2.0,0.1694548757406934,red,left,right,left,pick up the red block,0,pregrasp,0,16,16,0.125,0.10738255033557047,9,8,0.3,0.7,8,0.3439008593559265,0.31603461503982544,0.31603461503982544,0.3439008593559265,0.027866244316101074,0.027866244316101074,0.37190815806388855,0.024228157475590706,0.47812944650650024
2026_08_18_00_49_05_482404_L1_left_C1,L1,C1,2.0,0.1694548757406934,red,left,right,left,pick up the red block,1,pregrasp,16,32,16,0.25,0.21476510067114093,0,8,0.3,0.7,8,0.3340265154838562,0.40382492542266846,0.40382492542266846,0.3340265154838562,-0.06979840993881226,-0.06979840993881226,0.4013439118862152,0.07198596000671387,0.4381139874458313
2026_08_18_00_49_05_482404_L1_left_C1,L1,C1,2.0,0.1694548757406934,red,left,right,left,pick up the red block,1,pregrasp,16,32,16,0.25,0.21476510067114093,1,8,0.3,0.7,8,0.2635881304740906,0.33630290627479553,0.33630290627479553,0.2635881304740906,-0.07271477580070496,-0.07271477580070496,0.4013439118862152,0.07198596000671387,0.4381139874458313
2026_08_18_00_49_05_482404_L1_left_C1,L1,C1,2.0,0.1694548757406934,red,left,right,left,pick up the red block,1,pregrasp,16,32,16,0.25,0.21476510067114093,2,8,0.3,0.7,8,0.3018677234649658,0.3894042372703552,0.3894042372703552,0.3018677234649658,-0.0875365138053894,-0.0875365138053894,0.4013439118862152,0.07198596000671387,0.4381139874458313
2026_08_18_00_49_05_482404_L1_left_C1,L1,C1,2.0,0.1694548757406934,red,left,right,left,pick up the red block,1,pregrasp,16,32,16,0.25,0.21476510067114093,3,8,0.3,0.7,8,0.251131534576416,0.3152337968349457,0.3152337968349457,0.251131534576416,-0.06410226225852966,-0.06410226225852966,0.4013439118862152,0.07198596000671387,0.4381139874458313
2026_08_18_00_49_05_482404_L1_left_C1,L1,C1,2.0,0.1694548757406934,red,left,right,left,pick up the red block,1,pregrasp,16,32,16,0.25,0.21476510067114093,4,8,0.3,0.7,8,0.2493208348751068,0.3319196105003357,0.3319196105003357,0.2493208348751068,-0.08259877562522888,-0.08259877562522888,0.4013439118862152,0.07198596000671387,0.4381139874458313
2026_08_18_00_49_05_482404_L1_left_C1,L1,C1,2.0,0.1694548757406934,red,left,right,left,pick up the red block,1,pregrasp,16,32,16,0.25,0.21476510067114093,5,8,0.3,0.7,8,0.2561056613922119,0.2987843453884125,0.2987843453884125,0.2561056613922119,-0.04267868399620056,-0.04267868399620056,0.4013439118862152,0.07198596000671387,0.4381139874458313
2026_08_18_00_49_05_482404_L1_left_C1,L1,C1,2.0,0.1694548757406934,red,left,right,left,pick up the red block,1,pregrasp,16,32,16,0.25,0.21476510067114093,6,8,0.3,0.7,8,0.277690589427948,0.3652786314487457,0.3652786314487457,0.277690589427948,-0.08758804202079773,-0.08758804202079773,0.4013439118862152,0.07198596000671387,0.4381139874458313
2026_08_18_00_49_05_482404_L1_left_C1,L1,C1,2.0,0.1694548757406934,red,left,right,left,pick up the red block,1,pregrasp,16,32,16,0.25,0.21476510067114093,7,8,0.3,0.7,8,0.3178550899028778,0.3997722864151001,0.3997722864151001,0.3178550899028778,-0.08191719651222229,-0.08191719651222229,0.4013439118862152,0.07198596000671387,0.4381139874458313
2026_08_18_00_49_05_482404_L1_left_C1,L1,C1,2.0,0.1694548757406934,red,left,right,left,pick up the red block,1,pregrasp,16,32,16,0.25,0.21476510067114093,8,8,0.3,0.7,8,0.20895293354988098,0.2889096140861511,0.2889096140861511,0.20895293354988098,-0.07995668053627014,-0.07995668053627014,0.4013439118862152,0.07198596000671387,0.4381139874458313
2026_08_18_00_49_05_482404_L1_left_C1,L1,C1,2.0,0.1694548757406934,red,left,right,left,pick up the red block,1,pregrasp,16,32,16,0.25,0.21476510067114093,9,8,0.3,0.7,8,0.2702751159667969,0.32077860832214355,0.32077860832214355,0.2702751159667969,-0.05050349235534668,-0.05050349235534668,0.4013439118862152,0.07198596000671387,0.4381139874458313
2026_08_18_00_49_05_482404_L1_left_C1,L1,C1,2.0,0.1694548757406934,red,left,right,left,pick up the red block,2,pregrasp,32,48,16,0.375,0.3221476510067114,0,8,0.3,0.7,8,0.28304997086524963,0.3199872076511383,0.3199872076511383,0.28304997086524963,-0.03693723678588867,-0.03693723678588867,0.44480031728744507,0.10165869444608688,0.3927192687988281
2026_08_18_00_49_05_482404_L1_left_C1,L1,C1,2.0,0.1694548757406934,red,left,right,left,pick up the red block,2,pregrasp,32,48,16,0.375,0.3221476510067114,1,8,0.3,0.7,8,0.2692345976829529,0.2710215449333191,0.2710215449333191,0.2692345976829529,-0.001786947250366211,-0.001786947250366211,0.44480031728744507,0.10165869444608688,0.3927192687988281
2026_08_18_00_49_05_482404_L1_left_C1,L1,C1,2.0,0.1694548757406934,red,left,right,left,pick up the red block,2,pregrasp,32,48,16,0.375,0.3221476510067114,2,8,0.3,0.7,8,0.31775903701782227,0.33135977387428284,0.33135977387428284,0.31775903701782227,-0.013600736856460571,-0.013600736856460571,0.44480031728744507,0.10165869444608688,0.3927192687988281
2026_08_18_00_49_05_482404_L1_left_C1,L1,C1,2.0,0.1694548757406934,red,left,right,left,pick up the red block,2,pregrasp,32,48,16,0.375,0.3221476510067114,3,8,0.3,0.7,8,0.2830239236354828,0.29069259762763977,0.29069259762763977,0.2830239236354828,-0.007668673992156982,-0.007668673992156982,0.44480031728744507,0.10165869444608688,0.3927192687988281
2026_08_18_00_49_05_482404_L1_left_C1,L1,C1,2.0,0.1694548757406934,red,left,right,left,pick up the red block,2,pregrasp,32,48,16,0.375,0.3221476510067114,4,8,0.3,0.7,8,0.2518600523471832,0.2697855234146118,0.2697855234146118,0.2518600523471832,-0.01792547106742859,-0.01792547106742859,0.44480031728744507,0.10165869444608688,0.3927192687988281
2026_08_18_00_49_05_482404_L1_left_C1,L1,C1,2.0,0.1694548757406934,red,left,right,left,pick up the red block,2,pregrasp,32,48,16,0.375,0.3221476510067114,5,8,0.3,0.7,8,0.34413614869117737,0.3692617416381836,0.3692617416381836,0.34413614869117737,-0.025125592947006226,-0.025125592947006226,0.44480031728744507,0.10165869444608688,0.3927192687988281
2026_08_18_00_49_05_482404_L1_left_C1,L1,C1,2.0,0.1694548757406934,red,left,right,left,pick up the red block,2,pregrasp,32,48,16,0.375,0.3221476510067114,6,8,0.3,0.7,8,0.28648677468299866,0.31952497363090515,0.31952497363090515,0.28648677468299866,-0.033038198947906494,-0.033038198947906494,0.44480031728744507,0.10165869444608688,0.3927192687988281
2026_08_18_00_49_05_482404_L1_left_C1,L1,C1,2.0,0.1694548757406934,red,left,right,left,pick up the red block,2,pregrasp,32,48,16,0.375,0.3221476510067114,7,8,0.3,0.7,8,0.44068068265914917,0.45328468084335327,0.45328468084335327,0.44068068265914917,-0.012603998184204102,-0.012603998184204102,0.44480031728744507,0.10165869444608688,0.3927192687988281
2026_08_18_00_49_05_482404_L1_left_C1,L1,C1,2.0,0.1694548757406934,red,left,right,left,pick up the red block,2,pregrasp,32,48,16,0.375,0.3221476510067114,8,8,0.3,0.7,8,0.2837637662887573,0.3288336396217346,0.3288336396217346,0.2837637662887573,-0.045069873332977295,-0.045069873332977295,0.44480031728744507,0.10165869444608688,0.3927192687988281
2026_08_18_00_49_05_482404_L1_left_C1,L1,C1,2.0,0.1694548757406934,red,left,right,left,pick up the red block,2,pregrasp,32,48,16,0.375,0.3221476510067114,9,8,0.3,0.7,8,0.3615732789039612,0.37779074907302856,0.37779074907302856,0.3615732789039612,-0.016217470169067383,-0.016217470169067383,0.44480031728744507,0.10165869444608688,0.3927192687988281
2026_08_18_00_49_05_482404_L1_left_C1,L1,C1,2.0,0.1694548757406934,red,left,right,left,pick up the red block,3,pregrasp,48,64,16,0.5,0.42953020134228187,0,8,0.3,0.7,8,0.28214719891548157,0.3169657588005066,0.3169657588005066,0.28214719891548157,-0.034818559885025024,-0.034818559885025024,0.4923834204673767,0.1113203763961792,0.3430558443069458
2026_08_18_00_49_05_482404_L1_left_C1,L1,C1,2.0,0.1694548757406934,red,left,right,left,pick up the red block,3,pregrasp,48,64,16,0.5,0.42953020134228187,1,8,0.3,0.7,8,0.3671266436576843,0.34390074014663696,0.34390074014663696,0.3671266436576843,0.023225903511047363,0.023225903511047363,0.4923834204673767,0.1113203763961792,0.3430558443069458
2026_08_18_00_49_05_482404_L1_left_C1,L1,C1,2.0,0.1694548757406934,red,left,right,left,pick up the red block,3,pregrasp,48,64,16,0.5,0.42953020134228187,2,8,0.3,0.7,8,0.380542129278183,0.3561399579048157,0.3561399579048157,0.380542129278183,0.02440217137336731,0.02440217137336731,0.4923834204673767,0.1113203763961792,0.3430558443069458
2026_08_18_00_49_05_482404_L1_left_C1,L1,C1,2.0,0.1694548757406934,red,left,right,left,pick up the red block,3,pregrasp,48,64,16,0.5,0.42953020134228187,3,8,0.3,0.7,8,0.3517642021179199,0.38207051157951355,0.38207051157951355,0.3517642021179199,-0.030306309461593628,-0.030306309461593628,0.4923834204673767,0.1113203763961792,0.3430558443069458
2026_08_18_00_49_05_482404_L1_left_C1,L1,C1,2.0,0.1694548757406934,red,left,right,left,pick up the red block,3,pregrasp,48,64,16,0.5,0.42953020134228187,4,8,0.3,0.7,8,0.2895783483982086,0.25376489758491516,0.25376489758491516,0.2895783483982086,0.03581345081329346,0.03581345081329346,0.4923834204673767,0.1113203763961792,0.3430558443069458
2026_08_18_00_49_05_482404_L1_left_C1,L1,C1,2.0,0.1694548757406934,red,left,right,left,pick up the red block,3,pregrasp,48,64,16,0.5,0.42953020134228187,5,8,0.3,0.7,8,0.2518509328365326,0.2394605278968811,0.2394605278968811,0.2518509328365326,0.01239040493965149,0.01239040493965149,0.4923834204673767,0.1113203763961792,0.3430558443069458
2026_08_18_00_49_05_482404_L1_left_C1,L1,C1,2.0,0.1694548757406934,red,left,right,left,pick up the red block,3,pregrasp,48,64,16,0.5,0.42953020134228187,6,8,0.3,0.7,8,0.35629957914352417,0.36003875732421875,0.36003875732421875,0.35629957914352417,-0.00373917818069458,-0.00373917818069458,0.4923834204673767,0.1113203763961792,0.3430558443069458
2026_08_18_00_49_05_482404_L1_left_C1,L1,C1,2.0,0.1694548757406934,red,left,right,left,pick up the red block,3,pregrasp,48,64,16,0.5,0.42953020134228187,7,8,0.3,0.7,8,0.3775714337825775,0.3289462625980377,0.3289462625980377,0.3775714337825775,0.048625171184539795,0.048625171184539795,0.4923834204673767,0.1113203763961792,0.3430558443069458
2026_08_18_00_49_05_482404_L1_left_C1,L1,C1,2.0,0.1694548757406934,red,left,right,left,pick up the red block,3,pregrasp,48,64,16,0.5,0.42953020134228187,8,8,0.3,0.7,8,0.24533334374427795,0.23231296241283417,0.23231296241283417,0.24533334374427795,0.013020381331443787,0.013020381331443787,0.4923834204673767,0.1113203763961792,0.3430558443069458
2026_08_18_00_49_05_482404_L1_left_C1,L1,C1,2.0,0.1694548757406934,red,left,right,left,pick up the red block,3,pregrasp,48,64,16,0.5,0.42953020134228187,9,8,0.3,0.7,8,0.43043357133865356,0.35859745740890503,0.35859745740890503,0.43043357133865356,0.07183611392974854,0.07183611392974854,0.4923834204673767,0.1113203763961792,0.3430558443069458
2026_08_18_00_49_05_482404_L1_left_C1,L1,C1,2.0,0.1694548757406934,red,left,right,left,pick up the red block,4,pregrasp,64,80,16,0.625,0.5369127516778524,0,8,0.3,0.7,8,0.21842250227928162,0.24454176425933838,0.24454176425933838,0.21842250227928162,-0.026119261980056763,-0.026119261980056763,0.5400069952011108,0.10113848000764847,0.2943987548351288
2026_08_18_00_49_05_482404_L1_left_C1,L1,C1,2.0,0.1694548757406934,red,left,right,left,pick up the red block,4,pregrasp,64,80,16,0.625,0.5369127516778524,1,8,0.3,0.7,8,0.24075855314731598,0.26179227232933044,0.26179227232933044,0.24075855314731598,-0.021033719182014465,-0.021033719182014465,0.5400069952011108,0.10113848000764847,0.2943987548351288
2026_08_18_00_49_05_482404_L1_left_C1,L1,C1,2.0,0.1694548757406934,red,left,right,left,pick up the red block,4,pregrasp,64,80,16,0.625,0.5369127516778524,2,8,0.3,0.7,8,0.357845664024353,0.36161309480667114,0.36161309480667114,0.357845664024353,-0.0037674307823181152,-0.0037674307823181152,0.5400069952011108,0.10113848000764847,0.2943987548351288
2026_08_18_00_49_05_482404_L1_left_C1,L1,C1,2.0,0.1694548757406934,red,left,right,left,pick up the red block,4,pregrasp,64,80,16,0.625,0.5369127516778524,3,8,0.3,0.7,8,0.3025844097137451,0.31494179368019104,0.31494179368019104,0.3025844097137451,-0.012357383966445923,-0.012357383966445923,0.5400069952011108,0.10113848000764847,0.2943987548351288
2026_08_18_00_49_05_482404_L1_left_C1,L1,C1,2.0,0.1694548757406934,red,left,right,left,pick up the red block,4,pregrasp,64,80,16,0.625,0.5369127516778524,4,8,0.3,0.7,8,0.2574954628944397,0.27229440212249756,0.27229440212249756,0.2574954628944397,-0.014798939228057861,-0.014798939228057861,0.5400069952011108,0.10113848000764847,0.2943987548351288
2026_08_18_00_49_05_482404_L1_left_C1,L1,C1,2.0,0.1694548757406934,red,left,right,left,pick up the red block,4,pregrasp,64,80,16,0.625,0.5369127516778524,5,8,0.3,0.7,8,0.19819776713848114,0.21961458027362823,0.21961458027362823,0.19819776713848114,-0.021416813135147095,-0.021416813135147095,0.5400069952011108,0.10113848000764847,0.2943987548351288
2026_08_18_00_49_05_482404_L1_left_C1,L1,C1,2.0,0.1694548757406934,red,left,right,left,pick up the red block,4,pregrasp,64,80,16,0.625,0.5369127516778524,6,8,0.3,0.7,8,0.2669221758842468,0.2767399847507477,0.2767399847507477,0.2669221758842468,-0.009817808866500854,-0.009817808866500854,0.5400069952011108,0.10113848000764847,0.2943987548351288
2026_08_18_00_49_05_482404_L1_left_C1,L1,C1,2.0,0.1694548757406934,red,left,right,left,pick up the red block,4,pregrasp,64,80,16,0.625,0.5369127516778524,7,8,0.3,0.7,8,0.1565178781747818,0.19847294688224792,0.19847294688224792,0.1565178781747818,-0.041955068707466125,-0.041955068707466125,0.5400069952011108,0.10113848000764847,0.2943987548351288
2026_08_18_00_49_05_482404_L1_left_C1,L1,C1,2.0,0.1694548757406934,red,left,right,left,pick up the red block,4,pregrasp,64,80,16,0.625,0.5369127516778524,8,8,0.3,0.7,8,0.3281724154949188,0.3552452027797699,0.3552452027797699,0.3281724154949188,-0.027072787284851074,-0.027072787284851074,0.5400069952011108,0.10113848000764847,0.2943987548351288
2026_08_18_00_49_05_482404_L1_left_C1,L1,C1,2.0,0.1694548757406934,red,left,right,left,pick up the red block,4,pregrasp,64,80,16,0.625,0.5369127516778524,9,8,0.3,0.7,8,0.31322529911994934,0.3259658217430115,0.3259658217430115,0.31322529911994934,-0.012740522623062134,-0.012740522623062134,0.5400069952011108,0.10113848000764847,0.2943987548351288
2026_08_18_00_49_05_482404_L1_left_C1,L1,C1,2.0,0.1694548757406934,red,left,right,left,pick up the red block,5,pregrasp,80,96,16,0.75,0.6442953020134228,0,8,0.3,0.7,8,0.29398009181022644,0.3237459063529968,0.3237459063529968,0.29398009181022644,-0.029765814542770386,-0.029765814542770386,0.5861552953720093,0.07894449681043625,0.2469707876443863
2026_08_18_00_49_05_482404_L1_left_C1,L1,C1,2.0,0.1694548757406934,red,left,right,left,pick up the red block,5,pregrasp,80,96,16,0.75,0.6442953020134228,1,8,0.3,0.7,8,0.24012689292430878,0.27673301100730896,0.27673301100730896,0.24012689292430878,-0.03660611808300018,-0.03660611808300018,0.5861552953720093,0.07894449681043625,0.2469707876443863
2026_08_18_00_49_05_482404_L1_left_C1,L1,C1,2.0,0.1694548757406934,red,left,right,left,pick up the red block,5,pregrasp,80,96,16,0.75,0.6442953020134228,2,8,0.3,0.7,8,0.1744231879711151,0.19779649376869202,0.19779649376869202,0.1744231879711151,-0.023373305797576904,-0.023373305797576904,0.5861552953720093,0.07894449681043625,0.2469707876443863
2026_08_18_00_49_05_482404_L1_left_C1,L1,C1,2.0,0.1694548757406934,red,left,right,left,pick up the red block,5,pregrasp,80,96,16,0.75,0.6442953020134228,3,8,0.3,0.7,8,0.2489134818315506,0.29116091132164,0.29116091132164,0.2489134818315506,-0.042247429490089417,-0.042247429490089417,0.5861552953720093,0.07894449681043625,0.2469707876443863
2026_08_18_00_49_05_482404_L1_left_C1,L1,C1,2.0,0.1694548757406934,red,left,right,left,pick up the red block,5,pregrasp,80,96,16,0.75,0.6442953020134228,4,8,0.3,0.7,8,0.2783946692943573,0.31161415576934814,0.31161415576934814,0.2783946692943573,-0.033219486474990845,-0.033219486474990845,0.5861552953720093,0.07894449681043625,0.2469707876443863
2026_08_18_00_49_05_482404_L1_left_C1,L1,C1,2.0,0.1694548757406934,red,left,right,left,pick up the red block,5,pregrasp,80,96,16,0.75,0.6442953020134228,5,8,0.3,0.7,8,0.24260082840919495,0.27465614676475525,0.27465614676475525,0.24260082840919495,-0.0320553183555603,-0.0320553183555603,0.5861552953720093,0.07894449681043625,0.2469707876443863
2026_08_18_00_49_05_482404_L1_left_C1,L1,C1,2.0,0.1694548757406934,red,left,right,left,pick up the red block,5,pregrasp,80,96,16,0.75,0.6442953020134228,6,8,0.3,0.7,8,0.23352406919002533,0.2749291658401489,0.2749291658401489,0.23352406919002533,-0.041405096650123596,-0.041405096650123596,0.5861552953720093,0.07894449681043625,0.2469707876443863
2026_08_18_00_49_05_482404_L1_left_C1,L1,C1,2.0,0.1694548757406934,red,left,right,left,pick up the red block,5,pregrasp,80,96,16,0.75,0.6442953020134228,7,8,0.3,0.7,8,0.1852664351463318,0.22946423292160034,0.22946423292160034,0.1852664351463318,-0.044197797775268555,-0.044197797775268555,0.5861552953720093,0.07894449681043625,0.2469707876443863
2026_08_18_00_49_05_482404_L1_left_C1,L1,C1,2.0,0.1694548757406934,red,left,right,left,pick up the red block,5,pregrasp,80,96,16,0.75,0.6442953020134228,8,8,0.3,0.7,8,0.24757170677185059,0.2917487919330597,0.2917487919330597,0.24757170677185059,-0.044177085161209106,-0.044177085161209106,0.5861552953720093,0.07894449681043625,0.2469707876443863
2026_08_18_00_49_05_482404_L1_left_C1,L1,C1,2.0,0.1694548757406934,red,left,right,left,pick up the red block,5,pregrasp,80,96,16,0.75,0.6442953020134228,9,8,0.3,0.7,8,0.29535937309265137,0.3248998522758484,0.3248998522758484,0.29535937309265137,-0.02954047918319702,-0.02954047918319702,0.5861552953720093,0.07894449681043625,0.2469707876443863
2026_08_18_00_49_05_482404_L1_left_C1,L1,C1,2.0,0.1694548757406934,red,left,right,left,pick up the red block,6,pregrasp,96,112,16,0.875,0.7516778523489933,0,8,0.3,0.7,8,0.1450449377298355,0.16816328465938568,0.16816328465938568,0.1450449377298355,-0.02311834692955017,-0.02311834692955017,0.6308416724205017,0.05090685561299324,0.20045655965805054
2026_08_18_00_49_05_482404_L1_left_C1,L1,C1,2.0,0.1694548757406934,red,left,right,left,pick up the red block,6,pregrasp,96,112,16,0.875,0.7516778523489933,1,8,0.3,0.7,8,0.15221206843852997,0.18684211373329163,0.18684211373329163,0.15221206843852997,-0.03463004529476166,-0.03463004529476166,0.6308416724205017,0.05090685561299324,0.20045655965805054
2026_08_18_00_49_05_482404_L1_left_C1,L1,C1,2.0,0.1694548757406934,red,left,right,left,pick up the red block,6,pregrasp,96,112,16,0.875,0.7516778523489933,2,8,0.3,0.7,8,0.2269485741853714,0.24630996584892273,0.24630996584892273,0.2269485741853714,-0.01936139166355133,-0.01936139166355133,0.6308416724205017,0.05090685561299324,0.20045655965805054
2026_08_18_00_49_05_482404_L1_left_C1,L1,C1,2.0,0.1694548757406934,red,left,right,left,pick up the red block,6,pregrasp,96,112,16,0.875,0.7516778523489933,3,8,0.3,0.7,8,0.2789696156978607,0.3252815008163452,0.3252815008163452,0.2789696156978607,-0.0463118851184845,-0.0463118851184845,0.6308416724205017,0.05090685561299324,0.20045655965805054
2026_08_18_00_49_05_482404_L1_left_C1,L1,C1,2.0,0.1694548757406934,red,left,right,left,pick up the red block,6,pregrasp,96,112,16,0.875,0.7516778523489933,4,8,0.3,0.7,8,0.21845389902591705,0.23983833193778992,0.23983833193778992,0.21845389902591705,-0.021384432911872864,-0.021384432911872864,0.6308416724205017,0.05090685561299324,0.20045655965805054
2026_08_18_00_49_05_482404_L1_left_C1,L1,C1,2.0,0.1694548757406934,red,left,right,left,pick up the red block,6,pregrasp,96,112,16,0.875,0.7516778523489933,5,8,0.3,0.7,8,0.15436379611492157,0.19080278277397156,0.19080278277397156,0.15436379611492157,-0.03643898665904999,-0.03643898665904999,0.6308416724205017,0.05090685561299324,0.20045655965805054
2026_08_18_00_49_05_482404_L1_left_C1,L1,C1,2.0,0.1694548757406934,red,left,right,left,pick up the red block,6,pregrasp,96,112,16,0.875,0.7516778523489933,6,8,0.3,0.7,8,0.20615547895431519,0.22589856386184692,0.22589856386184692,0.20615547895431519,-0.01974308490753174,-0.01974308490753174,0.6308416724205017,0.05090685561299324,0.20045655965805054
2026_08_18_00_49_05_482404_L1_left_C1,L1,C1,2.0,0.1694548757406934,red,left,right,left,pick up the red block,6,pregrasp,96,112,16,0.875,0.7516778523489933,7,8,0.3,0.7,8,0.27961599826812744,0.30444613099098206,0.30444613099098206,0.27961599826812744,-0.024830132722854614,-0.024830132722854614,0.6308416724205017,0.05090685561299324,0.20045655965805054
2026_08_18_00_49_05_482404_L1_left_C1,L1,C1,2.0,0.1694548757406934,red,left,right,left,pick up the red block,6,pregrasp,96,112,16,0.875,0.7516778523489933,8,8,0.3,0.7,8,0.2558135390281677,0.2859382629394531,0.2859382629394531,0.2558135390281677,-0.0301247239112854,-0.0301247239112854,0.6308416724205017,0.05090685561299324,0.20045655965805054
2026_08_18_00_49_05_482404_L1_left_C1,L1,C1,2.0,0.1694548757406934,red,left,right,left,pick up the red block,6,pregrasp,96,112,16,0.875,0.7516778523489933,9,8,0.3,0.7,8,0.25778883695602417,0.2912317216396332,0.2912317216396332,0.25778883695602417,-0.03344288468360901,-0.03344288468360901,0.6308416724205017,0.05090685561299324,0.20045655965805054
2026_08_18_00_49_05_482404_L1_left_C1,L1,C1,2.0,0.1694548757406934,red,left,right,left,pick up the red block,7,pregrasp,112,128,16,1.0,0.8590604026845637,0,8,0.3,0.7,8,0.38252440094947815,0.34074392914772034,0.34074392914772034,0.38252440094947815,0.04178047180175781,0.04178047180175781,0.6417425274848938,0.045230433344841,0.18949002027511597
2026_08_18_00_49_05_482404_L1_left_C1,L1,C1,2.0,0.1694548757406934,red,left,right,left,pick up the red block,7,pregrasp,112,128,16,1.0,0.8590604026845637,1,8,0.3,0.7,8,0.22238464653491974,0.18560302257537842,0.18560302257537842,0.22238464653491974,0.03678162395954132,0.03678162395954132,0.6417425274848938,0.045230433344841,0.18949002027511597
2026_08_18_00_49_05_482404_L1_left_C1,L1,C1,2.0,0.1694548757406934,red,left,right,left,pick up the red block,7,pregrasp,112,128,16,1.0,0.8590604026845637,2,8,0.3,0.7,8,0.23946493864059448,0.20782624185085297,0.20782624185085297,0.23946493864059448,0.031638696789741516,0.031638696789741516,0.6417425274848938,0.045230433344841,0.18949002027511597
2026_08_18_00_49_05_482404_L1_left_C1,L1,C1,2.0,0.1694548757406934,red,left,right,left,pick up the red block,7,pregrasp,112,128,16,1.0,0.8590604026845637,3,8,0.3,0.7,8,0.2612159550189972,0.21415852010250092,0.21415852010250092,0.2612159550189972,0.04705743491649628,0.04705743491649628,0.6417425274848938,0.045230433344841,0.18949002027511597
2026_08_18_00_49_05_482404_L1_left_C1,L1,C1,2.0,0.1694548757406934,red,left,right,left,pick up the red block,7,pregrasp,112,128,16,1.0,0.8590604026845637,4,8,0.3,0.7,8,0.1691654771566391,0.14647480845451355,0.14647480845451355,0.1691654771566391,0.02269066870212555,0.02269066870212555,0.6417425274848938,0.045230433344841,0.18949002027511597
2026_08_18_00_49_05_482404_L1_left_C1,L1,C1,2.0,0.1694548757406934,red,left,right,left,pick up the red block,7,pregrasp,112,128,16,1.0,0.8590604026845637,5,8,0.3,0.7,8,0.23950502276420593,0.20358547568321228,0.20358547568321228,0.23950502276420593,0.03591954708099365,0.03591954708099365,0.6417425274848938,0.045230433344841,0.18949002027511597
2026_08_18_00_49_05_482404_L1_left_C1,L1,C1,2.0,0.1694548757406934,red,left,right,left,pick up the red block,7,pregrasp,112,128,16,1.0,0.8590604026845637,6,8,0.3,0.7,8,0.2665758728981018,0.22484369575977325,0.22484369575977325,0.2665758728981018,0.04173217713832855,0.04173217713832855,0.6417425274848938,0.045230433344841,0.18949002027511597
2026_08_18_00_49_05_482404_L1_left_C1,L1,C1,2.0,0.1694548757406934,red,left,right,left,pick up the red block,7,pregrasp,112,128,16,1.0,0.8590604026845637,7,8,0.3,0.7,8,0.36682555079460144,0.3281760811805725,0.3281760811805725,0.36682555079460144,0.03864946961402893,0.03864946961402893,0.6417425274848938,0.045230433344841,0.18949002027511597
2026_08_18_00_49_05_482404_L1_left_C1,L1,C1,2.0,0.1694548757406934,red,left,right,left,pick up the red block,7,pregrasp,112,128,16,1.0,0.8590604026845637,8,8,0.3,0.7,8,0.32795706391334534,0.29283252358436584,0.29283252358436584,0.32795706391334534,0.03512454032897949,0.03512454032897949,0.6417425274848938,0.045230433344841,0.18949002027511597
2026_08_18_00_49_05_482404_L1_left_C1,L1,C1,2.0,0.1694548757406934,red,left,right,left,pick up the red block,7,pregrasp,112,128,16,1.0,0.8590604026845637,9,8,0.3,0.7,8,0.27095678448677063,0.2220587283372879,0.2220587283372879,0.27095678448677063,0.04889805614948273,0.04889805614948273,0.6417425274848938,0.045230433344841,0.18949002027511597
2026_08_18_00_49_05_482404_L1_left_C1,L1,C1,2.0,0.1694548757406934,red,left,right,left,pick up the red block,8,postgrasp,128,144,16,1.0,0.9664429530201343,0,8,0.3,0.7,8,0.3231813311576843,0.2637566924095154,0.2637566924095154,0.3231813311576843,0.059424638748168945,0.059424638748168945,0.6422327756881714,0.044940099120140076,0.18995924293994904
2026_08_18_00_49_05_482404_L1_left_C1,L1,C1,2.0,0.1694548757406934,red,left,right,left,pick up the red block,8,postgrasp,128,144,16,1.0,0.9664429530201343,1,8,0.3,0.7,8,0.4303208887577057,0.3760291337966919,0.3760291337966919,0.4303208887577057,0.054291754961013794,0.054291754961013794,0.6422327756881714,0.044940099120140076,0.18995924293994904
2026_08_18_00_49_05_482404_L1_left_C1,L1,C1,2.0,0.1694548757406934,red,left,right,left,pick up the red block,8,postgrasp,128,144,16,1.0,0.9664429530201343,2,8,0.3,0.7,8,0.4080568253993988,0.36197805404663086,0.36197805404663086,0.4080568253993988,0.046078771352767944,0.046078771352767944,0.6422327756881714,0.044940099120140076,0.18995924293994904
2026_08_18_00_49_05_482404_L1_left_C1,L1,C1,2.0,0.1694548757406934,red,left,right,left,pick up the red block,8,postgrasp,128,144,16,1.0,0.9664429530201343,3,8,0.3,0.7,8,0.42709881067276,0.3694286346435547,0.3694286346435547,0.42709881067276,0.05767017602920532,0.05767017602920532,0.6422327756881714,0.044940099120140076,0.18995924293994904
2026_08_18_00_49_05_482404_L1_left_C1,L1,C1,2.0,0.1694548757406934,red,left,right,left,pick up the red block,8,postgrasp,128,144,16,1.0,0.9664429530201343,4,8,0.3,0.7,8,0.4362820088863373,0.39060354232788086,0.39060354232788086,0.4362820088863373,0.04567846655845642,0.04567846655845642,0.6422327756881714,0.044940099120140076,0.18995924293994904
2026_08_18_00_49_05_482404_L1_left_C1,L1,C1,2.0,0.1694548757406934,red,left,right,left,pick up the red block,8,postgrasp,128,144,16,1.0,0.9664429530201343,5,8,0.3,0.7,8,0.36239930987358093,0.31276553869247437,0.31276553869247437,0.36239930987358093,0.04963377118110657,0.04963377118110657,0.6422327756881714,0.044940099120140076,0.18995924293994904
2026_08_18_00_49_05_482404_L1_left_C1,L1,C1,2.0,0.1694548757406934,red,left,right,left,pick up the red block,8,postgrasp,128,144,16,1.0,0.9664429530201343,6,8,0.3,0.7,8,0.37001869082450867,0.32997339963912964,0.32997339963912964,0.37001869082450867,0.04004529118537903,0.04004529118537903,0.6422327756881714,0.044940099120140076,0.18995924293994904
2026_08_18_00_49_05_482404_L1_left_C1,L1,C1,2.0,0.1694548757406934,red,left,right,left,pick up the red block,8,postgrasp,128,144,16,1.0,0.9664429530201343,7,8,0.3,0.7,8,0.40179792046546936,0.3567928075790405,0.3567928075790405,0.40179792046546936,0.04500511288642883,0.04500511288642883,0.6422327756881714,0.044940099120140076,0.18995924293994904
2026_08_18_00_49_05_482404_L1_left_C1,L1,C1,2.0,0.1694548757406934,red,left,right,left,pick up the red block,8,postgrasp,128,144,16,1.0,0.9664429530201343,8,8,0.3,0.7,8,0.4255666136741638,0.37691545486450195,0.37691545486450195,0.4255666136741638,0.048651158809661865,0.048651158809661865,0.6422327756881714,0.044940099120140076,0.18995924293994904
2026_08_18_00_49_05_482404_L1_left_C1,L1,C1,2.0,0.1694548757406934,red,left,right,left,pick up the red block,8,postgrasp,128,144,16,1.0,0.9664429530201343,9,8,0.3,0.7,8,0.36424580216407776,0.31688034534454346,0.31688034534454346,0.36424580216407776,0.0473654568195343,0.0473654568195343,0.6422327756881714,0.044940099120140076,0.18995924293994904
2026_08_18_00_49_05_482404_L1_left_C1,L1,C1,2.0,0.1694548757406934,red,left,right,left,pick up the red block,9,postgrasp,144,149,5,1.0,1.0,0,8,0.3,0.7,8,0.38996559381484985,0.4111522436141968,0.4111522436141968,0.38996559381484985,-0.021186649799346924,-0.021186649799346924,0.6422335505485535,0.044936083257198334,0.18995819985866547
2026_08_18_00_49_05_482404_L1_left_C1,L1,C1,2.0,0.1694548757406934,red,left,right,left,pick up the red block,9,postgrasp,144,149,5,1.0,1.0,1,8,0.3,0.7,8,0.3779832720756531,0.331125408411026,0.331125408411026,0.3779832720756531,0.046857863664627075,0.046857863664627075,0.6422335505485535,0.044936083257198334,0.18995819985866547
2026_08_18_00_49_05_482404_L1_left_C1,L1,C1,2.0,0.1694548757406934,red,left,right,left,pick up the red block,9,postgrasp,144,149,5,1.0,1.0,2,8,0.3,0.7,8,0.3819650709629059,0.3833495080471039,0.3833495080471039,0.3819650709629059,-0.001384437084197998,-0.001384437084197998,0.6422335505485535,0.044936083257198334,0.18995819985866547
2026_08_18_00_49_05_482404_L1_left_C1,L1,C1,2.0,0.1694548757406934,red,left,right,left,pick up the red block,9,postgrasp,144,149,5,1.0,1.0,3,8,0.3,0.7,8,0.3071293532848358,0.3180186450481415,0.3180186450481415,0.3071293532848358,-0.010889291763305664,-0.010889291763305664,0.6422335505485535,0.044936083257198334,0.18995819985866547
2026_08_18_00_49_05_482404_L1_left_C1,L1,C1,2.0,0.1694548757406934,red,left,right,left,pick up the red block,9,postgrasp,144,149,5,1.0,1.0,4,8,0.3,0.7,8,0.3977088928222656,0.3951452076435089,0.3951452076435089,0.3977088928222656,0.002563685178756714,0.002563685178756714,0.6422335505485535,0.044936083257198334,0.18995819985866547
2026_08_18_00_49_05_482404_L1_left_C1,L1,C1,2.0,0.1694548757406934,red,left,right,left,pick up the red block,9,postgrasp,144,149,5,1.0,1.0,5,8,0.3,0.7,8,0.3694098889827728,0.40313833951950073,0.40313833951950073,0.3694098889827728,-0.033728450536727905,-0.033728450536727905,0.6422335505485535,0.044936083257198334,0.18995819985866547
2026_08_18_00_49_05_482404_L1_left_C1,L1,C1,2.0,0.1694548757406934,red,left,right,left,pick up the red block,9,postgrasp,144,149,5,1.0,1.0,6,8,0.3,0.7,8,0.4160054326057434,0.4499076008796692,0.4499076008796692,0.4160054326057434,-0.03390216827392578,-0.03390216827392578,0.6422335505485535,0.044936083257198334,0.18995819985866547
2026_08_18_00_49_05_482404_L1_left_C1,L1,C1,2.0,0.1694548757406934,red,left,right,left,pick up the red block,9,postgrasp,144,149,5,1.0,1.0,7,8,0.3,0.7,8,0.3425012528896332,0.3350655436515808,0.3350655436515808,0.3425012528896332,0.007435709238052368,0.007435709238052368,0.6422335505485535,0.044936083257198334,0.18995819985866547
2026_08_18_00_49_05_482404_L1_left_C1,L1,C1,2.0,0.1694548757406934,red,left,right,left,pick up the red block,9,postgrasp,144,149,5,1.0,1.0,8,8,0.3,0.7,8,0.3222411572933197,0.32744911313056946,0.32744911313056946,0.3222411572933197,-0.005207955837249756,-0.005207955837249756,0.6422335505485535,0.044936083257198334,0.18995819985866547
2026_08_18_00_49_05_482404_L1_left_C1,L1,C1,2.0,0.1694548757406934,red,left,right,left,pick up the red block,9,postgrasp,144,149,5,1.0,1.0,9,8,0.3,0.7,8,0.30713319778442383,0.318465918302536,0.318465918302536,0.30713319778442383,-0.011332720518112183,-0.011332720518112183,0.6422335505485535,0.044936083257198334,0.18995819985866547
2026_08_18_00_49_36_378126_L1_left_C2,L1,C2,4.0,0.3389097514813868,red,left,right,left,pick up the red block,0,pregrasp,0,16,16,0.10256410256410256,0.0903954802259887,0,8,0.3,0.7,8,0.38100355863571167,0.29944854974746704,0.29944854974746704,0.38100355863571167,0.08155500888824463,0.08155500888824463,0.36764010787010193,0.028943616896867752,0.4836997389793396
2026_08_18_00_49_36_378126_L1_left_C2,L1,C2,4.0,0.3389097514813868,red,left,right,left,pick up the red block,0,pregrasp,0,16,16,0.10256410256410256,0.0903954802259887,1,8,0.3,0.7,8,0.3646254241466522,0.3111068904399872,0.3111068904399872,0.3646254241466522,0.05351853370666504,0.05351853370666504,0.36764010787010193,0.028943616896867752,0.4836997389793396
2026_08_18_00_49_36_378126_L1_left_C2,L1,C2,4.0,0.3389097514813868,red,left,right,left,pick up the red block,0,pregrasp,0,16,16,0.10256410256410256,0.0903954802259887,2,8,0.3,0.7,8,0.3162509799003601,0.23326988518238068,0.23326988518238068,0.3162509799003601,0.08298109471797943,0.08298109471797943,0.36764010787010193,0.028943616896867752,0.4836997389793396
2026_08_18_00_49_36_378126_L1_left_C2,L1,C2,4.0,0.3389097514813868,red,left,right,left,pick up the red block,0,pregrasp,0,16,16,0.10256410256410256,0.0903954802259887,3,8,0.3,0.7,8,0.3607572019100189,0.2919163107872009,0.2919163107872009,0.3607572019100189,0.068840891122818,0.068840891122818,0.36764010787010193,0.028943616896867752,0.4836997389793396
2026_08_18_00_49_36_378126_L1_left_C2,L1,C2,4.0,0.3389097514813868,red,left,right,left,pick up the red block,0,pregrasp,0,16,16,0.10256410256410256,0.0903954802259887,4,8,0.3,0.7,8,0.29626721143722534,0.21704372763633728,0.21704372763633728,0.29626721143722534,0.07922348380088806,0.07922348380088806,0.36764010787010193,0.028943616896867752,0.4836997389793396
2026_08_18_00_49_36_378126_L1_left_C2,L1,C2,4.0,0.3389097514813868,red,left,right,left,pick up the red block,0,pregrasp,0,16,16,0.10256410256410256,0.0903954802259887,5,8,0.3,0.7,8,0.3520267605781555,0.2956591248512268,0.2956591248512268,0.3520267605781555,0.05636763572692871,0.05636763572692871,0.36764010787010193,0.028943616896867752,0.4836997389793396
2026_08_18_00_49_36_378126_L1_left_C2,L1,C2,4.0,0.3389097514813868,red,left,right,left,pick up the red block,0,pregrasp,0,16,16,0.10256410256410256,0.0903954802259887,6,8,0.3,0.7,8,0.43499255180358887,0.34689024090766907,0.34689024090766907,0.43499255180358887,0.0881023108959198,0.0881023108959198,0.36764010787010193,0.028943616896867752,0.4836997389793396
2026_08_18_00_49_36_378126_L1_left_C2,L1,C2,4.0,0.3389097514813868,red,left,right,left,pick up the red block,0,pregrasp,0,16,16,0.10256410256410256,0.0903954802259887,7,8,0.3,0.7,8,0.36462557315826416,0.2847444713115692,0.2847444713115692,0.36462557315826416,0.07988110184669495,0.07988110184669495,0.36764010787010193,0.028943616896867752,0.4836997389793396
2026_08_18_00_49_36_378126_L1_left_C2,L1,C2,4.0,0.3389097514813868,red,left,right,left,pick up the red block,0,pregrasp,0,16,16,0.10256410256410256,0.0903954802259887,8,8,0.3,0.7,8,0.34178271889686584,0.31189483404159546,0.31189483404159546,0.34178271889686584,0.029887884855270386,0.029887884855270386,0.36764010787010193,0.028943616896867752,0.4836997389793396
2026_08_18_00_49_36_378126_L1_left_C2,L1,C2,4.0,0.3389097514813868,red,left,right,left,pick up the red block,0,pregrasp,0,16,16,0.10256410256410256,0.0903954802259887,9,8,0.3,0.7,8,0.36939045786857605,0.3186560571193695,0.3186560571193695,0.36939045786857605,0.05073440074920654,0.05073440074920654,0.36764010787010193,0.028943616896867752,0.4836997389793396
2026_08_18_00_49_36_378126_L1_left_C2,L1,C2,4.0,0.3389097514813868,red,left,right,left,pick up the red block,1,pregrasp,16,32,16,0.20512820512820512,0.1807909604519774,0,8,0.3,0.7,8,0.21125057339668274,0.22044026851654053,0.22044026851654053,0.21125057339668274,-0.009189695119857788,-0.009189695119857788,0.3805083632469177,0.092417873442173,0.4602198004722595
2026_08_18_00_49_36_378126_L1_left_C2,L1,C2,4.0,0.3389097514813868,red,left,right,left,pick up the red block,1,pregrasp,16,32,16,0.20512820512820512,0.1807909604519774,1,8,0.3,0.7,8,0.30794557929039,0.32093220949172974,0.32093220949172974,0.30794557929039,-0.012986630201339722,-0.012986630201339722,0.3805083632469177,0.092417873442173,0.4602198004722595
2026_08_18_00_49_36_378126_L1_left_C2,L1,C2,4.0,0.3389097514813868,red,left,right,left,pick up the red block,1,pregrasp,16,32,16,0.20512820512820512,0.1807909604519774,2,8,0.3,0.7,8,0.3443664610385895,0.36358970403671265,0.36358970403671265,0.3443664610385895,-0.01922324299812317,-0.01922324299812317,0.3805083632469177,0.092417873442173,0.4602198004722595
2026_08_18_00_49_36_378126_L1_left_C2,L1,C2,4.0,0.3389097514813868,red,left,right,left,pick up the red block,1,pregrasp,16,32,16,0.20512820512820512,0.1807909604519774,3,8,0.3,0.7,8,0.3205787241458893,0.3313899040222168,0.3313899040222168,0.3205787241458893,-0.010811179876327515,-0.010811179876327515,0.3805083632469177,0.092417873442173,0.4602198004722595
2026_08_18_00_49_36_378126_L1_left_C2,L1,C2,4.0,0.3389097514813868,red,left,right,left,pick up the red block,1,pregrasp,16,32,16,0.20512820512820512,0.1807909604519774,4,8,0.3,0.7,8,0.24829840660095215,0.2692713737487793,0.2692713737487793,0.24829840660095215,-0.02097296714782715,-0.02097296714782715,0.3805083632469177,0.092417873442173,0.4602198004722595
2026_08_18_00_49_36_378126_L1_left_C2,L1,C2,4.0,0.3389097514813868,red,left,right,left,pick up the red block,1,pregrasp,16,32,16,0.20512820512820512,0.1807909604519774,5,8,0.3,0.7,8,0.2839142680168152,0.29278814792633057,0.29278814792633057,0.2839142680168152,-0.00887387990951538,-0.00887387990951538,0.3805083632469177,0.092417873442173,0.4602198004722595
2026_08_18_00_49_36_378126_L1_left_C2,L1,C2,4.0,0.3389097514813868,red,left,right,left,pick up the red block,1,pregrasp,16,32,16,0.20512820512820512,0.1807909604519774,6,8,0.3,0.7,8,0.22336025536060333,0.2275959700345993,0.2275959700345993,0.22336025536060333,-0.004235714673995972,-0.004235714673995972,0.3805083632469177,0.092417873442173,0.4602198004722595
2026_08_18_00_49_36_378126_L1_left_C2,L1,C2,4.0,0.3389097514813868,red,left,right,left,pick up the red block,1,pregrasp,16,32,16,0.20512820512820512,0.1807909604519774,7,8,0.3,0.7,8,0.26206567883491516,0.29215148091316223,0.29215148091316223,0.26206567883491516,-0.03008580207824707,-0.03008580207824707,0.3805083632469177,0.092417873442173,0.4602198004722595
2026_08_18_00_49_36_378126_L1_left_C2,L1,C2,4.0,0.3389097514813868,red,left,right,left,pick up the red block,1,pregrasp,16,32,16,0.20512820512820512,0.1807909604519774,8,8,0.3,0.7,8,0.3175625205039978,0.32860517501831055,0.32860517501831055,0.3175625205039978,-0.011042654514312744,-0.011042654514312744,0.3805083632469177,0.092417873442173,0.4602198004722595
2026_08_18_00_49_36_378126_L1_left_C2,L1,C2,4.0,0.3389097514813868,red,left,right,left,pick up the red block,1,pregrasp,16,32,16,0.20512820512820512,0.1807909604519774,9,8,0.3,0.7,8,0.32775795459747314,0.3697861135005951,0.3697861135005951,0.32775795459747314,-0.04202815890312195,-0.04202815890312195,0.3805083632469177,0.092417873442173,0.4602198004722595
2026_08_18_00_49_36_378126_L1_left_C2,L1,C2,4.0,0.3389097514813868,red,left,right,left,pick up the red block,2,pregrasp,32,48,16,0.3076923076923077,0.2711864406779661,0,8,0.3,0.7,8,0.2396722286939621,0.2783571481704712,0.2783571481704712,0.2396722286939621,-0.038684919476509094,-0.038684919476509094,0.4057500660419464,0.15086424350738525,0.43432676792144775
2026_08_18_00_49_36_378126_L1_left_C2,L1,C2,4.0,0.3389097514813868,red,left,right,left,pick up the red block,2,pregrasp,32,48,16,0.3076923076923077,0.2711864406779661,1,8,0.3,0.7,8,0.3409799337387085,0.3770256042480469,0.3770256042480469,0.3409799337387085,-0.03604567050933838,-0.03604567050933838,0.4057500660419464,0.15086424350738525,0.43432676792144775
2026_08_18_00_49_36_378126_L1_left_C2,L1,C2,4.0,0.3389097514813868,red,left,right,left,pick up the red block,2,pregrasp,32,48,16,0.3076923076923077,0.2711864406779661,2,8,0.3,0.7,8,0.33492377400398254,0.3464069962501526,0.3464069962501526,0.33492377400398254,-0.011483222246170044,-0.011483222246170044,0.4057500660419464,0.15086424350738525,0.43432676792144775
2026_08_18_00_49_36_378126_L1_left_C2,L1,C2,4.0,0.3389097514813868,red,left,right,left,pick up the red block,2,pregrasp,32,48,16,0.3076923076923077,0.2711864406779661,3,8,0.3,0.7,8,0.4034561812877655,0.4177483916282654,0.4177483916282654,0.4034561812877655,-0.014292210340499878,-0.014292210340499878,0.4057500660419464,0.15086424350738525,0.43432676792144775
2026_08_18_00_49_36_378126_L1_left_C2,L1,C2,4.0,0.3389097514813868,red,left,right,left,pick up the red block,2,pregrasp,32,48,16,0.3076923076923077,0.2711864406779661,4,8,0.3,0.7,8,0.27976834774017334,0.3134091794490814,0.3134091794490814,0.27976834774017334,-0.03364083170890808,-0.03364083170890808,0.4057500660419464,0.15086424350738525,0.43432676792144775
2026_08_18_00_49_36_378126_L1_left_C2,L1,C2,4.0,0.3389097514813868,red,left,right,left,pick up the red block,2,pregrasp,32,48,16,0.3076923076923077,0.2711864406779661,5,8,0.3,0.7,8,0.25175127387046814,0.2875032126903534,0.2875032126903534,0.25175127387046814,-0.035751938819885254,-0.035751938819885254,0.4057500660419464,0.15086424350738525,0.43432676792144775
2026_08_18_00_49_36_378126_L1_left_C2,L1,C2,4.0,0.3389097514813868,red,left,right,left,pick up the red block,2,pregrasp,32,48,16,0.3076923076923077,0.2711864406779661,6,8,0.3,0.7,8,0.33907970786094666,0.3465089499950409,0.3465089499950409,0.33907970786094666,-0.007429242134094238,-0.007429242134094238,0.4057500660419464,0.15086424350738525,0.43432676792144775
2026_08_18_00_49_36_378126_L1_left_C2,L1,C2,4.0,0.3389097514813868,red,left,right,left,pick up the red block,2,pregrasp,32,48,16,0.3076923076923077,0.2711864406779661,7,8,0.3,0.7,8,0.3384247124195099,0.38299715518951416,0.38299715518951416,0.3384247124195099,-0.04457244277000427,-0.04457244277000427,0.4057500660419464,0.15086424350738525,0.43432676792144775
2026_08_18_00_49_36_378126_L1_left_C2,L1,C2,4.0,0.3389097514813868,red,left,right,left,pick up the red block,2,pregrasp,32,48,16,0.3076923076923077,0.2711864406779661,8,8,0.3,0.7,8,0.3897426724433899,0.40575921535491943,0.40575921535491943,0.3897426724433899,-0.01601654291152954,-0.01601654291152954,0.4057500660419464,0.15086424350738525,0.43432676792144775
2026_08_18_00_49_36_378126_L1_left_C2,L1,C2,4.0,0.3389097514813868,red,left,right,left,pick up the red block,2,pregrasp,32,48,16,0.3076923076923077,0.2711864406779661,9,8,0.3,0.7,8,0.2291203737258911,0.2519863247871399,0.2519863247871399,0.2291203737258911,-0.02286595106124878,-0.02286595106124878,0.4057500660419464,0.15086424350738525,0.43432676792144775
2026_08_18_00_49_36_378126_L1_left_C2,L1,C2,4.0,0.3389097514813868,red,left,right,left,pick up the red block,3,pregrasp,48,64,16,0.41025641025641024,0.3615819209039548,0,8,0.3,0.7,8,0.3200703561306,0.31816691160202026,0.31816691160202026,0.3200703561306,0.001903444528579712,0.001903444528579712,0.44288989901542664,0.19522489607334137,0.3961678445339203
2026_08_18_00_49_36_378126_L1_left_C2,L1,C2,4.0,0.3389097514813868,red,left,right,left,pick up the red block,3,pregrasp,48,64,16,0.41025641025641024,0.3615819209039548,1,8,0.3,0.7,8,0.2193351835012436,0.2526113986968994,0.2526113986968994,0.2193351835012436,-0.03327621519565582,-0.03327621519565582,0.44288989901542664,0.19522489607334137,0.3961678445339203
2026_08_18_00_49_36_378126_L1_left_C2,L1,C2,4.0,0.3389097514813868,red,left,right,left,pick up the red block,3,pregrasp,48,64,16,0.41025641025641024,0.3615819209039548,2,8,0.3,0.7,8,0.3001011908054352,0.28318190574645996,0.28318190574645996,0.3001011908054352,0.01691928505897522,0.01691928505897522,0.44288989901542664,0.19522489607334137,0.3961678445339203
2026_08_18_00_49_36_378126_L1_left_C2,L1,C2,4.0,0.3389097514813868,red,left,right,left,pick up the red block,3,pregrasp,48,64,16,0.41025641025641024,0.3615819209039548,3,8,0.3,0.7,8,0.20184122025966644,0.21042029559612274,0.21042029559612274,0.20184122025966644,-0.008579075336456299,-0.008579075336456299,0.44288989901542664,0.19522489607334137,0.3961678445339203
2026_08_18_00_49_36_378126_L1_left_C2,L1,C2,4.0,0.3389097514813868,red,left,right,left,pick up the red block,3,pregrasp,48,64,16,0.41025641025641024,0.3615819209039548,4,8,0.3,0.7,8,0.2976096272468567,0.3059875965118408,0.3059875965118408,0.2976096272468567,-0.00837796926498413,-0.00837796926498413,0.44288989901542664,0.19522489607334137,0.3961678445339203
2026_08_18_00_49_36_378126_L1_left_C2,L1,C2,4.0,0.3389097514813868,red,left,right,left,pick up the red block,3,pregrasp,48,64,16,0.41025641025641024,0.3615819209039548,5,8,0.3,0.7,8,0.3291015326976776,0.35510721802711487,0.35510721802711487,0.3291015326976776,-0.026005685329437256,-0.026005685329437256,0.44288989901542664,0.19522489607334137,0.3961678445339203
2026_08_18_00_49_36_378126_L1_left_C2,L1,C2,4.0,0.3389097514813868,red,left,right,left,pick up the red block,3,pregrasp,48,64,16,0.41025641025641024,0.3615819209039548,6,8,0.3,0.7,8,0.27439773082733154,0.2887658178806305,0.2887658178806305,0.27439773082733154,-0.01436808705329895,-0.01436808705329895,0.44288989901542664,0.19522489607334137,0.3961678445339203
2026_08_18_00_49_36_378126_L1_left_C2,L1,C2,4.0,0.3389097514813868,red,left,right,left,pick up the red block,3,pregrasp,48,64,16,0.41025641025641024,0.3615819209039548,7,8,0.3,0.7,8,0.2851881980895996,0.29679808020591736,0.29679808020591736,0.2851881980895996,-0.011609882116317749,-0.011609882116317749,0.44288989901542664,0.19522489607334137,0.3961678445339203
2026_08_18_00_49_36_378126_L1_left_C2,L1,C2,4.0,0.3389097514813868,red,left,right,left,pick up the red block,3,pregrasp,48,64,16,0.41025641025641024,0.3615819209039548,8,8,0.3,0.7,8,0.19252075254917145,0.23166924715042114,0.23166924715042114,0.19252075254917145,-0.039148494601249695,-0.039148494601249695,0.44288989901542664,0.19522489607334137,0.3961678445339203
2026_08_18_00_49_36_378126_L1_left_C2,L1,C2,4.0,0.3389097514813868,red,left,right,left,pick up the red block,3,pregrasp,48,64,16,0.41025641025641024,0.3615819209039548,9,8,0.3,0.7,8,0.46089524030685425,0.4580802321434021,0.4580802321434021,0.46089524030685425,0.0028150081634521484,0.0028150081634521484,0.44288989901542664,0.19522489607334137,0.3961678445339203
2026_08_18_00_49_36_378126_L1_left_C2,L1,C2,4.0,0.3389097514813868,red,left,right,left,pick up the red block,4,pregrasp,64,80,16,0.5128205128205128,0.4519774011299435,0,8,0.3,0.7,8,0.22194547951221466,0.264998197555542,0.264998197555542,0.22194547951221466,-0.04305271804332733,-0.04305271804332733,0.4886716604232788,0.20574116706848145,0.3469110131263733
2026_08_18_00_49_36_378126_L1_left_C2,L1,C2,4.0,0.3389097514813868,red,left,right,left,pick up the red block,4,pregrasp,64,80,16,0.5128205128205128,0.4519774011299435,1,8,0.3,0.7,8,0.30274268984794617,0.3321846127510071,0.3321846127510071,0.30274268984794617,-0.029441922903060913,-0.029441922903060913,0.4886716604232788,0.20574116706848145,0.3469110131263733
2026_08_18_00_49_36_378126_L1_left_C2,L1,C2,4.0,0.3389097514813868,red,left,right,left,pick up the red block,4,pregrasp,64,80,16,0.5128205128205128,0.4519774011299435,2,8,0.3,0.7,8,0.2321939468383789,0.26219767332077026,0.26219767332077026,0.2321939468383789,-0.030003726482391357,-0.030003726482391357,0.4886716604232788,0.20574116706848145,0.3469110131263733
2026_08_18_00_49_36_378126_L1_left_C2,L1,C2,4.0,0.3389097514813868,red,left,right,left,pick up the red block,4,pregrasp,64,80,16,0.5128205128205128,0.4519774011299435,3,8,0.3,0.7,8,0.26365891098976135,0.2901393473148346,0.2901393473148346,0.26365891098976135,-0.026480436325073242,-0.026480436325073242,0.4886716604232788,0.20574116706848145,0.3469110131263733
2026_08_18_00_49_36_378126_L1_left_C2,L1,C2,4.0,0.3389097514813868,red,left,right,left,pick up the red block,4,pregrasp,64,80,16,0.5128205128205128,0.4519774011299435,4,8,0.3,0.7,8,0.22323045134544373,0.256295382976532,0.256295382976532,0.22323045134544373,-0.03306493163108826,-0.03306493163108826,0.4886716604232788,0.20574116706848145,0.3469110131263733
2026_08_18_00_49_36_378126_L1_left_C2,L1,C2,4.0,0.3389097514813868,red,left,right,left,pick up the red block,4,pregrasp,64,80,16,0.5128205128205128,0.4519774011299435,5,8,0.3,0.7,8,0.31748896837234497,0.33759933710098267,0.33759933710098267,0.31748896837234497,-0.020110368728637695,-0.020110368728637695,0.4886716604232788,0.20574116706848145,0.3469110131263733
2026_08_18_00_49_36_378126_L1_left_C2,L1,C2,4.0,0.3389097514813868,red,left,right,left,pick up the red block,4,pregrasp,64,80,16,0.5128205128205128,0.4519774011299435,6,8,0.3,0.7,8,0.19044966995716095,0.19787463545799255,0.19787463545799255,0.19044966995716095,-0.007424965500831604,-0.007424965500831604,0.4886716604232788,0.20574116706848145,0.3469110131263733
2026_08_18_00_49_36_378126_L1_left_C2,L1,C2,4.0,0.3389097514813868,red,left,right,left,pick up the red block,4,pregrasp,64,80,16,0.5128205128205128,0.4519774011299435,7,8,0.3,0.7,8,0.2600414752960205,0.28776681423187256,0.28776681423187256,0.2600414752960205,-0.02772533893585205,-0.02772533893585205,0.4886716604232788,0.20574116706848145,0.3469110131263733
2026_08_18_00_49_36_378126_L1_left_C2,L1,C2,4.0,0.3389097514813868,red,left,right,left,pick up the red block,4,pregrasp,64,80,16,0.5128205128205128,0.4519774011299435,8,8,0.3,0.7,8,0.31958717107772827,0.32972195744514465,0.32972195744514465,0.31958717107772827,-0.010134786367416382,-0.010134786367416382,0.4886716604232788,0.20574116706848145,0.3469110131263733
2026_08_18_00_49_36_378126_L1_left_C2,L1,C2,4.0,0.3389097514813868,red,left,right,left,pick up the red block,4,pregrasp,64,80,16,0.5128205128205128,0.4519774011299435,9,8,0.3,0.7,8,0.27613165974617004,0.2903198003768921,0.2903198003768921,0.27613165974617004,-0.014188140630722046,-0.014188140630722046,0.4886716604232788,0.20574116706848145,0.3469110131263733
2026_08_18_00_49_36_378126_L1_left_C2,L1,C2,4.0,0.3389097514813868,red,left,right,left,pick up the red block,5,pregrasp,80,96,16,0.6153846153846154,0.5423728813559322,0,8,0.3,0.7,8,0.38466930389404297,0.36558228731155396,0.36558228731155396,0.38466930389404297,0.019087016582489014,0.019087016582489014,0.532691240310669,0.18066371977329254,0.3011900782585144
2026_08_18_00_49_36_378126_L1_left_C2,L1,C2,4.0,0.3389097514813868,red,left,right,left,pick up the red block,5,pregrasp,80,96,16,0.6153846153846154,0.5423728813559322,1,8,0.3,0.7,8,0.29479146003723145,0.2904701828956604,0.2904701828956604,0.29479146003723145,0.004321277141571045,0.004321277141571045,0.532691240310669,0.18066371977329254,0.3011900782585144
2026_08_18_00_49_36_378126_L1_left_C2,L1,C2,4.0,0.3389097514813868,red,left,right,left,pick up the red block,5,pregrasp,80,96,16,0.6153846153846154,0.5423728813559322,2,8,0.3,0.7,8,0.2622102200984955,0.2533044219017029,0.2533044219017029,0.2622102200984955,0.008905798196792603,0.008905798196792603,0.532691240310669,0.18066371977329254,0.3011900782585144
2026_08_18_00_49_36_378126_L1_left_C2,L1,C2,4.0,0.3389097514813868,red,left,right,left,pick up the red block,5,pregrasp,80,96,16,0.6153846153846154,0.5423728813559322,3,8,0.3,0.7,8,0.22308707237243652,0.21763871610164642,0.21763871610164642,0.22308707237243652,0.0054483562707901,0.0054483562707901,0.532691240310669,0.18066371977329254,0.3011900782585144
2026_08_18_00_49_36_378126_L1_left_C2,L1,C2,4.0,0.3389097514813868,red,left,right,left,pick up the red block,5,pregrasp,80,96,16,0.6153846153846154,0.5423728813559322,4,8,0.3,0.7,8,0.23107723891735077,0.21867889165878296,0.21867889165878296,0.23107723891735077,0.01239834725856781,0.01239834725856781,0.532691240310669,0.18066371977329254,0.3011900782585144
2026_08_18_00_49_36_378126_L1_left_C2,L1,C2,4.0,0.3389097514813868,red,left,right,left,pick up the red block,5,pregrasp,80,96,16,0.6153846153846154,0.5423728813559322,5,8,0.3,0.7,8,0.3374866843223572,0.32331496477127075,0.32331496477127075,0.3374866843223572,0.014171719551086426,0.014171719551086426,0.532691240310669,0.18066371977329254,0.3011900782585144
2026_08_18_00_49_36_378126_L1_left_C2,L1,C2,4.0,0.3389097514813868,red,left,right,left,pick up the red block,5,pregrasp,80,96,16,0.6153846153846154,0.5423728813559322,6,8,0.3,0.7,8,0.22173479199409485,0.21477247774600983,0.21477247774600983,0.22173479199409485,0.006962314248085022,0.006962314248085022,0.532691240310669,0.18066371977329254,0.3011900782585144
2026_08_18_00_49_36_378126_L1_left_C2,L1,C2,4.0,0.3389097514813868,red,left,right,left,pick up the red block,5,pregrasp,80,96,16,0.6153846153846154,0.5423728813559322,7,8,0.3,0.7,8,0.33972910046577454,0.32463178038597107,0.32463178038597107,0.33972910046577454,0.015097320079803467,0.015097320079803467,0.532691240310669,0.18066371977329254,0.3011900782585144
2026_08_18_00_49_36_378126_L1_left_C2,L1,C2,4.0,0.3389097514813868,red,left,right,left,pick up the red block,5,pregrasp,80,96,16,0.6153846153846154,0.5423728813559322,8,8,0.3,0.7,8,0.26387739181518555,0.2529241144657135,0.2529241144657135,0.26387739181518555,0.010953277349472046,0.010953277349472046,0.532691240310669,0.18066371977329254,0.3011900782585144
2026_08_18_00_49_36_378126_L1_left_C2,L1,C2,4.0,0.3389097514813868,red,left,right,left,pick up the red block,5,pregrasp,80,96,16,0.6153846153846154,0.5423728813559322,9,8,0.3,0.7,8,0.16964095830917358,0.16023951768875122,0.16023951768875122,0.16964095830917358,0.009401440620422363,0.009401440620422363,0.532691240310669,0.18066371977329254,0.3011900782585144
2026_08_18_00_49_36_378126_L1_left_C2,L1,C2,4.0,0.3389097514813868,red,left,right,left,pick up the red block,6,pregrasp,96,112,16,0.717948717948718,0.632768361581921,0,8,0.3,0.7,8,0.23585915565490723,0.28866323828697205,0.28866323828697205,0.23585915565490723,-0.05280408263206482,-0.05280408263206482,0.5720626711845398,0.13909949362277985,0.2613275647163391
2026_08_18_00_49_36_378126_L1_left_C2,L1,C2,4.0,0.3389097514813868,red,left,right,left,pick up the red block,6,pregrasp,96,112,16,0.717948717948718,0.632768361581921,1,8,0.3,0.7,8,0.23410113155841827,0.28688254952430725,0.28688254952430725,0.23410113155841827,-0.05278141796588898,-0.05278141796588898,0.5720626711845398,0.13909949362277985,0.2613275647163391
2026_08_18_00_49_36_378126_L1_left_C2,L1,C2,4.0,0.3389097514813868,red,left,right,left,pick up the red block,6,pregrasp,96,112,16,0.717948717948718,0.632768361581921,2,8,0.3,0.7,8,0.24784304201602936,0.30725499987602234,0.30725499987602234,0.24784304201602936,-0.05941195785999298,-0.05941195785999298,0.5720626711845398,0.13909949362277985,0.2613275647163391
2026_08_18_00_49_36_378126_L1_left_C2,L1,C2,4.0,0.3389097514813868,red,left,right,left,pick up the red block,6,pregrasp,96,112,16,0.717948717948718,0.632768361581921,3,8,0.3,0.7,8,0.19120775163173676,0.22663451731204987,0.22663451731204987,0.19120775163173676,-0.03542676568031311,-0.03542676568031311,0.5720626711845398,0.13909949362277985,0.2613275647163391
2026_08_18_00_49_36_378126_L1_left_C2,L1,C2,4.0,0.3389097514813868,red,left,right,left,pick up the red block,6,pregrasp,96,112,16,0.717948717948718,0.632768361581921,4,8,0.3,0.7,8,0.24578911066055298,0.29505693912506104,0.29505693912506104,0.24578911066055298,-0.04926782846450806,-0.04926782846450806,0.5720626711845398,0.13909949362277985,0.2613275647163391
2026_08_18_00_49_36_378126_L1_left_C2,L1,C2,4.0,0.3389097514813868,red,left,right,left,pick up the red block,6,pregrasp,96,112,16,0.717948717948718,0.632768361581921,5,8,0.3,0.7,8,0.29689881205558777,0.34531813859939575,0.34531813859939575,0.29689881205558777,-0.04841932654380798,-0.04841932654380798,0.5720626711845398,0.13909949362277985,0.2613275647163391
2026_08_18_00_49_36_378126_L1_left_C2,L1,C2,4.0,0.3389097514813868,red,left,right,left,pick up the red block,6,pregrasp,96,112,16,0.717948717948718,0.632768361581921,6,8,0.3,0.7,8,0.23714525997638702,0.2856481075286865,0.2856481075286865,0.23714525997638702,-0.0485028475522995,-0.0485028475522995,0.5720626711845398,0.13909949362277985,0.2613275647163391
2026_08_18_00_49_36_378126_L1_left_C2,L1,C2,4.0,0.3389097514813868,red,left,right,left,pick up the red block,6,pregrasp,96,112,16,0.717948717948718,0.632768361581921,7,8,0.3,0.7,8,0.17610599100589752,0.21192128956317902,0.21192128956317902,0.17610599100589752,-0.035815298557281494,-0.035815298557281494,0.5720626711845398,0.13909949362277985,0.2613275647163391
2026_08_18_00_49_36_378126_L1_left_C2,L1,C2,4.0,0.3389097514813868,red,left,right,left,pick up the red block,6,pregrasp,96,112,16,0.717948717948718,0.632768361581921,8,8,0.3,0.7,8,0.24984575808048248,0.30386555194854736,0.30386555194854736,0.24984575808048248,-0.05401979386806488,-0.05401979386806488,0.5720626711845398,0.13909949362277985,0.2613275647163391
2026_08_18_00_49_36_378126_L1_left_C2,L1,C2,4.0,0.3389097514813868,red,left,right,left,pick up the red block,6,pregrasp,96,112,16,0.717948717948718,0.632768361581921,9,8,0.3,0.7,8,0.16720183193683624,0.20575591921806335,0.20575591921806335,0.16720183193683624,-0.03855408728122711,-0.03855408728122711,0.5720626711845398,0.13909949362277985,0.2613275647163391
2026_08_18_00_49_36_378126_L1_left_C2,L1,C2,4.0,0.3389097514813868,red,left,right,left,pick up the red block,7,pregrasp,112,128,16,0.8205128205128205,0.7231638418079096,0,8,0.3,0.7,8,0.2943798303604126,0.2919391095638275,0.2919391095638275,0.2943798303604126,0.002440720796585083,0.002440720796585083,0.6079145073890686,0.09179355949163437,0.22480329871177673
2026_08_18_00_49_36_378126_L1_left_C2,L1,C2,4.0,0.3389097514813868,red,left,right,left,pick up the red block,7,pregrasp,112,128,16,0.8205128205128205,0.7231638418079096,1,8,0.3,0.7,8,0.3145063817501068,0.31285926699638367,0.31285926699638367,0.3145063817501068,0.0016471147537231445,0.0016471147537231445,0.6079145073890686,0.09179355949163437,0.22480329871177673
2026_08_18_00_49_36_378126_L1_left_C2,L1,C2,4.0,0.3389097514813868,red,left,right,left,pick up the red block,7,pregrasp,112,128,16,0.8205128205128205,0.7231638418079096,2,8,0.3,0.7,8,0.3352409303188324,0.33649182319641113,0.33649182319641113,0.3352409303188324,-0.0012508928775787354,-0.0012508928775787354,0.6079145073890686,0.09179355949163437,0.22480329871177673
2026_08_18_00_49_36_378126_L1_left_C2,L1,C2,4.0,0.3389097514813868,red,left,right,left,pick up the red block,7,pregrasp,112,128,16,0.8205128205128205,0.7231638418079096,3,8,0.3,0.7,8,0.26218855381011963,0.2600336968898773,0.2600336968898773,0.26218855381011963,0.0021548569202423096,0.0021548569202423096,0.6079145073890686,0.09179355949163437,0.22480329871177673
2026_08_18_00_49_36_378126_L1_left_C2,L1,C2,4.0,0.3389097514813868,red,left,right,left,pick up the red block,7,pregrasp,112,128,16,0.8205128205128205,0.7231638418079096,4,8,0.3,0.7,8,0.30610883235931396,0.3014041483402252,0.3014041483402252,0.30610883235931396,0.004704684019088745,0.004704684019088745,0.6079145073890686,0.09179355949163437,0.22480329871177673
2026_08_18_00_49_36_378126_L1_left_C2,L1,C2,4.0,0.3389097514813868,red,left,right,left,pick up the red block,7,pregrasp,112,128,16,0.8205128205128205,0.7231638418079096,5,8,0.3,0.7,8,0.38597169518470764,0.3875871002674103,0.3875871002674103,0.38597169518470764,-0.0016154050827026367,-0.0016154050827026367,0.6079145073890686,0.09179355949163437,0.22480329871177673
2026_08_18_00_49_36_378126_L1_left_C2,L1,C2,4.0,0.3389097514813868,red,left,right,left,pick up the red block,7,pregrasp,112,128,16,0.8205128205128205,0.7231638418079096,6,8,0.3,0.7,8,0.2727498412132263,0.27478814125061035,0.27478814125061035,0.2727498412132263,-0.002038300037384033,-0.002038300037384033,0.6079145073890686,0.09179355949163437,0.22480329871177673
2026_08_18_00_49_36_378126_L1_left_C2,L1,C2,4.0,0.3389097514813868,red,left,right,left,pick up the red block,7,pregrasp,112,128,16,0.8205128205128205,0.7231638418079096,7,8,0.3,0.7,8,0.3033159077167511,0.30667904019355774,0.30667904019355774,0.3033159077167511,-0.0033631324768066406,-0.0033631324768066406,0.6079145073890686,0.09179355949163437,0.22480329871177673
2026_08_18_00_49_36_378126_L1_left_C2,L1,C2,4.0,0.3389097514813868,red,left,right,left,pick up the red block,7,pregrasp,112,128,16,0.8205128205128205,0.7231638418079096,8,8,0.3,0.7,8,0.21545390784740448,0.2089015543460846,0.2089015543460846,0.21545390784740448,0.006552353501319885,0.006552353501319885,0.6079145073890686,0.09179355949163437,0.22480329871177673
2026_08_18_00_49_36_378126_L1_left_C2,L1,C2,4.0,0.3389097514813868,red,left,right,left,pick up the red block,7,pregrasp,112,128,16,0.8205128205128205,0.7231638418079096,9,8,0.3,0.7,8,0.33251410722732544,0.3479269742965698,0.3479269742965698,0.33251410722732544,-0.015412867069244385,-0.015412867069244385,0.6079145073890686,0.09179355949163437,0.22480329871177673
2026_08_18_00_49_36_378126_L1_left_C2,L1,C2,4.0,0.3389097514813868,red,left,right,left,pick up the red block,8,pregrasp,128,144,16,0.9230769230769231,0.8135593220338984,0,8,0.3,0.7,8,0.41694188117980957,0.41141343116760254,0.41141343116760254,0.41694188117980957,0.005528450012207031,0.005528450012207031,0.6397051811218262,0.04648291692137718,0.19202855229377747
2026_08_18_00_49_36_378126_L1_left_C2,L1,C2,4.0,0.3389097514813868,red,left,right,left,pick up the red block,8,pregrasp,128,144,16,0.9230769230769231,0.8135593220338984,1,8,0.3,0.7,8,0.39665883779525757,0.381110280752182,0.381110280752182,0.39665883779525757,0.015548557043075562,0.015548557043075562,0.6397051811218262,0.04648291692137718,0.19202855229377747
2026_08_18_00_49_36_378126_L1_left_C2,L1,C2,4.0,0.3389097514813868,red,left,right,left,pick up the red block,8,pregrasp,128,144,16,0.9230769230769231,0.8135593220338984,2,8,0.3,0.7,8,0.40836548805236816,0.39485710859298706,0.39485710859298706,0.40836548805236816,0.013508379459381104,0.013508379459381104,0.6397051811218262,0.04648291692137718,0.19202855229377747
2026_08_18_00_49_36_378126_L1_left_C2,L1,C2,4.0,0.3389097514813868,red,left,right,left,pick up the red block,8,pregrasp,128,144,16,0.9230769230769231,0.8135593220338984,3,8,0.3,0.7,8,0.3849559426307678,0.3731265366077423,0.3731265366077423,0.3849559426307678,0.011829406023025513,0.011829406023025513,0.6397051811218262,0.04648291692137718,0.19202855229377747
2026_08_18_00_49_36_378126_L1_left_C2,L1,C2,4.0,0.3389097514813868,red,left,right,left,pick up the red block,8,pregrasp,128,144,16,0.9230769230769231,0.8135593220338984,4,8,0.3,0.7,8,0.3772602081298828,0.3671146631240845,0.3671146631240845,0.3772602081298828,0.01014554500579834,0.01014554500579834,0.6397051811218262,0.04648291692137718,0.19202855229377747
2026_08_18_00_49_36_378126_L1_left_C2,L1,C2,4.0,0.3389097514813868,red,left,right,left,pick up the red block,8,pregrasp,128,144,16,0.9230769230769231,0.8135593220338984,5,8,0.3,0.7,8,0.4596371352672577,0.4518614411354065,0.4518614411354065,0.4596371352672577,0.007775694131851196,0.007775694131851196,0.6397051811218262,0.04648291692137718,0.19202855229377747
2026_08_18_00_49_36_378126_L1_left_C2,L1,C2,4.0,0.3389097514813868,red,left,right,left,pick up the red block,8,pregrasp,128,144,16,0.9230769230769231,0.8135593220338984,6,8,0.3,0.7,8,0.36298036575317383,0.3506108820438385,0.3506108820438385,0.36298036575317383,0.012369483709335327,0.012369483709335327,0.6397051811218262,0.04648291692137718,0.19202855229377747
2026_08_18_00_49_36_378126_L1_left_C2,L1,C2,4.0,0.3389097514813868,red,left,right,left,pick up the red block,8,pregrasp,128,144,16,0.9230769230769231,0.8135593220338984,7,8,0.3,0.7,8,0.2700282335281372,0.25265446305274963,0.25265446305274963,0.2700282335281372,0.017373770475387573,0.017373770475387573,0.6397051811218262,0.04648291692137718,0.19202855229377747
2026_08_18_00_49_36_378126_L1_left_C2,L1,C2,4.0,0.3389097514813868,red,left,right,left,pick up the red block,8,pregrasp,128,144,16,0.9230769230769231,0.8135593220338984,8,8,0.3,0.7,8,0.35716405510902405,0.355977326631546,0.355977326631546,0.35716405510902405,0.0011867284774780273,0.0011867284774780273,0.6397051811218262,0.04648291692137718,0.19202855229377747
2026_08_18_00_49_36_378126_L1_left_C2,L1,C2,4.0,0.3389097514813868,red,left,right,left,pick up the red block,8,pregrasp,128,144,16,0.9230769230769231,0.8135593220338984,9,8,0.3,0.7,8,0.42378827929496765,0.4115793704986572,0.4115793704986572,0.42378827929496765,0.012208908796310425,0.012208908796310425,0.6397051811218262,0.04648291692137718,0.19202855229377747
2026_08_18_00_49_36_378126_L1_left_C2,L1,C2,4.0,0.3389097514813868,red,left,right,left,pick up the red block,9,pregrasp,144,156,12,1.0,0.8813559322033898,0,8,0.3,0.7,8,0.3025375306606293,0.25984421372413635,0.25984421372413635,0.3025375306606293,0.04269331693649292,0.04269331693649292,0.6414268016815186,0.045219603925943375,0.19022321701049805
2026_08_18_00_49_36_378126_L1_left_C2,L1,C2,4.0,0.3389097514813868,red,left,right,left,pick up the red block,9,pregrasp,144,156,12,1.0,0.8813559322033898,1,8,0.3,0.7,8,0.24665533006191254,0.23212769627571106,0.23212769627571106,0.24665533006191254,0.014527633786201477,0.014527633786201477,0.6414268016815186,0.045219603925943375,0.19022321701049805
2026_08_18_00_49_36_378126_L1_left_C2,L1,C2,4.0,0.3389097514813868,red,left,right,left,pick up the red block,9,pregrasp,144,156,12,1.0,0.8813559322033898,2,8,0.3,0.7,8,0.3892280161380768,0.34082090854644775,0.34082090854644775,0.3892280161380768,0.04840710759162903,0.04840710759162903,0.6414268016815186,0.045219603925943375,0.19022321701049805
2026_08_18_00_49_36_378126_L1_left_C2,L1,C2,4.0,0.3389097514813868,red,left,right,left,pick up the red block,9,pregrasp,144,156,12,1.0,0.8813559322033898,3,8,0.3,0.7,8,0.2174980193376541,0.20064011216163635,0.20064011216163635,0.2174980193376541,0.01685790717601776,0.01685790717601776,0.6414268016815186,0.045219603925943375,0.19022321701049805
2026_08_18_00_49_36_378126_L1_left_C2,L1,C2,4.0,0.3389097514813868,red,left,right,left,pick up the red block,9,pregrasp,144,156,12,1.0,0.8813559322033898,4,8,0.3,0.7,8,0.3775004744529724,0.3106696605682373,0.3106696605682373,0.3775004744529724,0.06683081388473511,0.06683081388473511,0.6414268016815186,0.045219603925943375,0.19022321701049805
2026_08_18_00_49_36_378126_L1_left_C2,L1,C2,4.0,0.3389097514813868,red,left,right,left,pick up the red block,9,pregrasp,144,156,12,1.0,0.8813559322033898,5,8,0.3,0.7,8,0.22203820943832397,0.19367936253547668,0.19367936253547668,0.22203820943832397,0.02835884690284729,0.02835884690284729,0.6414268016815186,0.045219603925943375,0.19022321701049805
2026_08_18_00_49_36_378126_L1_left_C2,L1,C2,4.0,0.3389097514813868,red,left,right,left,pick up the red block,9,pregrasp,144,156,12,1.0,0.8813559322033898,6,8,0.3,0.7,8,0.2325538694858551,0.21174734830856323,0.21174734830856323,0.2325538694858551,0.02080652117729187,0.02080652117729187,0.6414268016815186,0.045219603925943375,0.19022321701049805
2026_08_18_00_49_36_378126_L1_left_C2,L1,C2,4.0,0.3389097514813868,red,left,right,left,pick up the red block,9,pregrasp,144,156,12,1.0,0.8813559322033898,7,8,0.3,0.7,8,0.28405115008354187,0.2512415051460266,0.2512415051460266,0.28405115008354187,0.03280964493751526,0.03280964493751526,0.6414268016815186,0.045219603925943375,0.19022321701049805
2026_08_18_00_49_36_378126_L1_left_C2,L1,C2,4.0,0.3389097514813868,red,left,right,left,pick up the red block,9,pregrasp,144,156,12,1.0,0.8813559322033898,8,8,0.3,0.7,8,0.19132117927074432,0.1754494607448578,0.1754494607448578,0.19132117927074432,0.015871718525886536,0.015871718525886536,0.6414268016815186,0.045219603925943375,0.19022321701049805
2026_08_18_00_49_36_378126_L1_left_C2,L1,C2,4.0,0.3389097514813868,red,left,right,left,pick up the red block,9,pregrasp,144,156,12,1.0,0.8813559322033898,9,8,0.3,0.7,8,0.25327447056770325,0.22591432929039001,0.22591432929039001,0.25327447056770325,0.027360141277313232,0.027360141277313232,0.6414268016815186,0.045219603925943375,0.19022321701049805
2026_08_18_00_49_36_378126_L1_left_C2,L1,C2,4.0,0.3389097514813868,red,left,right,left,pick up the red block,10,postgrasp,156,172,16,1.0,0.9717514124293786,0,8,0.3,0.7,8,0.3764057159423828,0.315248042345047,0.315248042345047,0.3764057159423828,0.061157673597335815,0.061157673597335815,0.641834020614624,0.04516230896115303,0.19066476821899414
2026_08_18_00_49_36_378126_L1_left_C2,L1,C2,4.0,0.3389097514813868,red,left,right,left,pick up the red block,10,postgrasp,156,172,16,1.0,0.9717514124293786,1,8,0.3,0.7,8,0.3956884443759918,0.32573390007019043,0.32573390007019043,0.3956884443759918,0.06995454430580139,0.06995454430580139,0.641834020614624,0.04516230896115303,0.19066476821899414
2026_08_18_00_49_36_378126_L1_left_C2,L1,C2,4.0,0.3389097514813868,red,left,right,left,pick up the red block,10,postgrasp,156,172,16,1.0,0.9717514124293786,2,8,0.3,0.7,8,0.4249212443828583,0.3344660997390747,0.3344660997390747,0.4249212443828583,0.09045514464378357,0.09045514464378357,0.641834020614624,0.04516230896115303,0.19066476821899414
2026_08_18_00_49_36_378126_L1_left_C2,L1,C2,4.0,0.3389097514813868,red,left,right,left,pick up the red block,10,postgrasp,156,172,16,1.0,0.9717514124293786,3,8,0.3,0.7,8,0.3852540850639343,0.3094191551208496,0.3094191551208496,0.3852540850639343,0.07583492994308472,0.07583492994308472,0.641834020614624,0.04516230896115303,0.19066476821899414
2026_08_18_00_49_36_378126_L1_left_C2,L1,C2,4.0,0.3389097514813868,red,left,right,left,pick up the red block,10,postgrasp,156,172,16,1.0,0.9717514124293786,4,8,0.3,0.7,8,0.3891506791114807,0.31944888830184937,0.31944888830184937,0.3891506791114807,0.06970179080963135,0.06970179080963135,0.641834020614624,0.04516230896115303,0.19066476821899414
2026_08_18_00_49_36_378126_L1_left_C2,L1,C2,4.0,0.3389097514813868,red,left,right,left,pick up the red block,10,postgrasp,156,172,16,1.0,0.9717514124293786,5,8,0.3,0.7,8,0.4825546145439148,0.38864535093307495,0.38864535093307495,0.4825546145439148,0.09390926361083984,0.09390926361083984,0.641834020614624,0.04516230896115303,0.19066476821899414
2026_08_18_00_49_36_378126_L1_left_C2,L1,C2,4.0,0.3389097514813868,red,left,right,left,pick up the red block,10,postgrasp,156,172,16,1.0,0.9717514124293786,6,8,0.3,0.7,8,0.36354202032089233,0.297674298286438,0.297674298286438,0.36354202032089233,0.06586772203445435,0.06586772203445435,0.641834020614624,0.04516230896115303,0.19066476821899414
2026_08_18_00_49_36_378126_L1_left_C2,L1,C2,4.0,0.3389097514813868,red,left,right,left,pick up the red block,10,postgrasp,156,172,16,1.0,0.9717514124293786,7,8,0.3,0.7,8,0.3391740322113037,0.297285795211792,0.297285795211792,0.3391740322113037,0.04188823699951172,0.04188823699951172,0.641834020614624,0.04516230896115303,0.19066476821899414
2026_08_18_00_49_36_378126_L1_left_C2,L1,C2,4.0,0.3389097514813868,red,left,right,left,pick up the red block,10,postgrasp,156,172,16,1.0,0.9717514124293786,8,8,0.3,0.7,8,0.39442187547683716,0.340244859457016,0.340244859457016,0.39442187547683716,0.05417701601982117,0.05417701601982117,0.641834020614624,0.04516230896115303,0.19066476821899414
2026_08_18_00_49_36_378126_L1_left_C2,L1,C2,4.0,0.3389097514813868,red,left,right,left,pick up the red block,10,postgrasp,156,172,16,1.0,0.9717514124293786,9,8,0.3,0.7,8,0.5060667395591736,0.4145483374595642,0.4145483374595642,0.5060667395591736,0.09151840209960938,0.09151840209960938,0.641834020614624,0.04516230896115303,0.19066476821899414
2026_08_18_00_49_36_378126_L1_left_C2,L1,C2,4.0,0.3389097514813868,red,left,right,left,pick up the red block,11,postgrasp,172,177,5,1.0,1.0,0,8,0.3,0.7,8,0.40987423062324524,0.4792029559612274,0.4792029559612274,0.40987423062324524,-0.06932872533798218,-0.06932872533798218,0.6418346166610718,0.045163847506046295,0.19066457450389862
2026_08_18_00_49_36_378126_L1_left_C2,L1,C2,4.0,0.3389097514813868,red,left,right,left,pick up the red block,11,postgrasp,172,177,5,1.0,1.0,1,8,0.3,0.7,8,0.4401853084564209,0.5095487833023071,0.5095487833023071,0.4401853084564209,-0.06936347484588623,-0.06936347484588623,0.6418346166610718,0.045163847506046295,0.19066457450389862
2026_08_18_00_49_36_378126_L1_left_C2,L1,C2,4.0,0.3389097514813868,red,left,right,left,pick up the red block,11,postgrasp,172,177,5,1.0,1.0,2,8,0.3,0.7,8,0.37340009212493896,0.4206903874874115,0.4206903874874115,0.37340009212493896,-0.047290295362472534,-0.047290295362472534,0.6418346166610718,0.045163847506046295,0.19066457450389862
2026_08_18_00_49_36_378126_L1_left_C2,L1,C2,4.0,0.3389097514813868,red,left,right,left,pick up the red block,11,postgrasp,172,177,5,1.0,1.0,3,8,0.3,0.7,8,0.33363667130470276,0.3741264343261719,0.3741264343261719,0.33363667130470276,-0.040489763021469116,-0.040489763021469116,0.6418346166610718,0.045163847506046295,0.19066457450389862
2026_08_18_00_49_36_378126_L1_left_C2,L1,C2,4.0,0.3389097514813868,red,left,right,left,pick up the red block,11,postgrasp,172,177,5,1.0,1.0,4,8,0.3,0.7,8,0.3984549343585968,0.4265184998512268,0.4265184998512268,0.3984549343585968,-0.028063565492630005,-0.028063565492630005,0.6418346166610718,0.045163847506046295,0.19066457450389862
2026_08_18_00_49_36_378126_L1_left_C2,L1,C2,4.0,0.3389097514813868,red,left,right,left,pick up the red block,11,postgrasp,172,177,5,1.0,1.0,5,8,0.3,0.7,8,0.38138869404792786,0.4274376332759857,0.4274376332759857,0.38138869404792786,-0.04604893922805786,-0.04604893922805786,0.6418346166610718,0.045163847506046295,0.19066457450389862
2026_08_18_00_49_36_378126_L1_left_C2,L1,C2,4.0,0.3389097514813868,red,left,right,left,pick up the red block,11,postgrasp,172,177,5,1.0,1.0,6,8,0.3,0.7,8,0.40829724073410034,0.496458500623703,0.496458500623703,0.40829724073410034,-0.08816125988960266,-0.08816125988960266,0.6418346166610718,0.045163847506046295,0.19066457450389862
2026_08_18_00_49_36_378126_L1_left_C2,L1,C2,4.0,0.3389097514813868,red,left,right,left,pick up the red block,11,postgrasp,172,177,5,1.0,1.0,7,8,0.3,0.7,8,0.3506017029285431,0.42528873682022095,0.42528873682022095,0.3506017029285431,-0.07468703389167786,-0.07468703389167786,0.6418346166610718,0.045163847506046295,0.19066457450389862
2026_08_18_00_49_36_378126_L1_left_C2,L1,C2,4.0,0.3389097514813868,red,left,right,left,pick up the red block,11,postgrasp,172,177,5,1.0,1.0,8,8,0.3,0.7,8,0.34195640683174133,0.38232409954071045,0.38232409954071045,0.34195640683174133,-0.040367692708969116,-0.040367692708969116,0.6418346166610718,0.045163847506046295,0.19066457450389862
2026_08_18_00_49_36_378126_L1_left_C2,L1,C2,4.0,0.3389097514813868,red,left,right,left,pick up the red block,11,postgrasp,172,177,5,1.0,1.0,9,8,0.3,0.7,8,0.3406640291213989,0.4149661958217621,0.4149661958217621,0.3406640291213989,-0.07430216670036316,-0.07430216670036316,0.6418346166610718,0.045163847506046295,0.19066457450389862
2026_08_18_00_50_22_202653_L1_right_C0,L1,C0,0.0,0.0,blue,right,right,left,pick up the blue block,0,pregrasp,0,16,16,0.13793103448275862,0.11678832116788321,0,8,0.3,0.7,8,0.3556325137615204,0.2731419503688812,0.3556325137615204,0.2731419503688812,0.08249056339263916,-0.08249056339263916,0.3815431296825409,0.0024544214829802513,0.46649065613746643
2026_08_18_00_50_22_202653_L1_right_C0,L1,C0,0.0,0.0,blue,right,right,left,pick up the blue block,0,pregrasp,0,16,16,0.13793103448275862,0.11678832116788321,1,8,0.3,0.7,8,0.4321582615375519,0.328350305557251,0.4321582615375519,0.328350305557251,0.1038079559803009,-0.1038079559803009,0.3815431296825409,0.0024544214829802513,0.46649065613746643
2026_08_18_00_50_22_202653_L1_right_C0,L1,C0,0.0,0.0,blue,right,right,left,pick up the blue block,0,pregrasp,0,16,16,0.13793103448275862,0.11678832116788321,2,8,0.3,0.7,8,0.35691243410110474,0.28585630655288696,0.35691243410110474,0.28585630655288696,0.07105612754821777,-0.07105612754821777,0.3815431296825409,0.0024544214829802513,0.46649065613746643
2026_08_18_00_50_22_202653_L1_right_C0,L1,C0,0.0,0.0,blue,right,right,left,pick up the blue block,0,pregrasp,0,16,16,0.13793103448275862,0.11678832116788321,3,8,0.3,0.7,8,0.3772820234298706,0.33099058270454407,0.3772820234298706,0.33099058270454407,0.04629144072532654,-0.04629144072532654,0.3815431296825409,0.0024544214829802513,0.46649065613746643
2026_08_18_00_50_22_202653_L1_right_C0,L1,C0,0.0,0.0,blue,right,right,left,pick up the blue block,0,pregrasp,0,16,16,0.13793103448275862,0.11678832116788321,4,8,0.3,0.7,8,0.344806432723999,0.22299930453300476,0.344806432723999,0.22299930453300476,0.12180712819099426,-0.12180712819099426,0.3815431296825409,0.0024544214829802513,0.46649065613746643
2026_08_18_00_50_22_202653_L1_right_C0,L1,C0,0.0,0.0,blue,right,right,left,pick up the blue block,0,pregrasp,0,16,16,0.13793103448275862,0.11678832116788321,5,8,0.3,0.7,8,0.36772942543029785,0.352033793926239,0.36772942543029785,0.352033793926239,0.015695631504058838,-0.015695631504058838,0.3815431296825409,0.0024544214829802513,0.46649065613746643
2026_08_18_00_50_22_202653_L1_right_C0,L1,C0,0.0,0.0,blue,right,right,left,pick up the blue block,0,pregrasp,0,16,16,0.13793103448275862,0.11678832116788321,6,8,0.3,0.7,8,0.41279396414756775,0.2860187292098999,0.41279396414756775,0.2860187292098999,0.12677523493766785,-0.12677523493766785,0.3815431296825409,0.0024544214829802513,0.46649065613746643
2026_08_18_00_50_22_202653_L1_right_C0,L1,C0,0.0,0.0,blue,right,right,left,pick up the blue block,0,pregrasp,0,16,16,0.13793103448275862,0.11678832116788321,7,8,0.3,0.7,8,0.28302985429763794,0.23200055956840515,0.28302985429763794,0.23200055956840515,0.05102929472923279,-0.05102929472923279,0.3815431296825409,0.0024544214829802513,0.46649065613746643
2026_08_18_00_50_22_202653_L1_right_C0,L1,C0,0.0,0.0,blue,right,right,left,pick up the blue block,0,pregrasp,0,16,16,0.13793103448275862,0.11678832116788321,8,8,0.3,0.7,8,0.4358151853084564,0.3161976933479309,0.4358151853084564,0.3161976933479309,0.11961749196052551,-0.11961749196052551,0.3815431296825409,0.0024544214829802513,0.46649065613746643
2026_08_18_00_50_22_202653_L1_right_C0,L1,C0,0.0,0.0,blue,right,right,left,pick up the blue block,0,pregrasp,0,16,16,0.13793103448275862,0.11678832116788321,9,8,0.3,0.7,8,0.4198150634765625,0.31235793232917786,0.4198150634765625,0.31235793232917786,0.10745713114738464,-0.10745713114738464,0.3815431296825409,0.0024544214829802513,0.46649065613746643
2026_08_18_00_50_22_202653_L1_right_C0,L1,C0,0.0,0.0,blue,right,right,left,pick up the blue block,1,pregrasp,16,32,16,0.27586206896551724,0.23357664233576642,0,8,0.3,0.7,8,0.26683273911476135,0.2985217571258545,0.26683273911476135,0.2985217571258545,-0.03168901801109314,0.03168901801109314,0.4242618978023529,-0.005617888178676367,0.41255897283554077
2026_08_18_00_50_22_202653_L1_right_C0,L1,C0,0.0,0.0,blue,right,right,left,pick up the blue block,1,pregrasp,16,32,16,0.27586206896551724,0.23357664233576642,1,8,0.3,0.7,8,0.2171488106250763,0.28307777643203735,0.2171488106250763,0.28307777643203735,-0.06592896580696106,0.06592896580696106,0.4242618978023529,-0.005617888178676367,0.41255897283554077
2026_08_18_00_50_22_202653_L1_right_C0,L1,C0,0.0,0.0,blue,right,right,left,pick up the blue block,1,pregrasp,16,32,16,0.27586206896551724,0.23357664233576642,2,8,0.3,0.7,8,0.22697040438652039,0.25409021973609924,0.22697040438652039,0.25409021973609924,-0.027119815349578857,0.027119815349578857,0.4242618978023529,-0.005617888178676367,0.41255897283554077
2026_08_18_00_50_22_202653_L1_right_C0,L1,C0,0.0,0.0,blue,right,right,left,pick up the blue block,1,pregrasp,16,32,16,0.27586206896551724,0.23357664233576642,3,8,0.3,0.7,8,0.24363556504249573,0.28613772988319397,0.24363556504249573,0.28613772988319397,-0.04250216484069824,0.04250216484069824,0.4242618978023529,-0.005617888178676367,0.41255897283554077
2026_08_18_00_50_22_202653_L1_right_C0,L1,C0,0.0,0.0,blue,right,right,left,pick up the blue block,1,pregrasp,16,32,16,0.27586206896551724,0.23357664233576642,4,8,0.3,0.7,8,0.30989813804626465,0.35694241523742676,0.30989813804626465,0.35694241523742676,-0.04704427719116211,0.04704427719116211,0.4242618978023529,-0.005617888178676367,0.41255897283554077
2026_08_18_00_50_22_202653_L1_right_C0,L1,C0,0.0,0.0,blue,right,right,left,pick up the blue block,1,pregrasp,16,32,16,0.27586206896551724,0.23357664233576642,5,8,0.3,0.7,8,0.21857915818691254,0.24255171418190002,0.21857915818691254,0.24255171418190002,-0.023972555994987488,0.023972555994987488,0.4242618978023529,-0.005617888178676367,0.41255897283554077
2026_08_18_00_50_22_202653_L1_right_C0,L1,C0,0.0,0.0,blue,right,right,left,pick up the blue block,1,pregrasp,16,32,16,0.27586206896551724,0.23357664233576642,6,8,0.3,0.7,8,0.25925788283348083,0.2933390140533447,0.25925788283348083,0.2933390140533447,-0.03408113121986389,0.03408113121986389,0.4242618978023529,-0.005617888178676367,0.41255897283554077
2026_08_18_00_50_22_202653_L1_right_C0,L1,C0,0.0,0.0,blue,right,right,left,pick up the blue block,1,pregrasp,16,32,16,0.27586206896551724,0.23357664233576642,7,8,0.3,0.7,8,0.30545198917388916,0.3673204779624939,0.30545198917388916,0.3673204779624939,-0.061868488788604736,0.061868488788604736,0.4242618978023529,-0.005617888178676367,0.41255897283554077
2026_08_18_00_50_22_202653_L1_right_C0,L1,C0,0.0,0.0,blue,right,right,left,pick up the blue block,1,pregrasp,16,32,16,0.27586206896551724,0.23357664233576642,8,8,0.3,0.7,8,0.25721102952957153,0.30259615182876587,0.25721102952957153,0.30259615182876587,-0.045385122299194336,0.045385122299194336,0.4242618978023529,-0.005617888178676367,0.41255897283554077
2026_08_18_00_50_22_202653_L1_right_C0,L1,C0,0.0,0.0,blue,right,right,left,pick up the blue block,1,pregrasp,16,32,16,0.27586206896551724,0.23357664233576642,9,8,0.3,0.7,8,0.2905457019805908,0.3531922698020935,0.2905457019805908,0.3531922698020935,-0.06264656782150269,0.06264656782150269,0.4242618978023529,-0.005617888178676367,0.41255897283554077
2026_08_18_00_50_22_202653_L1_right_C0,L1,C0,0.0,0.0,blue,right,right,left,pick up the blue block,2,pregrasp,32,48,16,0.41379310344827586,0.35036496350364965,0,8,0.3,0.7,8,0.30512547492980957,0.3053930103778839,0.30512547492980957,0.3053930103778839,-0.0002675354480743408,0.0002675354480743408,0.47278204560279846,-0.012620783410966396,0.3630843460559845
2026_08_18_00_50_22_202653_L1_right_C0,L1,C0,0.0,0.0,blue,right,right,left,pick up the blue block,2,pregrasp,32,48,16,0.41379310344827586,0.35036496350364965,1,8,0.3,0.7,8,0.240229994058609,0.24819883704185486,0.240229994058609,0.24819883704185486,-0.00796884298324585,0.00796884298324585,0.47278204560279846,-0.012620783410966396,0.3630843460559845
2026_08_18_00_50_22_202653_L1_right_C0,L1,C0,0.0,0.0,blue,right,right,left,pick up the blue block,2,pregrasp,32,48,16,0.41379310344827586,0.35036496350364965,2,8,0.3,0.7,8,0.2733495533466339,0.25842252373695374,0.2733495533466339,0.25842252373695374,0.014927029609680176,-0.014927029609680176,0.47278204560279846,-0.012620783410966396,0.3630843460559845
2026_08_18_00_50_22_202653_L1_right_C0,L1,C0,0.0,0.0,blue,right,right,left,pick up the blue block,2,pregrasp,32,48,16,0.41379310344827586,0.35036496350364965,3,8,0.3,0.7,8,0.2605621814727783,0.2714274227619171,0.2605621814727783,0.2714274227619171,-0.010865241289138794,0.010865241289138794,0.47278204560279846,-0.012620783410966396,0.3630843460559845
2026_08_18_00_50_22_202653_L1_right_C0,L1,C0,0.0,0.0,blue,right,right,left,pick up the blue block,2,pregrasp,32,48,16,0.41379310344827586,0.35036496350364965,4,8,0.3,0.7,8,0.22562316060066223,0.24288606643676758,0.22562316060066223,0.24288606643676758,-0.017262905836105347,0.017262905836105347,0.47278204560279846,-0.012620783410966396,0.3630843460559845
2026_08_18_00_50_22_202653_L1_right_C0,L1,C0,0.0,0.0,blue,right,right,left,pick up the blue block,2,pregrasp,32,48,16,0.41379310344827586,0.35036496350364965,5,8,0.3,0.7,8,0.30425789952278137,0.31331968307495117,0.30425789952278137,0.31331968307495117,-0.0090617835521698,0.0090617835521698,0.47278204560279846,-0.012620783410966396,0.3630843460559845
2026_08_18_00_50_22_202653_L1_right_C0,L1,C0,0.0,0.0,blue,right,right,left,pick up the blue block,2,pregrasp,32,48,16,0.41379310344827586,0.35036496350364965,6,8,0.3,0.7,8,0.174155130982399,0.1935456246137619,0.174155130982399,0.1935456246137619,-0.019390493631362915,0.019390493631362915,0.47278204560279846,-0.012620783410966396,0.3630843460559845
2026_08_18_00_50_22_202653_L1_right_C0,L1,C0,0.0,0.0,blue,right,right,left,pick up the blue block,2,pregrasp,32,48,16,0.41379310344827586,0.35036496350364965,7,8,0.3,0.7,8,0.23812934756278992,0.24969148635864258,0.23812934756278992,0.24969148635864258,-0.011562138795852661,0.011562138795852661,0.47278204560279846,-0.012620783410966396,0.3630843460559845
2026_08_18_00_50_22_202653_L1_right_C0,L1,C0,0.0,0.0,blue,right,right,left,pick up the blue block,2,pregrasp,32,48,16,0.41379310344827586,0.35036496350364965,8,8,0.3,0.7,8,0.28883376717567444,0.30332136154174805,0.28883376717567444,0.30332136154174805,-0.014487594366073608,0.014487594366073608,0.47278204560279846,-0.012620783410966396,0.3630843460559845
2026_08_18_00_50_22_202653_L1_right_C0,L1,C0,0.0,0.0,blue,right,right,left,pick up the blue block,2,pregrasp,32,48,16,0.41379310344827586,0.35036496350364965,9,8,0.3,0.7,8,0.2658236622810364,0.2592929005622864,0.2658236622810364,0.2592929005622864,0.00653076171875,-0.00653076171875,0.47278204560279846,-0.012620783410966396,0.3630843460559845
2026_08_18_00_50_22_202653_L1_right_C0,L1,C0,0.0,0.0,blue,right,right,left,pick up the blue block,3,pregrasp,48,64,16,0.5517241379310345,0.46715328467153283,0,8,0.3,0.7,8,0.3194698989391327,0.2825404405593872,0.3194698989391327,0.2825404405593872,0.03692945837974548,-0.03692945837974548,0.5209628939628601,-0.019593114033341408,0.31371989846229553
2026_08_18_00_50_22_202653_L1_right_C0,L1,C0,0.0,0.0,blue,right,right,left,pick up the blue block,3,pregrasp,48,64,16,0.5517241379310345,0.46715328467153283,1,8,0.3,0.7,8,0.2928171753883362,0.2575632929801941,0.2928171753883362,0.2575632929801941,0.03525388240814209,-0.03525388240814209,0.5209628939628601,-0.019593114033341408,0.31371989846229553
2026_08_18_00_50_22_202653_L1_right_C0,L1,C0,0.0,0.0,blue,right,right,left,pick up the blue block,3,pregrasp,48,64,16,0.5517241379310345,0.46715328467153283,2,8,0.3,0.7,8,0.3186658024787903,0.2877107858657837,0.3186658024787903,0.2877107858657837,0.030955016613006592,-0.030955016613006592,0.5209628939628601,-0.019593114033341408,0.31371989846229553
2026_08_18_00_50_22_202653_L1_right_C0,L1,C0,0.0,0.0,blue,right,right,left,pick up the blue block,3,pregrasp,48,64,16,0.5517241379310345,0.46715328467153283,3,8,0.3,0.7,8,0.2451348900794983,0.1952829658985138,0.2451348900794983,0.1952829658985138,0.0498519241809845,-0.0498519241809845,0.5209628939628601,-0.019593114033341408,0.31371989846229553
2026_08_18_00_50_22_202653_L1_right_C0,L1,C0,0.0,0.0,blue,right,right,left,pick up the blue block,3,pregrasp,48,64,16,0.5517241379310345,0.46715328467153283,4,8,0.3,0.7,8,0.20770540833473206,0.17704053223133087,0.20770540833473206,0.17704053223133087,0.030664876103401184,-0.030664876103401184,0.5209628939628601,-0.019593114033341408,0.31371989846229553
2026_08_18_00_50_22_202653_L1_right_C0,L1,C0,0.0,0.0,blue,right,right,left,pick up the blue block,3,pregrasp,48,64,16,0.5517241379310345,0.46715328467153283,5,8,0.3,0.7,8,0.2712417244911194,0.22834762930870056,0.2712417244911194,0.22834762930870056,0.04289409518241882,-0.04289409518241882,0.5209628939628601,-0.019593114033341408,0.31371989846229553
2026_08_18_00_50_22_202653_L1_right_C0,L1,C0,0.0,0.0,blue,right,right,left,pick up the blue block,3,pregrasp,48,64,16,0.5517241379310345,0.46715328467153283,6,8,0.3,0.7,8,0.2387101650238037,0.20820897817611694,0.2387101650238037,0.20820897817611694,0.030501186847686768,-0.030501186847686768,0.5209628939628601,-0.019593114033341408,0.31371989846229553
2026_08_18_00_50_22_202653_L1_right_C0,L1,C0,0.0,0.0,blue,right,right,left,pick up the blue block,3,pregrasp,48,64,16,0.5517241379310345,0.46715328467153283,7,8,0.3,0.7,8,0.3395288288593292,0.2858489453792572,0.3395288288593292,0.2858489453792572,0.05367988348007202,-0.05367988348007202,0.5209628939628601,-0.019593114033341408,0.31371989846229553
2026_08_18_00_50_22_202653_L1_right_C0,L1,C0,0.0,0.0,blue,right,right,left,pick up the blue block,3,pregrasp,48,64,16,0.5517241379310345,0.46715328467153283,8,8,0.3,0.7,8,0.24192331731319427,0.20802247524261475,0.24192331731319427,0.20802247524261475,0.03390084207057953,-0.03390084207057953,0.5209628939628601,-0.019593114033341408,0.31371989846229553
2026_08_18_00_50_22_202653_L1_right_C0,L1,C0,0.0,0.0,blue,right,right,left,pick up the blue block,3,pregrasp,48,64,16,0.5517241379310345,0.46715328467153283,9,8,0.3,0.7,8,0.23458465933799744,0.19694828987121582,0.23458465933799744,0.19694828987121582,0.037636369466781616,-0.037636369466781616,0.5209628939628601,-0.019593114033341408,0.31371989846229553
2026_08_18_00_50_22_202653_L1_right_C0,L1,C0,0.0,0.0,blue,right,right,left,pick up the blue block,4,pregrasp,64,80,16,0.6896551724137931,0.583941605839416,0,8,0.3,0.7,8,0.2893444895744324,0.2753069996833801,0.2893444895744324,0.2753069996833801,0.014037489891052246,-0.014037489891052246,0.5696231722831726,-0.027578232809901237,0.2638162672519684
2026_08_18_00_50_22_202653_L1_right_C0,L1,C0,0.0,0.0,blue,right,right,left,pick up the blue block,4,pregrasp,64,80,16,0.6896551724137931,0.583941605839416,1,8,0.3,0.7,8,0.23455265164375305,0.2241489589214325,0.23455265164375305,0.2241489589214325,0.010403692722320557,-0.010403692722320557,0.5696231722831726,-0.027578232809901237,0.2638162672519684
2026_08_18_00_50_22_202653_L1_right_C0,L1,C0,0.0,0.0,blue,right,right,left,pick up the blue block,4,pregrasp,64,80,16,0.6896551724137931,0.583941605839416,2,8,0.3,0.7,8,0.3536939024925232,0.3298722505569458,0.3536939024925232,0.3298722505569458,0.023821651935577393,-0.023821651935577393,0.5696231722831726,-0.027578232809901237,0.2638162672519684
2026_08_18_00_50_22_202653_L1_right_C0,L1,C0,0.0,0.0,blue,right,right,left,pick up the blue block,4,pregrasp,64,80,16,0.6896551724137931,0.583941605839416,3,8,0.3,0.7,8,0.2589166462421417,0.24095773696899414,0.2589166462421417,0.24095773696899414,0.017958909273147583,-0.017958909273147583,0.5696231722831726,-0.027578232809901237,0.2638162672519684
2026_08_18_00_50_22_202653_L1_right_C0,L1,C0,0.0,0.0,blue,right,right,left,pick up the blue block,4,pregrasp,64,80,16,0.6896551724137931,0.583941605839416,4,8,0.3,0.7,8,0.23134391009807587,0.23426730930805206,0.23134391009807587,0.23426730930805206,-0.0029233992099761963,0.0029233992099761963,0.5696231722831726,-0.027578232809901237,0.2638162672519684
2026_08_18_00_50_22_202653_L1_right_C0,L1,C0,0.0,0.0,blue,right,right,left,pick up the blue block,4,pregrasp,64,80,16,0.6896551724137931,0.583941605839416,5,8,0.3,0.7,8,0.1644054651260376,0.17873086035251617,0.1644054651260376,0.17873086035251617,-0.014325395226478577,0.014325395226478577,0.5696231722831726,-0.027578232809901237,0.2638162672519684
2026_08_18_00_50_22_202653_L1_right_C0,L1,C0,0.0,0.0,blue,right,right,left,pick up the blue block,4,pregrasp,64,80,16,0.6896551724137931,0.583941605839416,6,8,0.3,0.7,8,0.31712689995765686,0.2953473627567291,0.31712689995765686,0.2953473627567291,0.021779537200927734,-0.021779537200927734,0.5696231722831726,-0.027578232809901237,0.2638162672519684
2026_08_18_00_50_22_202653_L1_right_C0,L1,C0,0.0,0.0,blue,right,right,left,pick up the blue block,4,pregrasp,64,80,16,0.6896551724137931,0.583941605839416,7,8,0.3,0.7,8,0.2019275277853012,0.21145330369472504,0.2019275277853012,0.21145330369472504,-0.009525775909423828,0.009525775909423828,0.5696231722831726,-0.027578232809901237,0.2638162672519684
2026_08_18_00_50_22_202653_L1_right_C0,L1,C0,0.0,0.0,blue,right,right,left,pick up the blue block,4,pregrasp,64,80,16,0.6896551724137931,0.583941605839416,8,8,0.3,0.7,8,0.20817774534225464,0.20199084281921387,0.20817774534225464,0.20199084281921387,0.0061869025230407715,-0.0061869025230407715,0.5696231722831726,-0.027578232809901237,0.2638162672519684
2026_08_18_00_50_22_202653_L1_right_C0,L1,C0,0.0,0.0,blue,right,right,left,pick up the blue block,4,pregrasp,64,80,16,0.6896551724137931,0.583941605839416,9,8,0.3,0.7,8,0.25496023893356323,0.24702949821949005,0.25496023893356323,0.24702949821949005,0.007930740714073181,-0.007930740714073181,0.5696231722831726,-0.027578232809901237,0.2638162672519684
2026_08_18_00_50_22_202653_L1_right_C0,L1,C0,0.0,0.0,blue,right,right,left,pick up the blue block,5,pregrasp,80,96,16,0.8275862068965517,0.7007299270072993,0,8,0.3,0.7,8,0.15434543788433075,0.2167404592037201,0.15434543788433075,0.2167404592037201,-0.06239502131938934,0.06239502131938934,0.6181697845458984,-0.03614483401179314,0.21427927911281586
2026_08_18_00_50_22_202653_L1_right_C0,L1,C0,0.0,0.0,blue,right,right,left,pick up the blue block,5,pregrasp,80,96,16,0.8275862068965517,0.7007299270072993,1,8,0.3,0.7,8,0.12405946850776672,0.17122864723205566,0.12405946850776672,0.17122864723205566,-0.04716917872428894,0.04716917872428894,0.6181697845458984,-0.03614483401179314,0.21427927911281586
2026_08_18_00_50_22_202653_L1_right_C0,L1,C0,0.0,0.0,blue,right,right,left,pick up the blue block,5,pregrasp,80,96,16,0.8275862068965517,0.7007299270072993,2,8,0.3,0.7,8,0.1988220512866974,0.26251640915870667,0.1988220512866974,0.26251640915870667,-0.06369435787200928,0.06369435787200928,0.6181697845458984,-0.03614483401179314,0.21427927911281586
2026_08_18_00_50_22_202653_L1_right_C0,L1,C0,0.0,0.0,blue,right,right,left,pick up the blue block,5,pregrasp,80,96,16,0.8275862068965517,0.7007299270072993,3,8,0.3,0.7,8,0.20917841792106628,0.2761854827404022,0.20917841792106628,0.2761854827404022,-0.06700706481933594,0.06700706481933594,0.6181697845458984,-0.03614483401179314,0.21427927911281586
2026_08_18_00_50_22_202653_L1_right_C0,L1,C0,0.0,0.0,blue,right,right,left,pick up the blue block,5,pregrasp,80,96,16,0.8275862068965517,0.7007299270072993,4,8,0.3,0.7,8,0.19192686676979065,0.25711917877197266,0.19192686676979065,0.25711917877197266,-0.065192312002182,0.065192312002182,0.6181697845458984,-0.03614483401179314,0.21427927911281586
2026_08_18_00_50_22_202653_L1_right_C0,L1,C0,0.0,0.0,blue,right,right,left,pick up the blue block,5,pregrasp,80,96,16,0.8275862068965517,0.7007299270072993,5,8,0.3,0.7,8,0.2959856688976288,0.3546940088272095,0.2959856688976288,0.3546940088272095,-0.05870833992958069,0.05870833992958069,0.6181697845458984,-0.03614483401179314,0.21427927911281586
2026_08_18_00_50_22_202653_L1_right_C0,L1,C0,0.0,0.0,blue,right,right,left,pick up the blue block,5,pregrasp,80,96,16,0.8275862068965517,0.7007299270072993,6,8,0.3,0.7,8,0.2443883866071701,0.30819058418273926,0.2443883866071701,0.30819058418273926,-0.06380219757556915,0.06380219757556915,0.6181697845458984,-0.03614483401179314,0.21427927911281586
2026_08_18_00_50_22_202653_L1_right_C0,L1,C0,0.0,0.0,blue,right,right,left,pick up the blue block,5,pregrasp,80,96,16,0.8275862068965517,0.7007299270072993,7,8,0.3,0.7,8,0.19814908504486084,0.2742094397544861,0.19814908504486084,0.2742094397544861,-0.07606035470962524,0.07606035470962524,0.6181697845458984,-0.03614483401179314,0.21427927911281586
2026_08_18_00_50_22_202653_L1_right_C0,L1,C0,0.0,0.0,blue,right,right,left,pick up the blue block,5,pregrasp,80,96,16,0.8275862068965517,0.7007299270072993,8,8,0.3,0.7,8,0.26339665055274963,0.34041234850883484,0.26339665055274963,0.34041234850883484,-0.0770156979560852,0.0770156979560852,0.6181697845458984,-0.03614483401179314,0.21427927911281586
2026_08_18_00_50_22_202653_L1_right_C0,L1,C0,0.0,0.0,blue,right,right,left,pick up the blue block,5,pregrasp,80,96,16,0.8275862068965517,0.7007299270072993,9,8,0.3,0.7,8,0.21264402568340302,0.27722692489624023,0.21264402568340302,0.27722692489624023,-0.06458289921283722,0.06458289921283722,0.6181697845458984,-0.03614483401179314,0.21427927911281586
2026_08_18_00_50_22_202653_L1_right_C0,L1,C0,0.0,0.0,blue,right,right,left,pick up the blue block,6,pregrasp,96,112,16,0.9655172413793104,0.8175182481751825,0,8,0.3,0.7,8,0.25457441806793213,0.2623075544834137,0.25457441806793213,0.2623075544834137,-0.007733136415481567,0.007733136415481567,0.6416962146759033,-0.03999587520956993,0.18962059915065765
2026_08_18_00_50_22_202653_L1_right_C0,L1,C0,0.0,0.0,blue,right,right,left,pick up the blue block,6,pregrasp,96,112,16,0.9655172413793104,0.8175182481751825,1,8,0.3,0.7,8,0.2958966791629791,0.3107650876045227,0.2958966791629791,0.3107650876045227,-0.014868408441543579,0.014868408441543579,0.6416962146759033,-0.03999587520956993,0.18962059915065765
2026_08_18_00_50_22_202653_L1_right_C0,L1,C0,0.0,0.0,blue,right,right,left,pick up the blue block,6,pregrasp,96,112,16,0.9655172413793104,0.8175182481751825,2,8,0.3,0.7,8,0.1996368169784546,0.20335832238197327,0.1996368169784546,0.20335832238197327,-0.0037215054035186768,0.0037215054035186768,0.6416962146759033,-0.03999587520956993,0.18962059915065765
2026_08_18_00_50_22_202653_L1_right_C0,L1,C0,0.0,0.0,blue,right,right,left,pick up the blue block,6,pregrasp,96,112,16,0.9655172413793104,0.8175182481751825,3,8,0.3,0.7,8,0.14443057775497437,0.14811785519123077,0.14443057775497437,0.14811785519123077,-0.0036872774362564087,0.0036872774362564087,0.6416962146759033,-0.03999587520956993,0.18962059915065765
2026_08_18_00_50_22_202653_L1_right_C0,L1,C0,0.0,0.0,blue,right,right,left,pick up the blue block,6,pregrasp,96,112,16,0.9655172413793104,0.8175182481751825,4,8,0.3,0.7,8,0.25016963481903076,0.2605038583278656,0.25016963481903076,0.2605038583278656,-0.010334223508834839,0.010334223508834839,0.6416962146759033,-0.03999587520956993,0.18962059915065765
2026_08_18_00_50_22_202653_L1_right_C0,L1,C0,0.0,0.0,blue,right,right,left,pick up the blue block,6,pregrasp,96,112,16,0.9655172413793104,0.8175182481751825,5,8,0.3,0.7,8,0.20623838901519775,0.21258410811424255,0.20623838901519775,0.21258410811424255,-0.0063457190990448,0.0063457190990448,0.6416962146759033,-0.03999587520956993,0.18962059915065765
2026_08_18_00_50_22_202653_L1_right_C0,L1,C0,0.0,0.0,blue,right,right,left,pick up the blue block,6,pregrasp,96,112,16,0.9655172413793104,0.8175182481751825,6,8,0.3,0.7,8,0.20793572068214417,0.21696513891220093,0.20793572068214417,0.21696513891220093,-0.009029418230056763,0.009029418230056763,0.6416962146759033,-0.03999587520956993,0.18962059915065765
2026_08_18_00_50_22_202653_L1_right_C0,L1,C0,0.0,0.0,blue,right,right,left,pick up the blue block,6,pregrasp,96,112,16,0.9655172413793104,0.8175182481751825,7,8,0.3,0.7,8,0.21272990107536316,0.21877261996269226,0.21272990107536316,0.21877261996269226,-0.0060427188873291016,0.0060427188873291016,0.6416962146759033,-0.03999587520956993,0.18962059915065765
2026_08_18_00_50_22_202653_L1_right_C0,L1,C0,0.0,0.0,blue,right,right,left,pick up the blue block,6,pregrasp,96,112,16,0.9655172413793104,0.8175182481751825,8,8,0.3,0.7,8,0.19969065487384796,0.20995332300662994,0.19969065487384796,0.20995332300662994,-0.010262668132781982,0.010262668132781982,0.6416962146759033,-0.03999587520956993,0.18962059915065765
2026_08_18_00_50_22_202653_L1_right_C0,L1,C0,0.0,0.0,blue,right,right,left,pick up the blue block,6,pregrasp,96,112,16,0.9655172413793104,0.8175182481751825,9,8,0.3,0.7,8,0.21909266710281372,0.22339153289794922,0.21909266710281372,0.22339153289794922,-0.004298865795135498,0.004298865795135498,0.6416962146759033,-0.03999587520956993,0.18962059915065765
2026_08_18_00_50_22_202653_L1_right_C0,L1,C0,0.0,0.0,blue,right,right,left,pick up the blue block,7,pregrasp,112,116,4,1.0,0.8467153284671532,0,8,0.3,0.7,8,0.2443794161081314,0.2553139925003052,0.2443794161081314,0.2553139925003052,-0.010934576392173767,0.010934576392173767,0.6417282819747925,-0.03998956084251404,0.18965116143226624
2026_08_18_00_50_22_202653_L1_right_C0,L1,C0,0.0,0.0,blue,right,right,left,pick up the blue block,7,pregrasp,112,116,4,1.0,0.8467153284671532,1,8,0.3,0.7,8,0.2170533686876297,0.23951685428619385,0.2170533686876297,0.23951685428619385,-0.022463485598564148,0.022463485598564148,0.6417282819747925,-0.03998956084251404,0.18965116143226624
2026_08_18_00_50_22_202653_L1_right_C0,L1,C0,0.0,0.0,blue,right,right,left,pick up the blue block,7,pregrasp,112,116,4,1.0,0.8467153284671532,2,8,0.3,0.7,8,0.335845410823822,0.35451069474220276,0.335845410823822,0.35451069474220276,-0.018665283918380737,0.018665283918380737,0.6417282819747925,-0.03998956084251404,0.18965116143226624
2026_08_18_00_50_22_202653_L1_right_C0,L1,C0,0.0,0.0,blue,right,right,left,pick up the blue block,7,pregrasp,112,116,4,1.0,0.8467153284671532,3,8,0.3,0.7,8,0.18177589774131775,0.19533409178256989,0.18177589774131775,0.19533409178256989,-0.013558194041252136,0.013558194041252136,0.6417282819747925,-0.03998956084251404,0.18965116143226624
2026_08_18_00_50_22_202653_L1_right_C0,L1,C0,0.0,0.0,blue,right,right,left,pick up the blue block,7,pregrasp,112,116,4,1.0,0.8467153284671532,4,8,0.3,0.7,8,0.22968563437461853,0.24150264263153076,0.22968563437461853,0.24150264263153076,-0.011817008256912231,0.011817008256912231,0.6417282819747925,-0.03998956084251404,0.18965116143226624
2026_08_18_00_50_22_202653_L1_right_C0,L1,C0,0.0,0.0,blue,right,right,left,pick up the blue block,7,pregrasp,112,116,4,1.0,0.8467153284671532,5,8,0.3,0.7,8,0.17351874709129333,0.18006232380867004,0.17351874709129333,0.18006232380867004,-0.006543576717376709,0.006543576717376709,0.6417282819747925,-0.03998956084251404,0.18965116143226624
2026_08_18_00_50_22_202653_L1_right_C0,L1,C0,0.0,0.0,blue,right,right,left,pick up the blue block,7,pregrasp,112,116,4,1.0,0.8467153284671532,6,8,0.3,0.7,8,0.2837832272052765,0.3052041530609131,0.2837832272052765,0.3052041530609131,-0.021420925855636597,0.021420925855636597,0.6417282819747925,-0.03998956084251404,0.18965116143226624
2026_08_18_00_50_22_202653_L1_right_C0,L1,C0,0.0,0.0,blue,right,right,left,pick up the blue block,7,pregrasp,112,116,4,1.0,0.8467153284671532,7,8,0.3,0.7,8,0.25940436124801636,0.27169832587242126,0.25940436124801636,0.27169832587242126,-0.012293964624404907,0.012293964624404907,0.6417282819747925,-0.03998956084251404,0.18965116143226624
2026_08_18_00_50_22_202653_L1_right_C0,L1,C0,0.0,0.0,blue,right,right,left,pick up the blue block,7,pregrasp,112,116,4,1.0,0.8467153284671532,8,8,0.3,0.7,8,0.17495368421077728,0.18787667155265808,0.17495368421077728,0.18787667155265808,-0.012922987341880798,0.012922987341880798,0.6417282819747925,-0.03998956084251404,0.18965116143226624
2026_08_18_00_50_22_202653_L1_right_C0,L1,C0,0.0,0.0,blue,right,right,left,pick up the blue block,7,pregrasp,112,116,4,1.0,0.8467153284671532,9,8,0.3,0.7,8,0.27685508131980896,0.3113190531730652,0.27685508131980896,0.3113190531730652,-0.034463971853256226,0.034463971853256226,0.6417282819747925,-0.03998956084251404,0.18965116143226624
2026_08_18_00_50_22_202653_L1_right_C0,L1,C0,0.0,0.0,blue,right,right,left,pick up the blue block,8,postgrasp,116,132,16,1.0,0.9635036496350365,0,8,0.3,0.7,8,0.266544908285141,0.27401989698410034,0.266544908285141,0.27401989698410034,-0.007474988698959351,0.007474988698959351,0.6422008275985718,-0.04016907513141632,0.19009041786193848
2026_08_18_00_50_22_202653_L1_right_C0,L1,C0,0.0,0.0,blue,right,right,left,pick up the blue block,8,postgrasp,116,132,16,1.0,0.9635036496350365,1,8,0.3,0.7,8,0.28185489773750305,0.2867943048477173,0.28185489773750305,0.2867943048477173,-0.004939407110214233,0.004939407110214233,0.6422008275985718,-0.04016907513141632,0.19009041786193848
2026_08_18_00_50_22_202653_L1_right_C0,L1,C0,0.0,0.0,blue,right,right,left,pick up the blue block,8,postgrasp,116,132,16,1.0,0.9635036496350365,2,8,0.3,0.7,8,0.29416340589523315,0.3187562823295593,0.29416340589523315,0.3187562823295593,-0.024592876434326172,0.024592876434326172,0.6422008275985718,-0.04016907513141632,0.19009041786193848
2026_08_18_00_50_22_202653_L1_right_C0,L1,C0,0.0,0.0,blue,right,right,left,pick up the blue block,8,postgrasp,116,132,16,1.0,0.9635036496350365,3,8,0.3,0.7,8,0.23958969116210938,0.24554048478603363,0.23958969116210938,0.24554048478603363,-0.005950793623924255,0.005950793623924255,0.6422008275985718,-0.04016907513141632,0.19009041786193848
2026_08_18_00_50_22_202653_L1_right_C0,L1,C0,0.0,0.0,blue,right,right,left,pick up the blue block,8,postgrasp,116,132,16,1.0,0.9635036496350365,4,8,0.3,0.7,8,0.2909819781780243,0.3057517409324646,0.2909819781780243,0.3057517409324646,-0.014769762754440308,0.014769762754440308,0.6422008275985718,-0.04016907513141632,0.19009041786193848
2026_08_18_00_50_22_202653_L1_right_C0,L1,C0,0.0,0.0,blue,right,right,left,pick up the blue block,8,postgrasp,116,132,16,1.0,0.9635036496350365,5,8,0.3,0.7,8,0.3239284157752991,0.3378036320209503,0.3239284157752991,0.3378036320209503,-0.013875216245651245,0.013875216245651245,0.6422008275985718,-0.04016907513141632,0.19009041786193848
2026_08_18_00_50_22_202653_L1_right_C0,L1,C0,0.0,0.0,blue,right,right,left,pick up the blue block,8,postgrasp,116,132,16,1.0,0.9635036496350365,6,8,0.3,0.7,8,0.2823202610015869,0.28868722915649414,0.2823202610015869,0.28868722915649414,-0.0063669681549072266,0.0063669681549072266,0.6422008275985718,-0.04016907513141632,0.19009041786193848
2026_08_18_00_50_22_202653_L1_right_C0,L1,C0,0.0,0.0,blue,right,right,left,pick up the blue block,8,postgrasp,116,132,16,1.0,0.9635036496350365,7,8,0.3,0.7,8,0.304799348115921,0.31403788924217224,0.304799348115921,0.31403788924217224,-0.00923854112625122,0.00923854112625122,0.6422008275985718,-0.04016907513141632,0.19009041786193848
2026_08_18_00_50_22_202653_L1_right_C0,L1,C0,0.0,0.0,blue,right,right,left,pick up the blue block,8,postgrasp,116,132,16,1.0,0.9635036496350365,8,8,0.3,0.7,8,0.2776162326335907,0.2787168622016907,0.2776162326335907,0.2787168622016907,-0.0011006295680999756,0.0011006295680999756,0.6422008275985718,-0.04016907513141632,0.19009041786193848
2026_08_18_00_50_22_202653_L1_right_C0,L1,C0,0.0,0.0,blue,right,right,left,pick up the blue block,8,postgrasp,116,132,16,1.0,0.9635036496350365,9,8,0.3,0.7,8,0.3012827932834625,0.3091675341129303,0.3012827932834625,0.3091675341129303,-0.007884740829467773,0.007884740829467773,0.6422008275985718,-0.04016907513141632,0.19009041786193848
2026_08_18_00_50_22_202653_L1_right_C0,L1,C0,0.0,0.0,blue,right,right,left,pick up the blue block,9,postgrasp,132,137,5,1.0,1.0,0,8,0.3,0.7,8,0.28595566749572754,0.3062668442726135,0.28595566749572754,0.3062668442726135,-0.020311176776885986,0.020311176776885986,0.6422070860862732,-0.04016834869980812,0.1900949776172638
2026_08_18_00_50_22_202653_L1_right_C0,L1,C0,0.0,0.0,blue,right,right,left,pick up the blue block,9,postgrasp,132,137,5,1.0,1.0,1,8,0.3,0.7,8,0.21544428169727325,0.22743214666843414,0.21544428169727325,0.22743214666843414,-0.011987864971160889,0.011987864971160889,0.6422070860862732,-0.04016834869980812,0.1900949776172638
2026_08_18_00_50_22_202653_L1_right_C0,L1,C0,0.0,0.0,blue,right,right,left,pick up the blue block,9,postgrasp,132,137,5,1.0,1.0,2,8,0.3,0.7,8,0.20401372015476227,0.21606899797916412,0.20401372015476227,0.21606899797916412,-0.012055277824401855,0.012055277824401855,0.6422070860862732,-0.04016834869980812,0.1900949776172638
2026_08_18_00_50_22_202653_L1_right_C0,L1,C0,0.0,0.0,blue,right,right,left,pick up the blue block,9,postgrasp,132,137,5,1.0,1.0,3,8,0.3,0.7,8,0.22887443006038666,0.24629977345466614,0.22887443006038666,0.24629977345466614,-0.01742534339427948,0.01742534339427948,0.6422070860862732,-0.04016834869980812,0.1900949776172638
2026_08_18_00_50_22_202653_L1_right_C0,L1,C0,0.0,0.0,blue,right,right,left,pick up the blue block,9,postgrasp,132,137,5,1.0,1.0,4,8,0.3,0.7,8,0.29745033383369446,0.32270291447639465,0.29745033383369446,0.32270291447639465,-0.025252580642700195,0.025252580642700195,0.6422070860862732,-0.04016834869980812,0.1900949776172638
2026_08_18_00_50_22_202653_L1_right_C0,L1,C0,0.0,0.0,blue,right,right,left,pick up the blue block,9,postgrasp,132,137,5,1.0,1.0,5,8,0.3,0.7,8,0.24765729904174805,0.24849531054496765,0.24765729904174805,0.24849531054496765,-0.0008380115032196045,0.0008380115032196045,0.6422070860862732,-0.04016834869980812,0.1900949776172638
2026_08_18_00_50_22_202653_L1_right_C0,L1,C0,0.0,0.0,blue,right,right,left,pick up the blue block,9,postgrasp,132,137,5,1.0,1.0,6,8,0.3,0.7,8,0.19839732348918915,0.20259332656860352,0.19839732348918915,0.20259332656860352,-0.004196003079414368,0.004196003079414368,0.6422070860862732,-0.04016834869980812,0.1900949776172638
2026_08_18_00_50_22_202653_L1_right_C0,L1,C0,0.0,0.0,blue,right,right,left,pick up the blue block,9,postgrasp,132,137,5,1.0,1.0,7,8,0.3,0.7,8,0.20191790163516998,0.2088385671377182,0.20191790163516998,0.2088385671377182,-0.006920665502548218,0.006920665502548218,0.6422070860862732,-0.04016834869980812,0.1900949776172638
2026_08_18_00_50_22_202653_L1_right_C0,L1,C0,0.0,0.0,blue,right,right,left,pick up the blue block,9,postgrasp,132,137,5,1.0,1.0,8,8,0.3,0.7,8,0.17302261292934418,0.18415500223636627,0.17302261292934418,0.18415500223636627,-0.011132389307022095,0.011132389307022095,0.6422070860862732,-0.04016834869980812,0.1900949776172638
2026_08_18_00_50_22_202653_L1_right_C0,L1,C0,0.0,0.0,blue,right,right,left,pick up the blue block,9,postgrasp,132,137,5,1.0,1.0,9,8,0.3,0.7,8,0.1780720204114914,0.18043674528598785,0.1780720204114914,0.18043674528598785,-0.00236472487449646,0.00236472487449646,0.6422070860862732,-0.04016834869980812,0.1900949776172638
2026_08_18_00_50_52_802516_L1_right_C1,L1,C1,2.0,0.1694548757406934,blue,right,right,left,pick up the blue block,0,pregrasp,0,16,16,0.125,0.10738255033557047,0,8,0.3,0.7,8,0.3986890912055969,0.3096756637096405,0.3986890912055969,0.3096756637096405,0.08901342749595642,-0.08901342749595642,0.3719290494918823,-0.02554915100336075,0.47799262404441833
2026_08_18_00_50_52_802516_L1_right_C1,L1,C1,2.0,0.1694548757406934,blue,right,right,left,pick up the blue block,0,pregrasp,0,16,16,0.125,0.10738255033557047,1,8,0.3,0.7,8,0.3749559223651886,0.3172905743122101,0.3749559223651886,0.3172905743122101,0.057665348052978516,-0.057665348052978516,0.3719290494918823,-0.02554915100336075,0.47799262404441833
2026_08_18_00_50_52_802516_L1_right_C1,L1,C1,2.0,0.1694548757406934,blue,right,right,left,pick up the blue block,0,pregrasp,0,16,16,0.125,0.10738255033557047,2,8,0.3,0.7,8,0.42707589268684387,0.37813517451286316,0.42707589268684387,0.37813517451286316,0.04894071817398071,-0.04894071817398071,0.3719290494918823,-0.02554915100336075,0.47799262404441833
2026_08_18_00_50_52_802516_L1_right_C1,L1,C1,2.0,0.1694548757406934,blue,right,right,left,pick up the blue block,0,pregrasp,0,16,16,0.125,0.10738255033557047,3,8,0.3,0.7,8,0.35536402463912964,0.28655973076820374,0.35536402463912964,0.28655973076820374,0.0688042938709259,-0.0688042938709259,0.3719290494918823,-0.02554915100336075,0.47799262404441833
2026_08_18_00_50_52_802516_L1_right_C1,L1,C1,2.0,0.1694548757406934,blue,right,right,left,pick up the blue block,0,pregrasp,0,16,16,0.125,0.10738255033557047,4,8,0.3,0.7,8,0.3736027479171753,0.3332439661026001,0.3736027479171753,0.3332439661026001,0.040358781814575195,-0.040358781814575195,0.3719290494918823,-0.02554915100336075,0.47799262404441833
2026_08_18_00_50_52_802516_L1_right_C1,L1,C1,2.0,0.1694548757406934,blue,right,right,left,pick up the blue block,0,pregrasp,0,16,16,0.125,0.10738255033557047,5,8,0.3,0.7,8,0.3412426710128784,0.28201669454574585,0.3412426710128784,0.28201669454574585,0.05922597646713257,-0.05922597646713257,0.3719290494918823,-0.02554915100336075,0.47799262404441833
2026_08_18_00_50_52_802516_L1_right_C1,L1,C1,2.0,0.1694548757406934,blue,right,right,left,pick up the blue block,0,pregrasp,0,16,16,0.125,0.10738255033557047,6,8,0.3,0.7,8,0.42568784952163696,0.3531316816806793,0.42568784952163696,0.3531316816806793,0.07255616784095764,-0.07255616784095764,0.3719290494918823,-0.02554915100336075,0.47799262404441833
2026_08_18_00_50_52_802516_L1_right_C1,L1,C1,2.0,0.1694548757406934,blue,right,right,left,pick up the blue block,0,pregrasp,0,16,16,0.125,0.10738255033557047,7,8,0.3,0.7,8,0.4314780533313751,0.3735544681549072,0.4314780533313751,0.3735544681549072,0.057923585176467896,-0.057923585176467896,0.3719290494918823,-0.02554915100336075,0.47799262404441833
2026_08_18_00_50_52_802516_L1_right_C1,L1,C1,2.0,0.1694548757406934,blue,right,right,left,pick up the blue block,0,pregrasp,0,16,16,0.125,0.10738255033557047,8,8,0.3,0.7,8,0.3580077290534973,0.24531981348991394,0.3580077290534973,0.24531981348991394,0.11268791556358337,-0.11268791556358337,0.3719290494918823,-0.02554915100336075,0.47799262404441833
2026_08_18_00_50_52_802516_L1_right_C1,L1,C1,2.0,0.1694548757406934,blue,right,right,left,pick up the blue block,0,pregrasp,0,16,16,0.125,0.10738255033557047,9,8,0.3,0.7,8,0.4172290563583374,0.37517333030700684,0.4172290563583374,0.37517333030700684,0.042055726051330566,-0.042055726051330566,0.3719290494918823,-0.02554915100336075,0.47799262404441833
2026_08_18_00_50_52_802516_L1_right_C1,L1,C1,2.0,0.1694548757406934,blue,right,right,left,pick up the blue block,1,pregrasp,16,32,16,0.25,0.21476510067114093,0,8,0.3,0.7,8,0.17058204114437103,0.17209243774414062,0.17058204114437103,0.17209243774414062,-0.0015103965997695923,0.0015103965997695923,0.4010154902935028,-0.07378287613391876,0.4381638169288635
2026_08_18_00_50_52_802516_L1_right_C1,L1,C1,2.0,0.1694548757406934,blue,right,right,left,pick up the blue block,1,pregrasp,16,32,16,0.25,0.21476510067114093,1,8,0.3,0.7,8,0.26543352007865906,0.28528615832328796,0.26543352007865906,0.28528615832328796,-0.019852638244628906,0.019852638244628906,0.4010154902935028,-0.07378287613391876,0.4381638169288635
2026_08_18_00_50_52_802516_L1_right_C1,L1,C1,2.0,0.1694548757406934,blue,right,right,left,pick up the blue block,1,pregrasp,16,32,16,0.25,0.21476510067114093,2,8,0.3,0.7,8,0.27307772636413574,0.3056017756462097,0.27307772636413574,0.3056017756462097,-0.032524049282073975,0.032524049282073975,0.4010154902935028,-0.07378287613391876,0.4381638169288635
2026_08_18_00_50_52_802516_L1_right_C1,L1,C1,2.0,0.1694548757406934,blue,right,right,left,pick up the blue block,1,pregrasp,16,32,16,0.25,0.21476510067114093,3,8,0.3,0.7,8,0.25171715021133423,0.29767853021621704,0.25171715021133423,0.29767853021621704,-0.04596138000488281,0.04596138000488281,0.4010154902935028,-0.07378287613391876,0.4381638169288635
2026_08_18_00_50_52_802516_L1_right_C1,L1,C1,2.0,0.1694548757406934,blue,right,right,left,pick up the blue block,1,pregrasp,16,32,16,0.25,0.21476510067114093,4,8,0.3,0.7,8,0.21523517370224,0.21568962931632996,0.21523517370224,0.21568962931632996,-0.0004544556140899658,0.0004544556140899658,0.4010154902935028,-0.07378287613391876,0.4381638169288635
2026_08_18_00_50_52_802516_L1_right_C1,L1,C1,2.0,0.1694548757406934,blue,right,right,left,pick up the blue block,1,pregrasp,16,32,16,0.25,0.21476510067114093,5,8,0.3,0.7,8,0.19539423286914825,0.20859621465206146,0.19539423286914825,0.20859621465206146,-0.013201981782913208,0.013201981782913208,0.4010154902935028,-0.07378287613391876,0.4381638169288635
2026_08_18_00_50_52_802516_L1_right_C1,L1,C1,2.0,0.1694548757406934,blue,right,right,left,pick up the blue block,1,pregrasp,16,32,16,0.25,0.21476510067114093,6,8,0.3,0.7,8,0.2158036231994629,0.2119152992963791,0.2158036231994629,0.2119152992963791,0.0038883239030838013,-0.0038883239030838013,0.4010154902935028,-0.07378287613391876,0.4381638169288635
2026_08_18_00_50_52_802516_L1_right_C1,L1,C1,2.0,0.1694548757406934,blue,right,right,left,pick up the blue block,1,pregrasp,16,32,16,0.25,0.21476510067114093,7,8,0.3,0.7,8,0.20799753069877625,0.20172777771949768,0.20799753069877625,0.20172777771949768,0.0062697529792785645,-0.0062697529792785645,0.4010154902935028,-0.07378287613391876,0.4381638169288635
2026_08_18_00_50_52_802516_L1_right_C1,L1,C1,2.0,0.1694548757406934,blue,right,right,left,pick up the blue block,1,pregrasp,16,32,16,0.25,0.21476510067114093,8,8,0.3,0.7,8,0.26675158739089966,0.2970331907272339,0.26675158739089966,0.2970331907272339,-0.03028160333633423,0.03028160333633423,0.4010154902935028,-0.07378287613391876,0.4381638169288635
2026_08_18_00_50_52_802516_L1_right_C1,L1,C1,2.0,0.1694548757406934,blue,right,right,left,pick up the blue block,1,pregrasp,16,32,16,0.25,0.21476510067114093,9,8,0.3,0.7,8,0.21750779449939728,0.243104487657547,0.21750779449939728,0.243104487657547,-0.02559669315814972,0.02559669315814972,0.4010154902935028,-0.07378287613391876,0.4381638169288635
2026_08_18_00_50_52_802516_L1_right_C1,L1,C1,2.0,0.1694548757406934,blue,right,right,left,pick up the blue block,2,pregrasp,32,48,16,0.375,0.3221476510067114,0,8,0.3,0.7,8,0.3135230541229248,0.2846890091896057,0.3135230541229248,0.2846890091896057,0.028834044933319092,-0.028834044933319092,0.4444747567176819,-0.10329410433769226,0.39292797446250916
2026_08_18_00_50_52_802516_L1_right_C1,L1,C1,2.0,0.1694548757406934,blue,right,right,left,pick up the blue block,2,pregrasp,32,48,16,0.375,0.3221476510067114,1,8,0.3,0.7,8,0.24927198886871338,0.24173933267593384,0.24927198886871338,0.24173933267593384,0.007532656192779541,-0.007532656192779541,0.4444747567176819,-0.10329410433769226,0.39292797446250916
2026_08_18_00_50_52_802516_L1_right_C1,L1,C1,2.0,0.1694548757406934,blue,right,right,left,pick up the blue block,2,pregrasp,32,48,16,0.375,0.3221476510067114,2,8,0.3,0.7,8,0.2247178554534912,0.208520770072937,0.2247178554534912,0.208520770072937,0.0161970853805542,-0.0161970853805542,0.4444747567176819,-0.10329410433769226,0.39292797446250916
2026_08_18_00_50_52_802516_L1_right_C1,L1,C1,2.0,0.1694548757406934,blue,right,right,left,pick up the blue block,2,pregrasp,32,48,16,0.375,0.3221476510067114,3,8,0.3,0.7,8,0.36948737502098083,0.3407445549964905,0.36948737502098083,0.3407445549964905,0.028742820024490356,-0.028742820024490356,0.4444747567176819,-0.10329410433769226,0.39292797446250916
2026_08_18_00_50_52_802516_L1_right_C1,L1,C1,2.0,0.1694548757406934,blue,right,right,left,pick up the blue block,2,pregrasp,32,48,16,0.375,0.3221476510067114,4,8,0.3,0.7,8,0.2820659279823303,0.2653104364871979,0.2820659279823303,0.2653104364871979,0.016755491495132446,-0.016755491495132446,0.4444747567176819,-0.10329410433769226,0.39292797446250916
2026_08_18_00_50_52_802516_L1_right_C1,L1,C1,2.0,0.1694548757406934,blue,right,right,left,pick up the blue block,2,pregrasp,32,48,16,0.375,0.3221476510067114,5,8,0.3,0.7,8,0.2622033655643463,0.23868699371814728,0.2622033655643463,0.23868699371814728,0.023516371846199036,-0.023516371846199036,0.4444747567176819,-0.10329410433769226,0.39292797446250916
2026_08_18_00_50_52_802516_L1_right_C1,L1,C1,2.0,0.1694548757406934,blue,right,right,left,pick up the blue block,2,pregrasp,32,48,16,0.375,0.3221476510067114,6,8,0.3,0.7,8,0.22375622391700745,0.20639923214912415,0.22375622391700745,0.20639923214912415,0.0173569917678833,-0.0173569917678833,0.4444747567176819,-0.10329410433769226,0.39292797446250916
2026_08_18_00_50_52_802516_L1_right_C1,L1,C1,2.0,0.1694548757406934,blue,right,right,left,pick up the blue block,2,pregrasp,32,48,16,0.375,0.3221476510067114,7,8,0.3,0.7,8,0.2891871929168701,0.2674514949321747,0.2891871929168701,0.2674514949321747,0.021735697984695435,-0.021735697984695435,0.4444747567176819,-0.10329410433769226,0.39292797446250916
2026_08_18_00_50_52_802516_L1_right_C1,L1,C1,2.0,0.1694548757406934,blue,right,right,left,pick up the blue block,2,pregrasp,32,48,16,0.375,0.3221476510067114,8,8,0.3,0.7,8,0.25169503688812256,0.2305944561958313,0.25169503688812256,0.2305944561958313,0.02110058069229126,-0.02110058069229126,0.4444747567176819,-0.10329410433769226,0.39292797446250916
2026_08_18_00_50_52_802516_L1_right_C1,L1,C1,2.0,0.1694548757406934,blue,right,right,left,pick up the blue block,2,pregrasp,32,48,16,0.375,0.3221476510067114,9,8,0.3,0.7,8,0.3516232967376709,0.32941335439682007,0.3516232967376709,0.32941335439682007,0.02220994234085083,-0.02220994234085083,0.4444747567176819,-0.10329410433769226,0.39292797446250916
2026_08_18_00_50_52_802516_L1_right_C1,L1,C1,2.0,0.1694548757406934,blue,right,right,left,pick up the blue block,3,pregrasp,48,64,16,0.5,0.42953020134228187,0,8,0.3,0.7,8,0.22880831360816956,0.26507851481437683,0.22880831360816956,0.26507851481437683,-0.036270201206207275,0.036270201206207275,0.49170392751693726,-0.11220402270555496,0.3432888984680176
2026_08_18_00_50_52_802516_L1_right_C1,L1,C1,2.0,0.1694548757406934,blue,right,right,left,pick up the blue block,3,pregrasp,48,64,16,0.5,0.42953020134228187,1,8,0.3,0.7,8,0.3236997723579407,0.3590434193611145,0.3236997723579407,0.3590434193611145,-0.03534364700317383,0.03534364700317383,0.49170392751693726,-0.11220402270555496,0.3432888984680176
2026_08_18_00_50_52_802516_L1_right_C1,L1,C1,2.0,0.1694548757406934,blue,right,right,left,pick up the blue block,3,pregrasp,48,64,16,0.5,0.42953020134228187,2,8,0.3,0.7,8,0.25203925371170044,0.28804439306259155,0.25203925371170044,0.28804439306259155,-0.03600513935089111,0.03600513935089111,0.49170392751693726,-0.11220402270555496,0.3432888984680176
2026_08_18_00_50_52_802516_L1_right_C1,L1,C1,2.0,0.1694548757406934,blue,right,right,left,pick up the blue block,3,pregrasp,48,64,16,0.5,0.42953020134228187,3,8,0.3,0.7,8,0.26039251685142517,0.2924513816833496,0.26039251685142517,0.2924513816833496,-0.03205886483192444,0.03205886483192444,0.49170392751693726,-0.11220402270555496,0.3432888984680176
2026_08_18_00_50_52_802516_L1_right_C1,L1,C1,2.0,0.1694548757406934,blue,right,right,left,pick up the blue block,3,pregrasp,48,64,16,0.5,0.42953020134228187,4,8,0.3,0.7,8,0.23759950697422028,0.26796865463256836,0.23759950697422028,0.26796865463256836,-0.030369147658348083,0.030369147658348083,0.49170392751693726,-0.11220402270555496,0.3432888984680176
2026_08_18_00_50_52_802516_L1_right_C1,L1,C1,2.0,0.1694548757406934,blue,right,right,left,pick up the blue block,3,pregrasp,48,64,16,0.5,0.42953020134228187,5,8,0.3,0.7,8,0.24801476299762726,0.2704307436943054,0.24801476299762726,0.2704307436943054,-0.02241598069667816,0.02241598069667816,0.49170392751693726,-0.11220402270555496,0.3432888984680176
2026_08_18_00_50_52_802516_L1_right_C1,L1,C1,2.0,0.1694548757406934,blue,right,right,left,pick up the blue block,3,pregrasp,48,64,16,0.5,0.42953020134228187,6,8,0.3,0.7,8,0.30282554030418396,0.33694571256637573,0.30282554030418396,0.33694571256637573,-0.03412017226219177,0.03412017226219177,0.49170392751693726,-0.11220402270555496,0.3432888984680176
2026_08_18_00_50_52_802516_L1_right_C1,L1,C1,2.0,0.1694548757406934,blue,right,right,left,pick up the blue block,3,pregrasp,48,64,16,0.5,0.42953020134228187,7,8,0.3,0.7,8,0.25992247462272644,0.30114302039146423,0.25992247462272644,0.30114302039146423,-0.04122054576873779,0.04122054576873779,0.49170392751693726,-0.11220402270555496,0.3432888984680176
2026_08_18_00_50_52_802516_L1_right_C1,L1,C1,2.0,0.1694548757406934,blue,right,right,left,pick up the blue block,3,pregrasp,48,64,16,0.5,0.42953020134228187,8,8,0.3,0.7,8,0.23110684752464294,0.26513761281967163,0.23110684752464294,0.26513761281967163,-0.034030765295028687,0.034030765295028687,0.49170392751693726,-0.11220402270555496,0.3432888984680176
2026_08_18_00_50_52_802516_L1_right_C1,L1,C1,2.0,0.1694548757406934,blue,right,right,left,pick up the blue block,3,pregrasp,48,64,16,0.5,0.42953020134228187,9,8,0.3,0.7,8,0.217720165848732,0.25395357608795166,0.217720165848732,0.25395357608795166,-0.036233410239219666,0.036233410239219666,0.49170392751693726,-0.11220402270555496,0.3432888984680176
2026_08_18_00_50_52_802516_L1_right_C1,L1,C1,2.0,0.1694548757406934,blue,right,right,left,pick up the blue block,4,pregrasp,64,80,16,0.625,0.5369127516778524,0,8,0.3,0.7,8,0.2512507140636444,0.2762432098388672,0.2512507140636444,0.2762432098388672,-0.02499249577522278,0.02499249577522278,0.5398674607276917,-0.10062642395496368,0.294189989566803
2026_08_18_00_50_52_802516_L1_right_C1,L1,C1,2.0,0.1694548757406934,blue,right,right,left,pick up the blue block,4,pregrasp,64,80,16,0.625,0.5369127516778524,1,8,0.3,0.7,8,0.2608569264411926,0.296390175819397,0.2608569264411926,0.296390175819397,-0.035533249378204346,0.035533249378204346,0.5398674607276917,-0.10062642395496368,0.294189989566803
2026_08_18_00_50_52_802516_L1_right_C1,L1,C1,2.0,0.1694548757406934,blue,right,right,left,pick up the blue block,4,pregrasp,64,80,16,0.625,0.5369127516778524,2,8,0.3,0.7,8,0.3132055401802063,0.34153032302856445,0.3132055401802063,0.34153032302856445,-0.028324782848358154,0.028324782848358154,0.5398674607276917,-0.10062642395496368,0.294189989566803
2026_08_18_00_50_52_802516_L1_right_C1,L1,C1,2.0,0.1694548757406934,blue,right,right,left,pick up the blue block,4,pregrasp,64,80,16,0.625,0.5369127516778524,3,8,0.3,0.7,8,0.2553539276123047,0.291392058134079,0.2553539276123047,0.291392058134079,-0.03603813052177429,0.03603813052177429,0.5398674607276917,-0.10062642395496368,0.294189989566803
2026_08_18_00_50_52_802516_L1_right_C1,L1,C1,2.0,0.1694548757406934,blue,right,right,left,pick up the blue block,4,pregrasp,64,80,16,0.625,0.5369127516778524,4,8,0.3,0.7,8,0.2562083899974823,0.2916187047958374,0.2562083899974823,0.2916187047958374,-0.0354103147983551,0.0354103147983551,0.5398674607276917,-0.10062642395496368,0.294189989566803
2026_08_18_00_50_52_802516_L1_right_C1,L1,C1,2.0,0.1694548757406934,blue,right,right,left,pick up the blue block,4,pregrasp,64,80,16,0.625,0.5369127516778524,5,8,0.3,0.7,8,0.2288283109664917,0.2713012099266052,0.2288283109664917,0.2713012099266052,-0.042472898960113525,0.042472898960113525,0.5398674607276917,-0.10062642395496368,0.294189989566803
2026_08_18_00_50_52_802516_L1_right_C1,L1,C1,2.0,0.1694548757406934,blue,right,right,left,pick up the blue block,4,pregrasp,64,80,16,0.625,0.5369127516778524,6,8,0.3,0.7,8,0.2692466080188751,0.29075199365615845,0.2692466080188751,0.29075199365615845,-0.021505385637283325,0.021505385637283325,0.5398674607276917,-0.10062642395496368,0.294189989566803
2026_08_18_00_50_52_802516_L1_right_C1,L1,C1,2.0,0.1694548757406934,blue,right,right,left,pick up the blue block,4,pregrasp,64,80,16,0.625,0.5369127516778524,7,8,0.3,0.7,8,0.2709099054336548,0.30882972478866577,0.2709099054336548,0.30882972478866577,-0.037919819355010986,0.037919819355010986,0.5398674607276917,-0.10062642395496368,0.294189989566803
2026_08_18_00_50_52_802516_L1_right_C1,L1,C1,2.0,0.1694548757406934,blue,right,right,left,pick up the blue block,4,pregrasp,64,80,16,0.625,0.5369127516778524,8,8,0.3,0.7,8,0.3324923813343048,0.3698364198207855,0.3324923813343048,0.3698364198207855,-0.03734403848648071,0.03734403848648071,0.5398674607276917,-0.10062642395496368,0.294189989566803
2026_08_18_00_50_52_802516_L1_right_C1,L1,C1,2.0,0.1694548757406934,blue,right,right,left,pick up the blue block,4,pregrasp,64,80,16,0.625,0.5369127516778524,9,8,0.3,0.7,8,0.26548171043395996,0.29177969694137573,0.26548171043395996,0.29177969694137573,-0.02629798650741577,0.02629798650741577,0.5398674607276917,-0.10062642395496368,0.294189989566803
2026_08_18_00_50_52_802516_L1_right_C1,L1,C1,2.0,0.1694548757406934,blue,right,right,left,pick up the blue block,5,pregrasp,80,96,16,0.75,0.6442953020134228,0,8,0.3,0.7,8,0.3639989197254181,0.4163740277290344,0.3639989197254181,0.4163740277290344,-0.05237510800361633,0.05237510800361633,0.586178719997406,-0.07832471281290054,0.24674560129642487
2026_08_18_00_50_52_802516_L1_right_C1,L1,C1,2.0,0.1694548757406934,blue,right,right,left,pick up the blue block,5,pregrasp,80,96,16,0.75,0.6442953020134228,1,8,0.3,0.7,8,0.1811576634645462,0.216916024684906,0.1811576634645462,0.216916024684906,-0.0357583612203598,0.0357583612203598,0.586178719997406,-0.07832471281290054,0.24674560129642487
2026_08_18_00_50_52_802516_L1_right_C1,L1,C1,2.0,0.1694548757406934,blue,right,right,left,pick up the blue block,5,pregrasp,80,96,16,0.75,0.6442953020134228,2,8,0.3,0.7,8,0.24610555171966553,0.2808571457862854,0.24610555171966553,0.2808571457862854,-0.03475159406661987,0.03475159406661987,0.586178719997406,-0.07832471281290054,0.24674560129642487
2026_08_18_00_50_52_802516_L1_right_C1,L1,C1,2.0,0.1694548757406934,blue,right,right,left,pick up the blue block,5,pregrasp,80,96,16,0.75,0.6442953020134228,3,8,0.3,0.7,8,0.21451710164546967,0.2522789239883423,0.21451710164546967,0.2522789239883423,-0.03776182234287262,0.03776182234287262,0.586178719997406,-0.07832471281290054,0.24674560129642487
2026_08_18_00_50_52_802516_L1_right_C1,L1,C1,2.0,0.1694548757406934,blue,right,right,left,pick up the blue block,5,pregrasp,80,96,16,0.75,0.6442953020134228,4,8,0.3,0.7,8,0.2377244234085083,0.277238667011261,0.2377244234085083,0.277238667011261,-0.039514243602752686,0.039514243602752686,0.586178719997406,-0.07832471281290054,0.24674560129642487
2026_08_18_00_50_52_802516_L1_right_C1,L1,C1,2.0,0.1694548757406934,blue,right,right,left,pick up the blue block,5,pregrasp,80,96,16,0.75,0.6442953020134228,5,8,0.3,0.7,8,0.18359017372131348,0.2194315493106842,0.18359017372131348,0.2194315493106842,-0.03584137558937073,0.03584137558937073,0.586178719997406,-0.07832471281290054,0.24674560129642487
2026_08_18_00_50_52_802516_L1_right_C1,L1,C1,2.0,0.1694548757406934,blue,right,right,left,pick up the blue block,5,pregrasp,80,96,16,0.75,0.6442953020134228,6,8,0.3,0.7,8,0.3373946249485016,0.39354729652404785,0.3373946249485016,0.39354729652404785,-0.056152671575546265,0.056152671575546265,0.586178719997406,-0.07832471281290054,0.24674560129642487
2026_08_18_00_50_52_802516_L1_right_C1,L1,C1,2.0,0.1694548757406934,blue,right,right,left,pick up the blue block,5,pregrasp,80,96,16,0.75,0.6442953020134228,7,8,0.3,0.7,8,0.17959380149841309,0.21200530230998993,0.17959380149841309,0.21200530230998993,-0.03241150081157684,0.03241150081157684,0.586178719997406,-0.07832471281290054,0.24674560129642487
2026_08_18_00_50_52_802516_L1_right_C1,L1,C1,2.0,0.1694548757406934,blue,right,right,left,pick up the blue block,5,pregrasp,80,96,16,0.75,0.6442953020134228,8,8,0.3,0.7,8,0.2477930784225464,0.29036885499954224,0.2477930784225464,0.29036885499954224,-0.04257577657699585,0.04257577657699585,0.586178719997406,-0.07832471281290054,0.24674560129642487
2026_08_18_00_50_52_802516_L1_right_C1,L1,C1,2.0,0.1694548757406934,blue,right,right,left,pick up the blue block,5,pregrasp,80,96,16,0.75,0.6442953020134228,9,8,0.3,0.7,8,0.3197782039642334,0.3685647249221802,0.3197782039642334,0.3685647249221802,-0.04878652095794678,0.04878652095794678,0.586178719997406,-0.07832471281290054,0.24674560129642487
2026_08_18_00_50_52_802516_L1_right_C1,L1,C1,2.0,0.1694548757406934,blue,right,right,left,pick up the blue block,6,pregrasp,96,112,16,0.875,0.7516778523489933,0,8,0.3,0.7,8,0.2680499851703644,0.29589366912841797,0.2680499851703644,0.29589366912841797,-0.02784368395805359,0.02784368395805359,0.6305158138275146,-0.05102887377142906,0.20061933994293213
2026_08_18_00_50_52_802516_L1_right_C1,L1,C1,2.0,0.1694548757406934,blue,right,right,left,pick up the blue block,6,pregrasp,96,112,16,0.875,0.7516778523489933,1,8,0.3,0.7,8,0.13695284724235535,0.1591549962759018,0.13695284724235535,0.1591549962759018,-0.022202149033546448,0.022202149033546448,0.6305158138275146,-0.05102887377142906,0.20061933994293213
2026_08_18_00_50_52_802516_L1_right_C1,L1,C1,2.0,0.1694548757406934,blue,right,right,left,pick up the blue block,6,pregrasp,96,112,16,0.875,0.7516778523489933,2,8,0.3,0.7,8,0.22347959876060486,0.25012022256851196,0.22347959876060486,0.25012022256851196,-0.026640623807907104,0.026640623807907104,0.6305158138275146,-0.05102887377142906,0.20061933994293213
2026_08_18_00_50_52_802516_L1_right_C1,L1,C1,2.0,0.1694548757406934,blue,right,right,left,pick up the blue block,6,pregrasp,96,112,16,0.875,0.7516778523489933,3,8,0.3,0.7,8,0.18900997936725616,0.21591073274612427,0.18900997936725616,0.21591073274612427,-0.026900753378868103,0.026900753378868103,0.6305158138275146,-0.05102887377142906,0.20061933994293213
2026_08_18_00_50_52_802516_L1_right_C1,L1,C1,2.0,0.1694548757406934,blue,right,right,left,pick up the blue block,6,pregrasp,96,112,16,0.875,0.7516778523489933,4,8,0.3,0.7,8,0.23622173070907593,0.2635727822780609,0.23622173070907593,0.2635727822780609,-0.027351051568984985,0.027351051568984985,0.6305158138275146,-0.05102887377142906,0.20061933994293213
2026_08_18_00_50_52_802516_L1_right_C1,L1,C1,2.0,0.1694548757406934,blue,right,right,left,pick up the blue block,6,pregrasp,96,112,16,0.875,0.7516778523489933,5,8,0.3,0.7,8,0.2587502896785736,0.286368727684021,0.2587502896785736,0.286368727684021,-0.027618438005447388,0.027618438005447388,0.6305158138275146,-0.05102887377142906,0.20061933994293213
2026_08_18_00_50_52_802516_L1_right_C1,L1,C1,2.0,0.1694548757406934,blue,right,right,left,pick up the blue block,6,pregrasp,96,112,16,0.875,0.7516778523489933,6,8,0.3,0.7,8,0.21078595519065857,0.23832055926322937,0.21078595519065857,0.23832055926322937,-0.0275346040725708,0.0275346040725708,0.6305158138275146,-0.05102887377142906,0.20061933994293213
2026_08_18_00_50_52_802516_L1_right_C1,L1,C1,2.0,0.1694548757406934,blue,right,right,left,pick up the blue block,6,pregrasp,96,112,16,0.875,0.7516778523489933,7,8,0.3,0.7,8,0.1827298104763031,0.20659834146499634,0.1827298104763031,0.20659834146499634,-0.023868530988693237,0.023868530988693237,0.6305158138275146,-0.05102887377142906,0.20061933994293213
2026_08_18_00_50_52_802516_L1_right_C1,L1,C1,2.0,0.1694548757406934,blue,right,right,left,pick up the blue block,6,pregrasp,96,112,16,0.875,0.7516778523489933,8,8,0.3,0.7,8,0.2881326675415039,0.3224492073059082,0.2881326675415039,0.3224492073059082,-0.0343165397644043,0.0343165397644043,0.6305158138275146,-0.05102887377142906,0.20061933994293213
2026_08_18_00_50_52_802516_L1_right_C1,L1,C1,2.0,0.1694548757406934,blue,right,right,left,pick up the blue block,6,pregrasp,96,112,16,0.875,0.7516778523489933,9,8,0.3,0.7,8,0.20480823516845703,0.23109455406665802,0.20480823516845703,0.23109455406665802,-0.02628631889820099,0.02628631889820099,0.6305158138275146,-0.05102887377142906,0.20061933994293213
2026_08_18_00_50_52_802516_L1_right_C1,L1,C1,2.0,0.1694548757406934,blue,right,right,left,pick up the blue block,7,pregrasp,112,128,16,1.0,0.8590604026845637,0,8,0.3,0.7,8,0.23503001034259796,0.2442779690027237,0.23503001034259796,0.2442779690027237,-0.009247958660125732,0.009247958660125732,0.641058087348938,-0.04564709961414337,0.1898973286151886
2026_08_18_00_50_52_802516_L1_right_C1,L1,C1,2.0,0.1694548757406934,blue,right,right,left,pick up the blue block,7,pregrasp,112,128,16,1.0,0.8590604026845637,1,8,0.3,0.7,8,0.1733361929655075,0.17576852440834045,0.1733361929655075,0.17576852440834045,-0.0024323314428329468,0.0024323314428329468,0.641058087348938,-0.04564709961414337,0.1898973286151886
2026_08_18_00_50_52_802516_L1_right_C1,L1,C1,2.0,0.1694548757406934,blue,right,right,left,pick up the blue block,7,pregrasp,112,128,16,1.0,0.8590604026845637,2,8,0.3,0.7,8,0.22050665318965912,0.22719521820545197,0.22050665318965912,0.22719521820545197,-0.006688565015792847,0.006688565015792847,0.641058087348938,-0.04564709961414337,0.1898973286151886
2026_08_18_00_50_52_802516_L1_right_C1,L1,C1,2.0,0.1694548757406934,blue,right,right,left,pick up the blue block,7,pregrasp,112,128,16,1.0,0.8590604026845637,3,8,0.3,0.7,8,0.2741564214229584,0.27785319089889526,0.2741564214229584,0.27785319089889526,-0.0036967694759368896,0.0036967694759368896,0.641058087348938,-0.04564709961414337,0.1898973286151886
2026_08_18_00_50_52_802516_L1_right_C1,L1,C1,2.0,0.1694548757406934,blue,right,right,left,pick up the blue block,7,pregrasp,112,128,16,1.0,0.8590604026845637,4,8,0.3,0.7,8,0.2146821767091751,0.21565933525562286,0.2146821767091751,0.21565933525562286,-0.000977158546447754,0.000977158546447754,0.641058087348938,-0.04564709961414337,0.1898973286151886
2026_08_18_00_50_52_802516_L1_right_C1,L1,C1,2.0,0.1694548757406934,blue,right,right,left,pick up the blue block,7,pregrasp,112,128,16,1.0,0.8590604026845637,5,8,0.3,0.7,8,0.30375027656555176,0.3124098777770996,0.30375027656555176,0.3124098777770996,-0.008659601211547852,0.008659601211547852,0.641058087348938,-0.04564709961414337,0.1898973286151886
2026_08_18_00_50_52_802516_L1_right_C1,L1,C1,2.0,0.1694548757406934,blue,right,right,left,pick up the blue block,7,pregrasp,112,128,16,1.0,0.8590604026845637,6,8,0.3,0.7,8,0.2808871567249298,0.28713977336883545,0.2808871567249298,0.28713977336883545,-0.00625261664390564,0.00625261664390564,0.641058087348938,-0.04564709961414337,0.1898973286151886
2026_08_18_00_50_52_802516_L1_right_C1,L1,C1,2.0,0.1694548757406934,blue,right,right,left,pick up the blue block,7,pregrasp,112,128,16,1.0,0.8590604026845637,7,8,0.3,0.7,8,0.25056222081184387,0.25601333379745483,0.25056222081184387,0.25601333379745483,-0.005451112985610962,0.005451112985610962,0.641058087348938,-0.04564709961414337,0.1898973286151886
2026_08_18_00_50_52_802516_L1_right_C1,L1,C1,2.0,0.1694548757406934,blue,right,right,left,pick up the blue block,7,pregrasp,112,128,16,1.0,0.8590604026845637,8,8,0.3,0.7,8,0.26560503244400024,0.2676575183868408,0.26560503244400024,0.2676575183868408,-0.002052485942840576,0.002052485942840576,0.641058087348938,-0.04564709961414337,0.1898973286151886
2026_08_18_00_50_52_802516_L1_right_C1,L1,C1,2.0,0.1694548757406934,blue,right,right,left,pick up the blue block,7,pregrasp,112,128,16,1.0,0.8590604026845637,9,8,0.3,0.7,8,0.2028675526380539,0.20093391835689545,0.2028675526380539,0.20093391835689545,0.0019336342811584473,-0.0019336342811584473,0.641058087348938,-0.04564709961414337,0.1898973286151886
2026_08_18_00_50_52_802516_L1_right_C1,L1,C1,2.0,0.1694548757406934,blue,right,right,left,pick up the blue block,8,postgrasp,128,144,16,1.0,0.9664429530201343,0,8,0.3,0.7,8,0.37920713424682617,0.3729628324508667,0.37920713424682617,0.3729628324508667,0.006244301795959473,-0.006244301795959473,0.6415480375289917,-0.04559824615716934,0.19032856822013855
2026_08_18_00_50_52_802516_L1_right_C1,L1,C1,2.0,0.1694548757406934,blue,right,right,left,pick up the blue block,8,postgrasp,128,144,16,1.0,0.9664429530201343,1,8,0.3,0.7,8,0.39117997884750366,0.3787536919116974,0.39117997884750366,0.3787536919116974,0.012426286935806274,-0.012426286935806274,0.6415480375289917,-0.04559824615716934,0.19032856822013855
2026_08_18_00_50_52_802516_L1_right_C1,L1,C1,2.0,0.1694548757406934,blue,right,right,left,pick up the blue block,8,postgrasp,128,144,16,1.0,0.9664429530201343,2,8,0.3,0.7,8,0.367489218711853,0.3457028865814209,0.367489218711853,0.3457028865814209,0.02178633213043213,-0.02178633213043213,0.6415480375289917,-0.04559824615716934,0.19032856822013855
2026_08_18_00_50_52_802516_L1_right_C1,L1,C1,2.0,0.1694548757406934,blue,right,right,left,pick up the blue block,8,postgrasp,128,144,16,1.0,0.9664429530201343,3,8,0.3,0.7,8,0.35229092836380005,0.3383466303348541,0.35229092836380005,0.3383466303348541,0.013944298028945923,-0.013944298028945923,0.6415480375289917,-0.04559824615716934,0.19032856822013855
2026_08_18_00_50_52_802516_L1_right_C1,L1,C1,2.0,0.1694548757406934,blue,right,right,left,pick up the blue block,8,postgrasp,128,144,16,1.0,0.9664429530201343,4,8,0.3,0.7,8,0.3433724641799927,0.3226526975631714,0.3433724641799927,0.3226526975631714,0.02071976661682129,-0.02071976661682129,0.6415480375289917,-0.04559824615716934,0.19032856822013855
2026_08_18_00_50_52_802516_L1_right_C1,L1,C1,2.0,0.1694548757406934,blue,right,right,left,pick up the blue block,8,postgrasp,128,144,16,1.0,0.9664429530201343,5,8,0.3,0.7,8,0.33620208501815796,0.31887662410736084,0.33620208501815796,0.31887662410736084,0.01732546091079712,-0.01732546091079712,0.6415480375289917,-0.04559824615716934,0.19032856822013855
2026_08_18_00_50_52_802516_L1_right_C1,L1,C1,2.0,0.1694548757406934,blue,right,right,left,pick up the blue block,8,postgrasp,128,144,16,1.0,0.9664429530201343,6,8,0.3,0.7,8,0.32349616289138794,0.3119945526123047,0.32349616289138794,0.3119945526123047,0.011501610279083252,-0.011501610279083252,0.6415480375289917,-0.04559824615716934,0.19032856822013855
2026_08_18_00_50_52_802516_L1_right_C1,L1,C1,2.0,0.1694548757406934,blue,right,right,left,pick up the blue block,8,postgrasp,128,144,16,1.0,0.9664429530201343,7,8,0.3,0.7,8,0.2840576767921448,0.2519668936729431,0.2840576767921448,0.2519668936729431,0.03209078311920166,-0.03209078311920166,0.6415480375289917,-0.04559824615716934,0.19032856822013855
2026_08_18_00_50_52_802516_L1_right_C1,L1,C1,2.0,0.1694548757406934,blue,right,right,left,pick up the blue block,8,postgrasp,128,144,16,1.0,0.9664429530201343,8,8,0.3,0.7,8,0.37997967004776,0.3640000820159912,0.37997967004776,0.3640000820159912,0.0159795880317688,-0.0159795880317688,0.6415480375289917,-0.04559824615716934,0.19032856822013855
2026_08_18_00_50_52_802516_L1_right_C1,L1,C1,2.0,0.1694548757406934,blue,right,right,left,pick up the blue block,8,postgrasp,128,144,16,1.0,0.9664429530201343,9,8,0.3,0.7,8,0.34770411252975464,0.33257749676704407,0.34770411252975464,0.33257749676704407,0.015126615762710571,-0.015126615762710571,0.6415480375289917,-0.04559824615716934,0.19032856822013855
2026_08_18_00_50_52_802516_L1_right_C1,L1,C1,2.0,0.1694548757406934,blue,right,right,left,pick up the blue block,9,postgrasp,144,149,5,1.0,1.0,0,8,0.3,0.7,8,0.2524482309818268,0.24919410049915314,0.2524482309818268,0.24919410049915314,0.003254130482673645,-0.003254130482673645,0.6415497064590454,-0.04560047388076782,0.1903260201215744
2026_08_18_00_50_52_802516_L1_right_C1,L1,C1,2.0,0.1694548757406934,blue,right,right,left,pick up the blue block,9,postgrasp,144,149,5,1.0,1.0,1,8,0.3,0.7,8,0.18306902050971985,0.17599725723266602,0.18306902050971985,0.17599725723266602,0.007071763277053833,-0.007071763277053833,0.6415497064590454,-0.04560047388076782,0.1903260201215744
2026_08_18_00_50_52_802516_L1_right_C1,L1,C1,2.0,0.1694548757406934,blue,right,right,left,pick up the blue block,9,postgrasp,144,149,5,1.0,1.0,2,8,0.3,0.7,8,0.256778359413147,0.2560596466064453,0.256778359413147,0.2560596466064453,0.0007187128067016602,-0.0007187128067016602,0.6415497064590454,-0.04560047388076782,0.1903260201215744
2026_08_18_00_50_52_802516_L1_right_C1,L1,C1,2.0,0.1694548757406934,blue,right,right,left,pick up the blue block,9,postgrasp,144,149,5,1.0,1.0,3,8,0.3,0.7,8,0.18730546534061432,0.1855052262544632,0.18730546534061432,0.1855052262544632,0.001800239086151123,-0.001800239086151123,0.6415497064590454,-0.04560047388076782,0.1903260201215744
2026_08_18_00_50_52_802516_L1_right_C1,L1,C1,2.0,0.1694548757406934,blue,right,right,left,pick up the blue block,9,postgrasp,144,149,5,1.0,1.0,4,8,0.3,0.7,8,0.14876461029052734,0.1486961990594864,0.14876461029052734,0.1486961990594864,6.841123104095459e-05,-6.841123104095459e-05,0.6415497064590454,-0.04560047388076782,0.1903260201215744
2026_08_18_00_50_52_802516_L1_right_C1,L1,C1,2.0,0.1694548757406934,blue,right,right,left,pick up the blue block,9,postgrasp,144,149,5,1.0,1.0,5,8,0.3,0.7,8,0.22105824947357178,0.22053344547748566,0.22105824947357178,0.22053344547748566,0.0005248039960861206,-0.0005248039960861206,0.6415497064590454,-0.04560047388076782,0.1903260201215744
2026_08_18_00_50_52_802516_L1_right_C1,L1,C1,2.0,0.1694548757406934,blue,right,right,left,pick up the blue block,9,postgrasp,144,149,5,1.0,1.0,6,8,0.3,0.7,8,0.15872640907764435,0.1526321917772293,0.15872640907764435,0.1526321917772293,0.006094217300415039,-0.006094217300415039,0.6415497064590454,-0.04560047388076782,0.1903260201215744
2026_08_18_00_50_52_802516_L1_right_C1,L1,C1,2.0,0.1694548757406934,blue,right,right,left,pick up the blue block,9,postgrasp,144,149,5,1.0,1.0,7,8,0.3,0.7,8,0.28579846024513245,0.2899831235408783,0.28579846024513245,0.2899831235408783,-0.00418466329574585,0.00418466329574585,0.6415497064590454,-0.04560047388076782,0.1903260201215744
2026_08_18_00_50_52_802516_L1_right_C1,L1,C1,2.0,0.1694548757406934,blue,right,right,left,pick up the blue block,9,postgrasp,144,149,5,1.0,1.0,8,8,0.3,0.7,8,0.1887694150209427,0.18741993606090546,0.1887694150209427,0.18741993606090546,0.0013494789600372314,-0.0013494789600372314,0.6415497064590454,-0.04560047388076782,0.1903260201215744
2026_08_18_00_50_52_802516_L1_right_C1,L1,C1,2.0,0.1694548757406934,blue,right,right,left,pick up the blue block,9,postgrasp,144,149,5,1.0,1.0,9,8,0.3,0.7,8,0.27276811003685,0.27720147371292114,0.27276811003685,0.27720147371292114,-0.004433363676071167,0.004433363676071167,0.6415497064590454,-0.04560047388076782,0.1903260201215744
2026_08_18_00_51_25_610649_L1_right_C2,L1,C2,4.0,0.3389097514813868,blue,right,right,left,pick up the blue block,0,pregrasp,0,16,16,0.10256410256410256,0.0903954802259887,0,8,0.3,0.7,8,0.24096818268299103,0.19884008169174194,0.24096818268299103,0.19884008169174194,0.042128100991249084,-0.042128100991249084,0.3679506182670593,-0.029477335512638092,0.48429223895072937
2026_08_18_00_51_25_610649_L1_right_C2,L1,C2,4.0,0.3389097514813868,blue,right,right,left,pick up the blue block,0,pregrasp,0,16,16,0.10256410256410256,0.0903954802259887,1,8,0.3,0.7,8,0.23428618907928467,0.19146864116191864,0.23428618907928467,0.19146864116191864,0.04281754791736603,-0.04281754791736603,0.3679506182670593,-0.029477335512638092,0.48429223895072937
2026_08_18_00_51_25_610649_L1_right_C2,L1,C2,4.0,0.3389097514813868,blue,right,right,left,pick up the blue block,0,pregrasp,0,16,16,0.10256410256410256,0.0903954802259887,2,8,0.3,0.7,8,0.3197384774684906,0.2890132963657379,0.3197384774684906,0.2890132963657379,0.030725181102752686,-0.030725181102752686,0.3679506182670593,-0.029477335512638092,0.48429223895072937
2026_08_18_00_51_25_610649_L1_right_C2,L1,C2,4.0,0.3389097514813868,blue,right,right,left,pick up the blue block,0,pregrasp,0,16,16,0.10256410256410256,0.0903954802259887,3,8,0.3,0.7,8,0.2123977690935135,0.18825501203536987,0.2123977690935135,0.18825501203536987,0.024142757058143616,-0.024142757058143616,0.3679506182670593,-0.029477335512638092,0.48429223895072937
2026_08_18_00_51_25_610649_L1_right_C2,L1,C2,4.0,0.3389097514813868,blue,right,right,left,pick up the blue block,0,pregrasp,0,16,16,0.10256410256410256,0.0903954802259887,4,8,0.3,0.7,8,0.25566884875297546,0.2196396291255951,0.25566884875297546,0.2196396291255951,0.03602921962738037,-0.03602921962738037,0.3679506182670593,-0.029477335512638092,0.48429223895072937
2026_08_18_00_51_25_610649_L1_right_C2,L1,C2,4.0,0.3389097514813868,blue,right,right,left,pick up the blue block,0,pregrasp,0,16,16,0.10256410256410256,0.0903954802259887,5,8,0.3,0.7,8,0.34686461091041565,0.3097653388977051,0.34686461091041565,0.3097653388977051,0.03709927201271057,-0.03709927201271057,0.3679506182670593,-0.029477335512638092,0.48429223895072937
2026_08_18_00_51_25_610649_L1_right_C2,L1,C2,4.0,0.3389097514813868,blue,right,right,left,pick up the blue block,0,pregrasp,0,16,16,0.10256410256410256,0.0903954802259887,6,8,0.3,0.7,8,0.2147427201271057,0.18131808936595917,0.2147427201271057,0.18131808936595917,0.033424630761146545,-0.033424630761146545,0.3679506182670593,-0.029477335512638092,0.48429223895072937
2026_08_18_00_51_25_610649_L1_right_C2,L1,C2,4.0,0.3389097514813868,blue,right,right,left,pick up the blue block,0,pregrasp,0,16,16,0.10256410256410256,0.0903954802259887,7,8,0.3,0.7,8,0.2839840352535248,0.25204089283943176,0.2839840352535248,0.25204089283943176,0.03194314241409302,-0.03194314241409302,0.3679506182670593,-0.029477335512638092,0.48429223895072937
2026_08_18_00_51_25_610649_L1_right_C2,L1,C2,4.0,0.3389097514813868,blue,right,right,left,pick up the blue block,0,pregrasp,0,16,16,0.10256410256410256,0.0903954802259887,8,8,0.3,0.7,8,0.29545825719833374,0.25826743245124817,0.29545825719833374,0.25826743245124817,0.03719082474708557,-0.03719082474708557,0.3679506182670593,-0.029477335512638092,0.48429223895072937
2026_08_18_00_51_25_610649_L1_right_C2,L1,C2,4.0,0.3389097514813868,blue,right,right,left,pick up the blue block,0,pregrasp,0,16,16,0.10256410256410256,0.0903954802259887,9,8,0.3,0.7,8,0.2556025981903076,0.2151065468788147,0.2556025981903076,0.2151065468788147,0.04049605131149292,-0.04049605131149292,0.3679506182670593,-0.029477335512638092,0.48429223895072937
2026_08_18_00_51_25_610649_L1_right_C2,L1,C2,4.0,0.3389097514813868,blue,right,right,left,pick up the blue block,1,pregrasp,16,32,16,0.20512820512820512,0.1807909604519774,0,8,0.3,0.7,8,0.350899338722229,0.32508182525634766,0.350899338722229,0.32508182525634766,0.025817513465881348,-0.025817513465881348,0.3804990351200104,-0.09288474172353745,0.4602116346359253
2026_08_18_00_51_25_610649_L1_right_C2,L1,C2,4.0,0.3389097514813868,blue,right,right,left,pick up the blue block,1,pregrasp,16,32,16,0.20512820512820512,0.1807909604519774,1,8,0.3,0.7,8,0.18815897405147552,0.17967693507671356,0.18815897405147552,0.17967693507671356,0.008482038974761963,-0.008482038974761963,0.3804990351200104,-0.09288474172353745,0.4602116346359253
2026_08_18_00_51_25_610649_L1_right_C2,L1,C2,4.0,0.3389097514813868,blue,right,right,left,pick up the blue block,1,pregrasp,16,32,16,0.20512820512820512,0.1807909604519774,2,8,0.3,0.7,8,0.26254698634147644,0.2345140278339386,0.26254698634147644,0.2345140278339386,0.028032958507537842,-0.028032958507537842,0.3804990351200104,-0.09288474172353745,0.4602116346359253
2026_08_18_00_51_25_610649_L1_right_C2,L1,C2,4.0,0.3389097514813868,blue,right,right,left,pick up the blue block,1,pregrasp,16,32,16,0.20512820512820512,0.1807909604519774,3,8,0.3,0.7,8,0.31727153062820435,0.2787122130393982,0.31727153062820435,0.2787122130393982,0.03855931758880615,-0.03855931758880615,0.3804990351200104,-0.09288474172353745,0.4602116346359253
2026_08_18_00_51_25_610649_L1_right_C2,L1,C2,4.0,0.3389097514813868,blue,right,right,left,pick up the blue block,1,pregrasp,16,32,16,0.20512820512820512,0.1807909604519774,4,8,0.3,0.7,8,0.17100059986114502,0.16178296506404877,0.17100059986114502,0.16178296506404877,0.009217634797096252,-0.009217634797096252,0.3804990351200104,-0.09288474172353745,0.4602116346359253
2026_08_18_00_51_25_610649_L1_right_C2,L1,C2,4.0,0.3389097514813868,blue,right,right,left,pick up the blue block,1,pregrasp,16,32,16,0.20512820512820512,0.1807909604519774,5,8,0.3,0.7,8,0.29361820220947266,0.26806533336639404,0.29361820220947266,0.26806533336639404,0.025552868843078613,-0.025552868843078613,0.3804990351200104,-0.09288474172353745,0.4602116346359253
2026_08_18_00_51_25_610649_L1_right_C2,L1,C2,4.0,0.3389097514813868,blue,right,right,left,pick up the blue block,1,pregrasp,16,32,16,0.20512820512820512,0.1807909604519774,6,8,0.3,0.7,8,0.20345793664455414,0.18199999630451202,0.20345793664455414,0.18199999630451202,0.021457940340042114,-0.021457940340042114,0.3804990351200104,-0.09288474172353745,0.4602116346359253
2026_08_18_00_51_25_610649_L1_right_C2,L1,C2,4.0,0.3389097514813868,blue,right,right,left,pick up the blue block,1,pregrasp,16,32,16,0.20512820512820512,0.1807909604519774,7,8,0.3,0.7,8,0.24195383489131927,0.21165598928928375,0.24195383489131927,0.21165598928928375,0.030297845602035522,-0.030297845602035522,0.3804990351200104,-0.09288474172353745,0.4602116346359253
2026_08_18_00_51_25_610649_L1_right_C2,L1,C2,4.0,0.3389097514813868,blue,right,right,left,pick up the blue block,1,pregrasp,16,32,16,0.20512820512820512,0.1807909604519774,8,8,0.3,0.7,8,0.19909578561782837,0.19178003072738647,0.19909578561782837,0.19178003072738647,0.0073157548904418945,-0.0073157548904418945,0.3804990351200104,-0.09288474172353745,0.4602116346359253
2026_08_18_00_51_25_610649_L1_right_C2,L1,C2,4.0,0.3389097514813868,blue,right,right,left,pick up the blue block,1,pregrasp,16,32,16,0.20512820512820512,0.1807909604519774,9,8,0.3,0.7,8,0.19539350271224976,0.18264563381671906,0.19539350271224976,0.18264563381671906,0.0127478688955307,-0.0127478688955307,0.3804990351200104,-0.09288474172353745,0.4602116346359253
2026_08_18_00_51_25_610649_L1_right_C2,L1,C2,4.0,0.3389097514813868,blue,right,right,left,pick up the blue block,2,pregrasp,32,48,16,0.3076923076923077,0.2711864406779661,0,8,0.3,0.7,8,0.2271152138710022,0.24951860308647156,0.2271152138710022,0.24951860308647156,-0.02240338921546936,0.02240338921546936,0.405178040266037,-0.152251198887825,0.43441298604011536
2026_08_18_00_51_25_610649_L1_right_C2,L1,C2,4.0,0.3389097514813868,blue,right,right,left,pick up the blue block,2,pregrasp,32,48,16,0.3076923076923077,0.2711864406779661,1,8,0.3,0.7,8,0.28069475293159485,0.29567956924438477,0.28069475293159485,0.29567956924438477,-0.014984816312789917,0.014984816312789917,0.405178040266037,-0.152251198887825,0.43441298604011536
2026_08_18_00_51_25_610649_L1_right_C2,L1,C2,4.0,0.3389097514813868,blue,right,right,left,pick up the blue block,2,pregrasp,32,48,16,0.3076923076923077,0.2711864406779661,2,8,0.3,0.7,8,0.24009811878204346,0.25420066714286804,0.24009811878204346,0.25420066714286804,-0.014102548360824585,0.014102548360824585,0.405178040266037,-0.152251198887825,0.43441298604011536
2026_08_18_00_51_25_610649_L1_right_C2,L1,C2,4.0,0.3389097514813868,blue,right,right,left,pick up the blue block,2,pregrasp,32,48,16,0.3076923076923077,0.2711864406779661,3,8,0.3,0.7,8,0.2889366149902344,0.3083980083465576,0.2889366149902344,0.3083980083465576,-0.019461393356323242,0.019461393356323242,0.405178040266037,-0.152251198887825,0.43441298604011536
2026_08_18_00_51_25_610649_L1_right_C2,L1,C2,4.0,0.3389097514813868,blue,right,right,left,pick up the blue block,2,pregrasp,32,48,16,0.3076923076923077,0.2711864406779661,4,8,0.3,0.7,8,0.29114285111427307,0.31559863686561584,0.29114285111427307,0.31559863686561584,-0.024455785751342773,0.024455785751342773,0.405178040266037,-0.152251198887825,0.43441298604011536
2026_08_18_00_51_25_610649_L1_right_C2,L1,C2,4.0,0.3389097514813868,blue,right,right,left,pick up the blue block,2,pregrasp,32,48,16,0.3076923076923077,0.2711864406779661,5,8,0.3,0.7,8,0.4291328489780426,0.43587449193000793,0.4291328489780426,0.43587449193000793,-0.006741642951965332,0.006741642951965332,0.405178040266037,-0.152251198887825,0.43441298604011536
2026_08_18_00_51_25_610649_L1_right_C2,L1,C2,4.0,0.3389097514813868,blue,right,right,left,pick up the blue block,2,pregrasp,32,48,16,0.3076923076923077,0.2711864406779661,6,8,0.3,0.7,8,0.28304144740104675,0.3031896650791168,0.28304144740104675,0.3031896650791168,-0.02014821767807007,0.02014821767807007,0.405178040266037,-0.152251198887825,0.43441298604011536
2026_08_18_00_51_25_610649_L1_right_C2,L1,C2,4.0,0.3389097514813868,blue,right,right,left,pick up the blue block,2,pregrasp,32,48,16,0.3076923076923077,0.2711864406779661,7,8,0.3,0.7,8,0.22982889413833618,0.2459777444601059,0.22982889413833618,0.2459777444601059,-0.016148850321769714,0.016148850321769714,0.405178040266037,-0.152251198887825,0.43441298604011536
2026_08_18_00_51_25_610649_L1_right_C2,L1,C2,4.0,0.3389097514813868,blue,right,right,left,pick up the blue block,2,pregrasp,32,48,16,0.3076923076923077,0.2711864406779661,8,8,0.3,0.7,8,0.28968995809555054,0.311407208442688,0.28968995809555054,0.311407208442688,-0.02171725034713745,0.02171725034713745,0.405178040266037,-0.152251198887825,0.43441298604011536
2026_08_18_00_51_25_610649_L1_right_C2,L1,C2,4.0,0.3389097514813868,blue,right,right,left,pick up the blue block,2,pregrasp,32,48,16,0.3076923076923077,0.2711864406779661,9,8,0.3,0.7,8,0.28660091757774353,0.30541688203811646,0.28660091757774353,0.30541688203811646,-0.018815964460372925,0.018815964460372925,0.405178040266037,-0.152251198887825,0.43441298604011536
2026_08_18_00_51_25_610649_L1_right_C2,L1,C2,4.0,0.3389097514813868,blue,right,right,left,pick up the blue block,3,pregrasp,48,64,16,0.41025641025641024,0.3615819209039548,0,8,0.3,0.7,8,0.2815363109111786,0.2986982464790344,0.2815363109111786,0.2986982464790344,-0.017161935567855835,0.017161935567855835,0.4423517882823944,-0.19606880843639374,0.3962516486644745
2026_08_18_00_51_25_610649_L1_right_C2,L1,C2,4.0,0.3389097514813868,blue,right,right,left,pick up the blue block,3,pregrasp,48,64,16,0.41025641025641024,0.3615819209039548,1,8,0.3,0.7,8,0.2851735055446625,0.30058833956718445,0.2851735055446625,0.30058833956718445,-0.015414834022521973,0.015414834022521973,0.4423517882823944,-0.19606880843639374,0.3962516486644745
2026_08_18_00_51_25_610649_L1_right_C2,L1,C2,4.0,0.3389097514813868,blue,right,right,left,pick up the blue block,3,pregrasp,48,64,16,0.41025641025641024,0.3615819209039548,2,8,0.3,0.7,8,0.2637631893157959,0.2927440404891968,0.2637631893157959,0.2927440404891968,-0.02898085117340088,0.02898085117340088,0.4423517882823944,-0.19606880843639374,0.3962516486644745
2026_08_18_00_51_25_610649_L1_right_C2,L1,C2,4.0,0.3389097514813868,blue,right,right,left,pick up the blue block,3,pregrasp,48,64,16,0.41025641025641024,0.3615819209039548,3,8,0.3,0.7,8,0.2985941767692566,0.32398563623428345,0.2985941767692566,0.32398563623428345,-0.025391459465026855,0.025391459465026855,0.4423517882823944,-0.19606880843639374,0.3962516486644745
2026_08_18_00_51_25_610649_L1_right_C2,L1,C2,4.0,0.3389097514813868,blue,right,right,left,pick up the blue block,3,pregrasp,48,64,16,0.41025641025641024,0.3615819209039548,4,8,0.3,0.7,8,0.25577375292778015,0.2777951657772064,0.25577375292778015,0.2777951657772064,-0.02202141284942627,0.02202141284942627,0.4423517882823944,-0.19606880843639374,0.3962516486644745
2026_08_18_00_51_25_610649_L1_right_C2,L1,C2,4.0,0.3389097514813868,blue,right,right,left,pick up the blue block,3,pregrasp,48,64,16,0.41025641025641024,0.3615819209039548,5,8,0.3,0.7,8,0.2492356300354004,0.2602265179157257,0.2492356300354004,0.2602265179157257,-0.010990887880325317,0.010990887880325317,0.4423517882823944,-0.19606880843639374,0.3962516486644745
2026_08_18_00_51_25_610649_L1_right_C2,L1,C2,4.0,0.3389097514813868,blue,right,right,left,pick up the blue block,3,pregrasp,48,64,16,0.41025641025641024,0.3615819209039548,6,8,0.3,0.7,8,0.2805967628955841,0.31190431118011475,0.2805967628955841,0.31190431118011475,-0.03130754828453064,0.03130754828453064,0.4423517882823944,-0.19606880843639374,0.3962516486644745
2026_08_18_00_51_25_610649_L1_right_C2,L1,C2,4.0,0.3389097514813868,blue,right,right,left,pick up the blue block,3,pregrasp,48,64,16,0.41025641025641024,0.3615819209039548,7,8,0.3,0.7,8,0.33319318294525146,0.34676650166511536,0.33319318294525146,0.34676650166511536,-0.013573318719863892,0.013573318719863892,0.4423517882823944,-0.19606880843639374,0.3962516486644745
2026_08_18_00_51_25_610649_L1_right_C2,L1,C2,4.0,0.3389097514813868,blue,right,right,left,pick up the blue block,3,pregrasp,48,64,16,0.41025641025641024,0.3615819209039548,8,8,0.3,0.7,8,0.25172194838523865,0.27606073021888733,0.25172194838523865,0.27606073021888733,-0.02433878183364868,0.02433878183364868,0.4423517882823944,-0.19606880843639374,0.3962516486644745
2026_08_18_00_51_25_610649_L1_right_C2,L1,C2,4.0,0.3389097514813868,blue,right,right,left,pick up the blue block,3,pregrasp,48,64,16,0.41025641025641024,0.3615819209039548,9,8,0.3,0.7,8,0.2875005006790161,0.3187662959098816,0.2875005006790161,0.3187662959098816,-0.03126579523086548,0.03126579523086548,0.4423517882823944,-0.19606880843639374,0.3962516486644745
2026_08_18_00_51_25_610649_L1_right_C2,L1,C2,4.0,0.3389097514813868,blue,right,right,left,pick up the blue block,4,pregrasp,64,80,16,0.5128205128205128,0.4519774011299435,0,8,0.3,0.7,8,0.20124360918998718,0.19921042025089264,0.20124360918998718,0.19921042025089264,0.0020331889390945435,-0.0020331889390945435,0.48799917101860046,-0.20648501813411713,0.3474779725074768
2026_08_18_00_51_25_610649_L1_right_C2,L1,C2,4.0,0.3389097514813868,blue,right,right,left,pick up the blue block,4,pregrasp,64,80,16,0.5128205128205128,0.4519774011299435,1,8,0.3,0.7,8,0.36350661516189575,0.3694972097873688,0.36350661516189575,0.3694972097873688,-0.0059905946254730225,0.0059905946254730225,0.48799917101860046,-0.20648501813411713,0.3474779725074768
2026_08_18_00_51_25_610649_L1_right_C2,L1,C2,4.0,0.3389097514813868,blue,right,right,left,pick up the blue block,4,pregrasp,64,80,16,0.5128205128205128,0.4519774011299435,2,8,0.3,0.7,8,0.30669522285461426,0.3110062777996063,0.30669522285461426,0.3110062777996063,-0.004311054944992065,0.004311054944992065,0.48799917101860046,-0.20648501813411713,0.3474779725074768
2026_08_18_00_51_25_610649_L1_right_C2,L1,C2,4.0,0.3389097514813868,blue,right,right,left,pick up the blue block,4,pregrasp,64,80,16,0.5128205128205128,0.4519774011299435,3,8,0.3,0.7,8,0.2843506336212158,0.290184885263443,0.2843506336212158,0.290184885263443,-0.005834251642227173,0.005834251642227173,0.48799917101860046,-0.20648501813411713,0.3474779725074768
2026_08_18_00_51_25_610649_L1_right_C2,L1,C2,4.0,0.3389097514813868,blue,right,right,left,pick up the blue block,4,pregrasp,64,80,16,0.5128205128205128,0.4519774011299435,4,8,0.3,0.7,8,0.4059746265411377,0.41722381114959717,0.4059746265411377,0.41722381114959717,-0.011249184608459473,0.011249184608459473,0.48799917101860046,-0.20648501813411713,0.3474779725074768
2026_08_18_00_51_25_610649_L1_right_C2,L1,C2,4.0,0.3389097514813868,blue,right,right,left,pick up the blue block,4,pregrasp,64,80,16,0.5128205128205128,0.4519774011299435,5,8,0.3,0.7,8,0.2817142605781555,0.2839112877845764,0.2817142605781555,0.2839112877845764,-0.0021970272064208984,0.0021970272064208984,0.48799917101860046,-0.20648501813411713,0.3474779725074768
2026_08_18_00_51_25_610649_L1_right_C2,L1,C2,4.0,0.3389097514813868,blue,right,right,left,pick up the blue block,4,pregrasp,64,80,16,0.5128205128205128,0.4519774011299435,6,8,0.3,0.7,8,0.2785380184650421,0.28501588106155396,0.2785380184650421,0.28501588106155396,-0.006477862596511841,0.006477862596511841,0.48799917101860046,-0.20648501813411713,0.3474779725074768
2026_08_18_00_51_25_610649_L1_right_C2,L1,C2,4.0,0.3389097514813868,blue,right,right,left,pick up the blue block,4,pregrasp,64,80,16,0.5128205128205128,0.4519774011299435,7,8,0.3,0.7,8,0.3498247563838959,0.35197046399116516,0.3498247563838959,0.35197046399116516,-0.002145707607269287,0.002145707607269287,0.48799917101860046,-0.20648501813411713,0.3474779725074768
2026_08_18_00_51_25_610649_L1_right_C2,L1,C2,4.0,0.3389097514813868,blue,right,right,left,pick up the blue block,4,pregrasp,64,80,16,0.5128205128205128,0.4519774011299435,8,8,0.3,0.7,8,0.2447497695684433,0.24493815004825592,0.2447497695684433,0.24493815004825592,-0.00018838047981262207,0.00018838047981262207,0.48799917101860046,-0.20648501813411713,0.3474779725074768
2026_08_18_00_51_25_610649_L1_right_C2,L1,C2,4.0,0.3389097514813868,blue,right,right,left,pick up the blue block,4,pregrasp,64,80,16,0.5128205128205128,0.4519774011299435,9,8,0.3,0.7,8,0.24170011281967163,0.24081000685691833,0.24170011281967163,0.24081000685691833,0.0008901059627532959,-0.0008901059627532959,0.48799917101860046,-0.20648501813411713,0.3474779725074768
2026_08_18_00_51_25_610649_L1_right_C2,L1,C2,4.0,0.3389097514813868,blue,right,right,left,pick up the blue block,5,pregrasp,80,96,16,0.6153846153846154,0.5423728813559322,0,8,0.3,0.7,8,0.28340795636177063,0.2929686903953552,0.28340795636177063,0.2929686903953552,-0.009560734033584595,0.009560734033584595,0.5325865745544434,-0.18019579350948334,0.3013336658477783
2026_08_18_00_51_25_610649_L1_right_C2,L1,C2,4.0,0.3389097514813868,blue,right,right,left,pick up the blue block,5,pregrasp,80,96,16,0.6153846153846154,0.5423728813559322,1,8,0.3,0.7,8,0.22475993633270264,0.2321496307849884,0.22475993633270264,0.2321496307849884,-0.007389694452285767,0.007389694452285767,0.5325865745544434,-0.18019579350948334,0.3013336658477783
2026_08_18_00_51_25_610649_L1_right_C2,L1,C2,4.0,0.3389097514813868,blue,right,right,left,pick up the blue block,5,pregrasp,80,96,16,0.6153846153846154,0.5423728813559322,2,8,0.3,0.7,8,0.3177706003189087,0.3278487026691437,0.3177706003189087,0.3278487026691437,-0.010078102350234985,0.010078102350234985,0.5325865745544434,-0.18019579350948334,0.3013336658477783
2026_08_18_00_51_25_610649_L1_right_C2,L1,C2,4.0,0.3389097514813868,blue,right,right,left,pick up the blue block,5,pregrasp,80,96,16,0.6153846153846154,0.5423728813559322,3,8,0.3,0.7,8,0.3730575442314148,0.390532910823822,0.3730575442314148,0.390532910823822,-0.017475366592407227,0.017475366592407227,0.5325865745544434,-0.18019579350948334,0.3013336658477783
2026_08_18_00_51_25_610649_L1_right_C2,L1,C2,4.0,0.3389097514813868,blue,right,right,left,pick up the blue block,5,pregrasp,80,96,16,0.6153846153846154,0.5423728813559322,4,8,0.3,0.7,8,0.16484706103801727,0.1777276247739792,0.16484706103801727,0.1777276247739792,-0.012880563735961914,0.012880563735961914,0.5325865745544434,-0.18019579350948334,0.3013336658477783
2026_08_18_00_51_25_610649_L1_right_C2,L1,C2,4.0,0.3389097514813868,blue,right,right,left,pick up the blue block,5,pregrasp,80,96,16,0.6153846153846154,0.5423728813559322,5,8,0.3,0.7,8,0.27182257175445557,0.28409543633461,0.27182257175445557,0.28409543633461,-0.012272864580154419,0.012272864580154419,0.5325865745544434,-0.18019579350948334,0.3013336658477783
2026_08_18_00_51_25_610649_L1_right_C2,L1,C2,4.0,0.3389097514813868,blue,right,right,left,pick up the blue block,5,pregrasp,80,96,16,0.6153846153846154,0.5423728813559322,6,8,0.3,0.7,8,0.3519623279571533,0.3681264817714691,0.3519623279571533,0.3681264817714691,-0.016164153814315796,0.016164153814315796,0.5325865745544434,-0.18019579350948334,0.3013336658477783
2026_08_18_00_51_25_610649_L1_right_C2,L1,C2,4.0,0.3389097514813868,blue,right,right,left,pick up the blue block,5,pregrasp,80,96,16,0.6153846153846154,0.5423728813559322,7,8,0.3,0.7,8,0.26092520356178284,0.27472585439682007,0.26092520356178284,0.27472585439682007,-0.013800650835037231,0.013800650835037231,0.5325865745544434,-0.18019579350948334,0.3013336658477783
2026_08_18_00_51_25_610649_L1_right_C2,L1,C2,4.0,0.3389097514813868,blue,right,right,left,pick up the blue block,5,pregrasp,80,96,16,0.6153846153846154,0.5423728813559322,8,8,0.3,0.7,8,0.2639538645744324,0.2754214406013489,0.2639538645744324,0.2754214406013489,-0.011467576026916504,0.011467576026916504,0.5325865745544434,-0.18019579350948334,0.3013336658477783
2026_08_18_00_51_25_610649_L1_right_C2,L1,C2,4.0,0.3389097514813868,blue,right,right,left,pick up the blue block,5,pregrasp,80,96,16,0.6153846153846154,0.5423728813559322,9,8,0.3,0.7,8,0.310810923576355,0.3192411959171295,0.310810923576355,0.3192411959171295,-0.008430272340774536,0.008430272340774536,0.5325865745544434,-0.18019579350948334,0.3013336658477783
2026_08_18_00_51_25_610649_L1_right_C2,L1,C2,4.0,0.3389097514813868,blue,right,right,left,pick up the blue block,6,pregrasp,96,112,16,0.717948717948718,0.632768361581921,0,8,0.3,0.7,8,0.2297200858592987,0.2552703022956848,0.2297200858592987,0.2552703022956848,-0.02555021643638611,0.02555021643638611,0.5714296698570251,-0.14055313169956207,0.2613590955734253
2026_08_18_00_51_25_610649_L1_right_C2,L1,C2,4.0,0.3389097514813868,blue,right,right,left,pick up the blue block,6,pregrasp,96,112,16,0.717948717948718,0.632768361581921,1,8,0.3,0.7,8,0.23716215789318085,0.26800864934921265,0.23716215789318085,0.26800864934921265,-0.0308464914560318,0.0308464914560318,0.5714296698570251,-0.14055313169956207,0.2613590955734253
2026_08_18_00_51_25_610649_L1_right_C2,L1,C2,4.0,0.3389097514813868,blue,right,right,left,pick up the blue block,6,pregrasp,96,112,16,0.717948717948718,0.632768361581921,2,8,0.3,0.7,8,0.2762282192707062,0.3055341839790344,0.2762282192707062,0.3055341839790344,-0.029305964708328247,0.029305964708328247,0.5714296698570251,-0.14055313169956207,0.2613590955734253
2026_08_18_00_51_25_610649_L1_right_C2,L1,C2,4.0,0.3389097514813868,blue,right,right,left,pick up the blue block,6,pregrasp,96,112,16,0.717948717948718,0.632768361581921,3,8,0.3,0.7,8,0.25537046790122986,0.28475984930992126,0.25537046790122986,0.28475984930992126,-0.029389381408691406,0.029389381408691406,0.5714296698570251,-0.14055313169956207,0.2613590955734253
2026_08_18_00_51_25_610649_L1_right_C2,L1,C2,4.0,0.3389097514813868,blue,right,right,left,pick up the blue block,6,pregrasp,96,112,16,0.717948717948718,0.632768361581921,4,8,0.3,0.7,8,0.2616952955722809,0.29013386368751526,0.2616952955722809,0.29013386368751526,-0.028438568115234375,0.028438568115234375,0.5714296698570251,-0.14055313169956207,0.2613590955734253
2026_08_18_00_51_25_610649_L1_right_C2,L1,C2,4.0,0.3389097514813868,blue,right,right,left,pick up the blue block,6,pregrasp,96,112,16,0.717948717948718,0.632768361581921,5,8,0.3,0.7,8,0.2532191872596741,0.2831813395023346,0.2532191872596741,0.2831813395023346,-0.029962152242660522,0.029962152242660522,0.5714296698570251,-0.14055313169956207,0.2613590955734253
2026_08_18_00_51_25_610649_L1_right_C2,L1,C2,4.0,0.3389097514813868,blue,right,right,left,pick up the blue block,6,pregrasp,96,112,16,0.717948717948718,0.632768361581921,6,8,0.3,0.7,8,0.31407684087753296,0.34611451625823975,0.31407684087753296,0.34611451625823975,-0.03203767538070679,0.03203767538070679,0.5714296698570251,-0.14055313169956207,0.2613590955734253
2026_08_18_00_51_25_610649_L1_right_C2,L1,C2,4.0,0.3389097514813868,blue,right,right,left,pick up the blue block,6,pregrasp,96,112,16,0.717948717948718,0.632768361581921,7,8,0.3,0.7,8,0.2629299759864807,0.28544121980667114,0.2629299759864807,0.28544121980667114,-0.02251124382019043,0.02251124382019043,0.5714296698570251,-0.14055313169956207,0.2613590955734253
2026_08_18_00_51_25_610649_L1_right_C2,L1,C2,4.0,0.3389097514813868,blue,right,right,left,pick up the blue block,6,pregrasp,96,112,16,0.717948717948718,0.632768361581921,8,8,0.3,0.7,8,0.19254666566848755,0.20750947296619415,0.19254666566848755,0.20750947296619415,-0.014962807297706604,0.014962807297706604,0.5714296698570251,-0.14055313169956207,0.2613590955734253
2026_08_18_00_51_25_610649_L1_right_C2,L1,C2,4.0,0.3389097514813868,blue,right,right,left,pick up the blue block,6,pregrasp,96,112,16,0.717948717948718,0.632768361581921,9,8,0.3,0.7,8,0.21971598267555237,0.24307088553905487,0.21971598267555237,0.24307088553905487,-0.023354902863502502,0.023354902863502502,0.5714296698570251,-0.14055313169956207,0.2613590955734253
2026_08_18_00_51_25_610649_L1_right_C2,L1,C2,4.0,0.3389097514813868,blue,right,right,left,pick up the blue block,7,pregrasp,112,128,16,0.8205128205128205,0.7231638418079096,0,8,0.3,0.7,8,0.3137548267841339,0.36329102516174316,0.3137548267841339,0.36329102516174316,-0.04953619837760925,0.04953619837760925,0.6076999306678772,-0.09273279458284378,0.2242932766675949
2026_08_18_00_51_25_610649_L1_right_C2,L1,C2,4.0,0.3389097514813868,blue,right,right,left,pick up the blue block,7,pregrasp,112,128,16,0.8205128205128205,0.7231638418079096,1,8,0.3,0.7,8,0.2569584250450134,0.3009946942329407,0.2569584250450134,0.3009946942329407,-0.044036269187927246,0.044036269187927246,0.6076999306678772,-0.09273279458284378,0.2242932766675949
2026_08_18_00_51_25_610649_L1_right_C2,L1,C2,4.0,0.3389097514813868,blue,right,right,left,pick up the blue block,7,pregrasp,112,128,16,0.8205128205128205,0.7231638418079096,2,8,0.3,0.7,8,0.2890865206718445,0.32713067531585693,0.2890865206718445,0.32713067531585693,-0.03804415464401245,0.03804415464401245,0.6076999306678772,-0.09273279458284378,0.2242932766675949
2026_08_18_00_51_25_610649_L1_right_C2,L1,C2,4.0,0.3389097514813868,blue,right,right,left,pick up the blue block,7,pregrasp,112,128,16,0.8205128205128205,0.7231638418079096,3,8,0.3,0.7,8,0.2483137547969818,0.28797397017478943,0.2483137547969818,0.28797397017478943,-0.03966021537780762,0.03966021537780762,0.6076999306678772,-0.09273279458284378,0.2242932766675949
2026_08_18_00_51_25_610649_L1_right_C2,L1,C2,4.0,0.3389097514813868,blue,right,right,left,pick up the blue block,7,pregrasp,112,128,16,0.8205128205128205,0.7231638418079096,4,8,0.3,0.7,8,0.3409788906574249,0.39215004444122314,0.3409788906574249,0.39215004444122314,-0.05117115378379822,0.05117115378379822,0.6076999306678772,-0.09273279458284378,0.2242932766675949
2026_08_18_00_51_25_610649_L1_right_C2,L1,C2,4.0,0.3389097514813868,blue,right,right,left,pick up the blue block,7,pregrasp,112,128,16,0.8205128205128205,0.7231638418079096,5,8,0.3,0.7,8,0.27031850814819336,0.3050996661186218,0.27031850814819336,0.3050996661186218,-0.03478115797042847,0.03478115797042847,0.6076999306678772,-0.09273279458284378,0.2242932766675949
2026_08_18_00_51_25_610649_L1_right_C2,L1,C2,4.0,0.3389097514813868,blue,right,right,left,pick up the blue block,7,pregrasp,112,128,16,0.8205128205128205,0.7231638418079096,6,8,0.3,0.7,8,0.33438941836357117,0.38304808735847473,0.33438941836357117,0.38304808735847473,-0.048658668994903564,0.048658668994903564,0.6076999306678772,-0.09273279458284378,0.2242932766675949
2026_08_18_00_51_25_610649_L1_right_C2,L1,C2,4.0,0.3389097514813868,blue,right,right,left,pick up the blue block,7,pregrasp,112,128,16,0.8205128205128205,0.7231638418079096,7,8,0.3,0.7,8,0.2309638410806656,0.2718069851398468,0.2309638410806656,0.2718069851398468,-0.04084314405918121,0.04084314405918121,0.6076999306678772,-0.09273279458284378,0.2242932766675949
2026_08_18_00_51_25_610649_L1_right_C2,L1,C2,4.0,0.3389097514813868,blue,right,right,left,pick up the blue block,7,pregrasp,112,128,16,0.8205128205128205,0.7231638418079096,8,8,0.3,0.7,8,0.30082225799560547,0.34659484028816223,0.30082225799560547,0.34659484028816223,-0.04577258229255676,0.04577258229255676,0.6076999306678772,-0.09273279458284378,0.2242932766675949
2026_08_18_00_51_25_610649_L1_right_C2,L1,C2,4.0,0.3389097514813868,blue,right,right,left,pick up the blue block,7,pregrasp,112,128,16,0.8205128205128205,0.7231638418079096,9,8,0.3,0.7,8,0.2466803342103958,0.2873770296573639,0.2466803342103958,0.2873770296573639,-0.04069669544696808,0.04069669544696808,0.6076999306678772,-0.09273279458284378,0.2242932766675949
2026_08_18_00_51_25_610649_L1_right_C2,L1,C2,4.0,0.3389097514813868,blue,right,right,left,pick up the blue block,8,pregrasp,128,144,16,0.9230769230769231,0.8135593220338984,0,8,0.3,0.7,8,0.3314884305000305,0.38033246994018555,0.3314884305000305,0.38033246994018555,-0.04884403944015503,0.04884403944015503,0.6395211815834045,-0.04772467538714409,0.19178694486618042
2026_08_18_00_51_25_610649_L1_right_C2,L1,C2,4.0,0.3389097514813868,blue,right,right,left,pick up the blue block,8,pregrasp,128,144,16,0.9230769230769231,0.8135593220338984,1,8,0.3,0.7,8,0.2618190050125122,0.3096880316734314,0.2618190050125122,0.3096880316734314,-0.04786902666091919,0.04786902666091919,0.6395211815834045,-0.04772467538714409,0.19178694486618042
2026_08_18_00_51_25_610649_L1_right_C2,L1,C2,4.0,0.3389097514813868,blue,right,right,left,pick up the blue block,8,pregrasp,128,144,16,0.9230769230769231,0.8135593220338984,2,8,0.3,0.7,8,0.23684300482273102,0.2793411612510681,0.23684300482273102,0.2793411612510681,-0.0424981564283371,0.0424981564283371,0.6395211815834045,-0.04772467538714409,0.19178694486618042
2026_08_18_00_51_25_610649_L1_right_C2,L1,C2,4.0,0.3389097514813868,blue,right,right,left,pick up the blue block,8,pregrasp,128,144,16,0.9230769230769231,0.8135593220338984,3,8,0.3,0.7,8,0.25037071108818054,0.2894964814186096,0.25037071108818054,0.2894964814186096,-0.03912577033042908,0.03912577033042908,0.6395211815834045,-0.04772467538714409,0.19178694486618042
2026_08_18_00_51_25_610649_L1_right_C2,L1,C2,4.0,0.3389097514813868,blue,right,right,left,pick up the blue block,8,pregrasp,128,144,16,0.9230769230769231,0.8135593220338984,4,8,0.3,0.7,8,0.2653505504131317,0.31383711099624634,0.2653505504131317,0.31383711099624634,-0.048486560583114624,0.048486560583114624,0.6395211815834045,-0.04772467538714409,0.19178694486618042
2026_08_18_00_51_25_610649_L1_right_C2,L1,C2,4.0,0.3389097514813868,blue,right,right,left,pick up the blue block,8,pregrasp,128,144,16,0.9230769230769231,0.8135593220338984,5,8,0.3,0.7,8,0.25494804978370667,0.29909220337867737,0.25494804978370667,0.29909220337867737,-0.0441441535949707,0.0441441535949707,0.6395211815834045,-0.04772467538714409,0.19178694486618042
2026_08_18_00_51_25_610649_L1_right_C2,L1,C2,4.0,0.3389097514813868,blue,right,right,left,pick up the blue block,8,pregrasp,128,144,16,0.9230769230769231,0.8135593220338984,6,8,0.3,0.7,8,0.4168062210083008,0.47035953402519226,0.4168062210083008,0.47035953402519226,-0.05355331301689148,0.05355331301689148,0.6395211815834045,-0.04772467538714409,0.19178694486618042
2026_08_18_00_51_25_610649_L1_right_C2,L1,C2,4.0,0.3389097514813868,blue,right,right,left,pick up the blue block,8,pregrasp,128,144,16,0.9230769230769231,0.8135593220338984,7,8,0.3,0.7,8,0.23561237752437592,0.2761719226837158,0.23561237752437592,0.2761719226837158,-0.040559545159339905,0.040559545159339905,0.6395211815834045,-0.04772467538714409,0.19178694486618042
2026_08_18_00_51_25_610649_L1_right_C2,L1,C2,4.0,0.3389097514813868,blue,right,right,left,pick up the blue block,8,pregrasp,128,144,16,0.9230769230769231,0.8135593220338984,8,8,0.3,0.7,8,0.3114272654056549,0.36110568046569824,0.3114272654056549,0.36110568046569824,-0.049678415060043335,0.049678415060043335,0.6395211815834045,-0.04772467538714409,0.19178694486618042
2026_08_18_00_51_25_610649_L1_right_C2,L1,C2,4.0,0.3389097514813868,blue,right,right,left,pick up the blue block,8,pregrasp,128,144,16,0.9230769230769231,0.8135593220338984,9,8,0.3,0.7,8,0.23485901951789856,0.283184677362442,0.23485901951789856,0.283184677362442,-0.04832565784454346,0.04832565784454346,0.6395211815834045,-0.04772467538714409,0.19178694486618042
2026_08_18_00_51_25_610649_L1_right_C2,L1,C2,4.0,0.3389097514813868,blue,right,right,left,pick up the blue block,9,pregrasp,144,156,12,1.0,0.8813559322033898,0,8,0.3,0.7,8,0.2915937900543213,0.3044703006744385,0.2915937900543213,0.3044703006744385,-0.012876510620117188,0.012876510620117188,0.6412416696548462,-0.04586173593997955,0.18990445137023926
2026_08_18_00_51_25_610649_L1_right_C2,L1,C2,4.0,0.3389097514813868,blue,right,right,left,pick up the blue block,9,pregrasp,144,156,12,1.0,0.8813559322033898,1,8,0.3,0.7,8,0.25520384311676025,0.2705526351928711,0.25520384311676025,0.2705526351928711,-0.01534879207611084,0.01534879207611084,0.6412416696548462,-0.04586173593997955,0.18990445137023926
2026_08_18_00_51_25_610649_L1_right_C2,L1,C2,4.0,0.3389097514813868,blue,right,right,left,pick up the blue block,9,pregrasp,144,156,12,1.0,0.8813559322033898,2,8,0.3,0.7,8,0.4040432572364807,0.41846150159835815,0.4040432572364807,0.41846150159835815,-0.014418244361877441,0.014418244361877441,0.6412416696548462,-0.04586173593997955,0.18990445137023926
2026_08_18_00_51_25_610649_L1_right_C2,L1,C2,4.0,0.3389097514813868,blue,right,right,left,pick up the blue block,9,pregrasp,144,156,12,1.0,0.8813559322033898,3,8,0.3,0.7,8,0.273063987493515,0.2836066484451294,0.273063987493515,0.2836066484451294,-0.01054266095161438,0.01054266095161438,0.6412416696548462,-0.04586173593997955,0.18990445137023926
2026_08_18_00_51_25_610649_L1_right_C2,L1,C2,4.0,0.3389097514813868,blue,right,right,left,pick up the blue block,9,pregrasp,144,156,12,1.0,0.8813559322033898,4,8,0.3,0.7,8,0.28757888078689575,0.2997521162033081,0.28757888078689575,0.2997521162033081,-0.012173235416412354,0.012173235416412354,0.6412416696548462,-0.04586173593997955,0.18990445137023926
2026_08_18_00_51_25_610649_L1_right_C2,L1,C2,4.0,0.3389097514813868,blue,right,right,left,pick up the blue block,9,pregrasp,144,156,12,1.0,0.8813559322033898,5,8,0.3,0.7,8,0.38025689125061035,0.39446064829826355,0.38025689125061035,0.39446064829826355,-0.014203757047653198,0.014203757047653198,0.6412416696548462,-0.04586173593997955,0.18990445137023926
2026_08_18_00_51_25_610649_L1_right_C2,L1,C2,4.0,0.3389097514813868,blue,right,right,left,pick up the blue block,9,pregrasp,144,156,12,1.0,0.8813559322033898,6,8,0.3,0.7,8,0.3062826991081238,0.3187069594860077,0.3062826991081238,0.3187069594860077,-0.012424260377883911,0.012424260377883911,0.6412416696548462,-0.04586173593997955,0.18990445137023926
2026_08_18_00_51_25_610649_L1_right_C2,L1,C2,4.0,0.3389097514813868,blue,right,right,left,pick up the blue block,9,pregrasp,144,156,12,1.0,0.8813559322033898,7,8,0.3,0.7,8,0.46115273237228394,0.47577565908432007,0.46115273237228394,0.47577565908432007,-0.014622926712036133,0.014622926712036133,0.6412416696548462,-0.04586173593997955,0.18990445137023926
2026_08_18_00_51_25_610649_L1_right_C2,L1,C2,4.0,0.3389097514813868,blue,right,right,left,pick up the blue block,9,pregrasp,144,156,12,1.0,0.8813559322033898,8,8,0.3,0.7,8,0.3345196843147278,0.35586780309677124,0.3345196843147278,0.35586780309677124,-0.021348118782043457,0.021348118782043457,0.6412416696548462,-0.04586173593997955,0.18990445137023926
2026_08_18_00_51_25_610649_L1_right_C2,L1,C2,4.0,0.3389097514813868,blue,right,right,left,pick up the blue block,9,pregrasp,144,156,12,1.0,0.8813559322033898,9,8,0.3,0.7,8,0.31185224652290344,0.3223990797996521,0.31185224652290344,0.3223990797996521,-0.010546833276748657,0.010546833276748657,0.6412416696548462,-0.04586173593997955,0.18990445137023926
2026_08_18_00_51_25_610649_L1_right_C2,L1,C2,4.0,0.3389097514813868,blue,right,right,left,pick up the blue block,10,postgrasp,156,172,16,1.0,0.9717514124293786,0,8,0.3,0.7,8,0.4466190040111542,0.44632452726364136,0.4466190040111542,0.44632452726364136,0.0002944767475128174,-0.0002944767475128174,0.6417006850242615,-0.04586632549762726,0.19033783674240112
2026_08_18_00_51_25_610649_L1_right_C2,L1,C2,4.0,0.3389097514813868,blue,right,right,left,pick up the blue block,10,postgrasp,156,172,16,1.0,0.9717514124293786,1,8,0.3,0.7,8,0.4617864489555359,0.46272021532058716,0.4617864489555359,0.46272021532058716,-0.0009337663650512695,0.0009337663650512695,0.6417006850242615,-0.04586632549762726,0.19033783674240112
2026_08_18_00_51_25_610649_L1_right_C2,L1,C2,4.0,0.3389097514813868,blue,right,right,left,pick up the blue block,10,postgrasp,156,172,16,1.0,0.9717514124293786,2,8,0.3,0.7,8,0.44052231311798096,0.42760592699050903,0.44052231311798096,0.42760592699050903,0.012916386127471924,-0.012916386127471924,0.6417006850242615,-0.04586632549762726,0.19033783674240112
2026_08_18_00_51_25_610649_L1_right_C2,L1,C2,4.0,0.3389097514813868,blue,right,right,left,pick up the blue block,10,postgrasp,156,172,16,1.0,0.9717514124293786,3,8,0.3,0.7,8,0.49590834975242615,0.4814012944698334,0.49590834975242615,0.4814012944698334,0.014507055282592773,-0.014507055282592773,0.6417006850242615,-0.04586632549762726,0.19033783674240112
2026_08_18_00_51_25_610649_L1_right_C2,L1,C2,4.0,0.3389097514813868,blue,right,right,left,pick up the blue block,10,postgrasp,156,172,16,1.0,0.9717514124293786,4,8,0.3,0.7,8,0.4392217993736267,0.43881064653396606,0.4392217993736267,0.43881064653396606,0.00041115283966064453,-0.00041115283966064453,0.6417006850242615,-0.04586632549762726,0.19033783674240112
2026_08_18_00_51_25_610649_L1_right_C2,L1,C2,4.0,0.3389097514813868,blue,right,right,left,pick up the blue block,10,postgrasp,156,172,16,1.0,0.9717514124293786,5,8,0.3,0.7,8,0.39576613903045654,0.39255765080451965,0.39576613903045654,0.39255765080451965,0.0032084882259368896,-0.0032084882259368896,0.6417006850242615,-0.04586632549762726,0.19033783674240112
2026_08_18_00_51_25_610649_L1_right_C2,L1,C2,4.0,0.3389097514813868,blue,right,right,left,pick up the blue block,10,postgrasp,156,172,16,1.0,0.9717514124293786,6,8,0.3,0.7,8,0.47704410552978516,0.4790833592414856,0.47704410552978516,0.4790833592414856,-0.0020392537117004395,0.0020392537117004395,0.6417006850242615,-0.04586632549762726,0.19033783674240112
2026_08_18_00_51_25_610649_L1_right_C2,L1,C2,4.0,0.3389097514813868,blue,right,right,left,pick up the blue block,10,postgrasp,156,172,16,1.0,0.9717514124293786,7,8,0.3,0.7,8,0.44587230682373047,0.4369845986366272,0.44587230682373047,0.4369845986366272,0.008887708187103271,-0.008887708187103271,0.6417006850242615,-0.04586632549762726,0.19033783674240112
2026_08_18_00_51_25_610649_L1_right_C2,L1,C2,4.0,0.3389097514813868,blue,right,right,left,pick up the blue block,10,postgrasp,156,172,16,1.0,0.9717514124293786,8,8,0.3,0.7,8,0.4943045675754547,0.500579833984375,0.4943045675754547,0.500579833984375,-0.006275266408920288,0.006275266408920288,0.6417006850242615,-0.04586632549762726,0.19033783674240112
2026_08_18_00_51_25_610649_L1_right_C2,L1,C2,4.0,0.3389097514813868,blue,right,right,left,pick up the blue block,10,postgrasp,156,172,16,1.0,0.9717514124293786,9,8,0.3,0.7,8,0.4131506383419037,0.40643924474716187,0.4131506383419037,0.40643924474716187,0.006711393594741821,-0.006711393594741821,0.6417006850242615,-0.04586632549762726,0.19033783674240112
2026_08_18_00_51_25_610649_L1_right_C2,L1,C2,4.0,0.3389097514813868,blue,right,right,left,pick up the blue block,11,postgrasp,172,177,5,1.0,1.0,0,8,0.3,0.7,8,0.49087998270988464,0.5052414536476135,0.49087998270988464,0.5052414536476135,-0.014361470937728882,0.014361470937728882,0.6417030096054077,-0.045870404690504074,0.19034066796302795
2026_08_18_00_51_25_610649_L1_right_C2,L1,C2,4.0,0.3389097514813868,blue,right,right,left,pick up the blue block,11,postgrasp,172,177,5,1.0,1.0,1,8,0.3,0.7,8,0.3536555767059326,0.35134971141815186,0.3536555767059326,0.35134971141815186,0.0023058652877807617,-0.0023058652877807617,0.6417030096054077,-0.045870404690504074,0.19034066796302795
2026_08_18_00_51_25_610649_L1_right_C2,L1,C2,4.0,0.3389097514813868,blue,right,right,left,pick up the blue block,11,postgrasp,172,177,5,1.0,1.0,2,8,0.3,0.7,8,0.35503947734832764,0.3540072441101074,0.35503947734832764,0.3540072441101074,0.0010322332382202148,-0.0010322332382202148,0.6417030096054077,-0.045870404690504074,0.19034066796302795
2026_08_18_00_51_25_610649_L1_right_C2,L1,C2,4.0,0.3389097514813868,blue,right,right,left,pick up the blue block,11,postgrasp,172,177,5,1.0,1.0,3,8,0.3,0.7,8,0.3742351531982422,0.3829178214073181,0.3742351531982422,0.3829178214073181,-0.008682668209075928,0.008682668209075928,0.6417030096054077,-0.045870404690504074,0.19034066796302795
2026_08_18_00_51_25_610649_L1_right_C2,L1,C2,4.0,0.3389097514813868,blue,right,right,left,pick up the blue block,11,postgrasp,172,177,5,1.0,1.0,4,8,0.3,0.7,8,0.4256952702999115,0.42503440380096436,0.4256952702999115,0.42503440380096436,0.0006608664989471436,-0.0006608664989471436,0.6417030096054077,-0.045870404690504074,0.19034066796302795
2026_08_18_00_51_25_610649_L1_right_C2,L1,C2,4.0,0.3389097514813868,blue,right,right,left,pick up the blue block,11,postgrasp,172,177,5,1.0,1.0,5,8,0.3,0.7,8,0.3588901162147522,0.354384183883667,0.3588901162147522,0.354384183883667,0.004505932331085205,-0.004505932331085205,0.6417030096054077,-0.045870404690504074,0.19034066796302795
2026_08_18_00_51_25_610649_L1_right_C2,L1,C2,4.0,0.3389097514813868,blue,right,right,left,pick up the blue block,11,postgrasp,172,177,5,1.0,1.0,6,8,0.3,0.7,8,0.3285678029060364,0.33000612258911133,0.3285678029060364,0.33000612258911133,-0.0014383196830749512,0.0014383196830749512,0.6417030096054077,-0.045870404690504074,0.19034066796302795
2026_08_18_00_51_25_610649_L1_right_C2,L1,C2,4.0,0.3389097514813868,blue,right,right,left,pick up the blue block,11,postgrasp,172,177,5,1.0,1.0,7,8,0.3,0.7,8,0.39991024136543274,0.40464815497398376,0.39991024136543274,0.40464815497398376,-0.004737913608551025,0.004737913608551025,0.6417030096054077,-0.045870404690504074,0.19034066796302795
2026_08_18_00_51_25_610649_L1_right_C2,L1,C2,4.0,0.3389097514813868,blue,right,right,left,pick up the blue block,11,postgrasp,172,177,5,1.0,1.0,8,8,0.3,0.7,8,0.31403547525405884,0.311172217130661,0.31403547525405884,0.311172217130661,0.002863258123397827,-0.002863258123397827,0.6417030096054077,-0.045870404690504074,0.19034066796302795
2026_08_18_00_51_25_610649_L1_right_C2,L1,C2,4.0,0.3389097514813868,blue,right,right,left,pick up the blue block,11,postgrasp,172,177,5,1.0,1.0,9,8,0.3,0.7,8,0.34303346276283264,0.3522195518016815,0.34303346276283264,0.3522195518016815,-0.009186089038848877,0.009186089038848877,0.6417030096054077,-0.045870404690504074,0.19034066796302795
2026_08_18_00_52_54_907596_L3_right_C0,L3,C0,0.0,0.0,blue,right,right,left,pick up the blue block,0,pregrasp,0,16,16,0.1322314049586777,0.11267605633802817,0,8,0.3,0.7,8,0.2786920666694641,0.23206207156181335,0.2786920666694641,0.23206207156181335,0.04662999510765076,-0.04662999510765076,0.3827056288719177,-0.00551261892542243,0.467118501663208
2026_08_18_00_52_54_907596_L3_right_C0,L3,C0,0.0,0.0,blue,right,right,left,pick up the blue block,0,pregrasp,0,16,16,0.1322314049586777,0.11267605633802817,1,8,0.3,0.7,8,0.2796851694583893,0.23736266791820526,0.2796851694583893,0.23736266791820526,0.04232250154018402,-0.04232250154018402,0.3827056288719177,-0.00551261892542243,0.467118501663208
2026_08_18_00_52_54_907596_L3_right_C0,L3,C0,0.0,0.0,blue,right,right,left,pick up the blue block,0,pregrasp,0,16,16,0.1322314049586777,0.11267605633802817,2,8,0.3,0.7,8,0.249394953250885,0.19539855420589447,0.249394953250885,0.19539855420589447,0.05399639904499054,-0.05399639904499054,0.3827056288719177,-0.00551261892542243,0.467118501663208
2026_08_18_00_52_54_907596_L3_right_C0,L3,C0,0.0,0.0,blue,right,right,left,pick up the blue block,0,pregrasp,0,16,16,0.1322314049586777,0.11267605633802817,3,8,0.3,0.7,8,0.26917701959609985,0.2336123287677765,0.26917701959609985,0.2336123287677765,0.035564690828323364,-0.035564690828323364,0.3827056288719177,-0.00551261892542243,0.467118501663208
2026_08_18_00_52_54_907596_L3_right_C0,L3,C0,0.0,0.0,blue,right,right,left,pick up the blue block,0,pregrasp,0,16,16,0.1322314049586777,0.11267605633802817,4,8,0.3,0.7,8,0.2927960753440857,0.24780508875846863,0.2927960753440857,0.24780508875846863,0.044990986585617065,-0.044990986585617065,0.3827056288719177,-0.00551261892542243,0.467118501663208
2026_08_18_00_52_54_907596_L3_right_C0,L3,C0,0.0,0.0,blue,right,right,left,pick up the blue block,0,pregrasp,0,16,16,0.1322314049586777,0.11267605633802817,5,8,0.3,0.7,8,0.29960691928863525,0.25010034441947937,0.29960691928863525,0.25010034441947937,0.049506574869155884,-0.049506574869155884,0.3827056288719177,-0.00551261892542243,0.467118501663208
2026_08_18_00_52_54_907596_L3_right_C0,L3,C0,0.0,0.0,blue,right,right,left,pick up the blue block,0,pregrasp,0,16,16,0.1322314049586777,0.11267605633802817,6,8,0.3,0.7,8,0.2683224678039551,0.21475595235824585,0.2683224678039551,0.21475595235824585,0.05356651544570923,-0.05356651544570923,0.3827056288719177,-0.00551261892542243,0.467118501663208
2026_08_18_00_52_54_907596_L3_right_C0,L3,C0,0.0,0.0,blue,right,right,left,pick up the blue block,0,pregrasp,0,16,16,0.1322314049586777,0.11267605633802817,7,8,0.3,0.7,8,0.16435900330543518,0.14739741384983063,0.16435900330543518,0.14739741384983063,0.016961589455604553,-0.016961589455604553,0.3827056288719177,-0.00551261892542243,0.467118501663208
2026_08_18_00_52_54_907596_L3_right_C0,L3,C0,0.0,0.0,blue,right,right,left,pick up the blue block,0,pregrasp,0,16,16,0.1322314049586777,0.11267605633802817,8,8,0.3,0.7,8,0.3413248360157013,0.28404128551483154,0.3413248360157013,0.28404128551483154,0.05728355050086975,-0.05728355050086975,0.3827056288719177,-0.00551261892542243,0.467118501663208
2026_08_18_00_52_54_907596_L3_right_C0,L3,C0,0.0,0.0,blue,right,right,left,pick up the blue block,0,pregrasp,0,16,16,0.1322314049586777,0.11267605633802817,9,8,0.3,0.7,8,0.2715637683868408,0.2275860607624054,0.2715637683868408,0.2275860607624054,0.043977707624435425,-0.043977707624435425,0.3827056288719177,-0.00551261892542243,0.467118501663208
2026_08_18_00_52_54_907596_L3_right_C0,L3,C0,0.0,0.0,blue,right,right,left,pick up the blue block,1,pregrasp,16,32,16,0.2644628099173554,0.22535211267605634,0,8,0.3,0.7,8,0.27742934226989746,0.26795104146003723,0.27742934226989746,0.26795104146003723,0.00947830080986023,-0.00947830080986023,0.4273110330104828,-0.009605331346392632,0.4150272309780121
2026_08_18_00_52_54_907596_L3_right_C0,L3,C0,0.0,0.0,blue,right,right,left,pick up the blue block,1,pregrasp,16,32,16,0.2644628099173554,0.22535211267605634,1,8,0.3,0.7,8,0.12482227385044098,0.13298867642879486,0.12482227385044098,0.13298867642879486,-0.008166402578353882,0.008166402578353882,0.4273110330104828,-0.009605331346392632,0.4150272309780121
2026_08_18_00_52_54_907596_L3_right_C0,L3,C0,0.0,0.0,blue,right,right,left,pick up the blue block,1,pregrasp,16,32,16,0.2644628099173554,0.22535211267605634,2,8,0.3,0.7,8,0.20197078585624695,0.21238364279270172,0.20197078585624695,0.21238364279270172,-0.010412856936454773,0.010412856936454773,0.4273110330104828,-0.009605331346392632,0.4150272309780121
2026_08_18_00_52_54_907596_L3_right_C0,L3,C0,0.0,0.0,blue,right,right,left,pick up the blue block,1,pregrasp,16,32,16,0.2644628099173554,0.22535211267605634,3,8,0.3,0.7,8,0.22643575072288513,0.23766258358955383,0.22643575072288513,0.23766258358955383,-0.011226832866668701,0.011226832866668701,0.4273110330104828,-0.009605331346392632,0.4150272309780121
2026_08_18_00_52_54_907596_L3_right_C0,L3,C0,0.0,0.0,blue,right,right,left,pick up the blue block,1,pregrasp,16,32,16,0.2644628099173554,0.22535211267605634,4,8,0.3,0.7,8,0.2669668197631836,0.263887494802475,0.2669668197631836,0.263887494802475,0.003079324960708618,-0.003079324960708618,0.4273110330104828,-0.009605331346392632,0.4150272309780121
2026_08_18_00_52_54_907596_L3_right_C0,L3,C0,0.0,0.0,blue,right,right,left,pick up the blue block,1,pregrasp,16,32,16,0.2644628099173554,0.22535211267605634,5,8,0.3,0.7,8,0.22532840073108673,0.21611863374710083,0.22532840073108673,0.21611863374710083,0.009209766983985901,-0.009209766983985901,0.4273110330104828,-0.009605331346392632,0.4150272309780121
2026_08_18_00_52_54_907596_L3_right_C0,L3,C0,0.0,0.0,blue,right,right,left,pick up the blue block,1,pregrasp,16,32,16,0.2644628099173554,0.22535211267605634,6,8,0.3,0.7,8,0.35324952006340027,0.3430558741092682,0.35324952006340027,0.3430558741092682,0.01019364595413208,-0.01019364595413208,0.4273110330104828,-0.009605331346392632,0.4150272309780121
2026_08_18_00_52_54_907596_L3_right_C0,L3,C0,0.0,0.0,blue,right,right,left,pick up the blue block,1,pregrasp,16,32,16,0.2644628099173554,0.22535211267605634,7,8,0.3,0.7,8,0.35112234950065613,0.34836530685424805,0.35112234950065613,0.34836530685424805,0.002757042646408081,-0.002757042646408081,0.4273110330104828,-0.009605331346392632,0.4150272309780121
2026_08_18_00_52_54_907596_L3_right_C0,L3,C0,0.0,0.0,blue,right,right,left,pick up the blue block,1,pregrasp,16,32,16,0.2644628099173554,0.22535211267605634,8,8,0.3,0.7,8,0.3131885826587677,0.303293913602829,0.3131885826587677,0.303293913602829,0.00989466905593872,-0.00989466905593872,0.4273110330104828,-0.009605331346392632,0.4150272309780121
2026_08_18_00_52_54_907596_L3_right_C0,L3,C0,0.0,0.0,blue,right,right,left,pick up the blue block,1,pregrasp,16,32,16,0.2644628099173554,0.22535211267605634,9,8,0.3,0.7,8,0.2808713912963867,0.2816437780857086,0.2808713912963867,0.2816437780857086,-0.0007723867893218994,0.0007723867893218994,0.4273110330104828,-0.009605331346392632,0.4150272309780121
2026_08_18_00_52_54_907596_L3_right_C0,L3,C0,0.0,0.0,blue,right,right,left,pick up the blue block,2,pregrasp,32,48,16,0.39669421487603307,0.3380281690140845,0,8,0.3,0.7,8,0.2887210249900818,0.35759294033050537,0.2887210249900818,0.35759294033050537,-0.06887191534042358,0.06887191534042358,0.47765353322029114,-0.015066616237163544,0.367693156003952
2026_08_18_00_52_54_907596_L3_right_C0,L3,C0,0.0,0.0,blue,right,right,left,pick up the blue block,2,pregrasp,32,48,16,0.39669421487603307,0.3380281690140845,1,8,0.3,0.7,8,0.15298014879226685,0.23145964741706848,0.15298014879226685,0.23145964741706848,-0.07847949862480164,0.07847949862480164,0.47765353322029114,-0.015066616237163544,0.367693156003952
2026_08_18_00_52_54_907596_L3_right_C0,L3,C0,0.0,0.0,blue,right,right,left,pick up the blue block,2,pregrasp,32,48,16,0.39669421487603307,0.3380281690140845,2,8,0.3,0.7,8,0.21929128468036652,0.28215354681015015,0.21929128468036652,0.28215354681015015,-0.06286226212978363,0.06286226212978363,0.47765353322029114,-0.015066616237163544,0.367693156003952
2026_08_18_00_52_54_907596_L3_right_C0,L3,C0,0.0,0.0,blue,right,right,left,pick up the blue block,2,pregrasp,32,48,16,0.39669421487603307,0.3380281690140845,3,8,0.3,0.7,8,0.2229182869195938,0.2919405698776245,0.2229182869195938,0.2919405698776245,-0.0690222829580307,0.0690222829580307,0.47765353322029114,-0.015066616237163544,0.367693156003952
2026_08_18_00_52_54_907596_L3_right_C0,L3,C0,0.0,0.0,blue,right,right,left,pick up the blue block,2,pregrasp,32,48,16,0.39669421487603307,0.3380281690140845,4,8,0.3,0.7,8,0.2796376347541809,0.32193148136138916,0.2796376347541809,0.32193148136138916,-0.04229384660720825,0.04229384660720825,0.47765353322029114,-0.015066616237163544,0.367693156003952
2026_08_18_00_52_54_907596_L3_right_C0,L3,C0,0.0,0.0,blue,right,right,left,pick up the blue block,2,pregrasp,32,48,16,0.39669421487603307,0.3380281690140845,5,8,0.3,0.7,8,0.2443101853132248,0.2986617982387543,0.2443101853132248,0.2986617982387543,-0.05435161292552948,0.05435161292552948,0.47765353322029114,-0.015066616237163544,0.367693156003952
2026_08_18_00_52_54_907596_L3_right_C0,L3,C0,0.0,0.0,blue,right,right,left,pick up the blue block,2,pregrasp,32,48,16,0.39669421487603307,0.3380281690140845,6,8,0.3,0.7,8,0.20325611531734467,0.2667545676231384,0.20325611531734467,0.2667545676231384,-0.06349845230579376,0.06349845230579376,0.47765353322029114,-0.015066616237163544,0.367693156003952
2026_08_18_00_52_54_907596_L3_right_C0,L3,C0,0.0,0.0,blue,right,right,left,pick up the blue block,2,pregrasp,32,48,16,0.39669421487603307,0.3380281690140845,7,8,0.3,0.7,8,0.1601395308971405,0.223582461476326,0.1601395308971405,0.223582461476326,-0.06344293057918549,0.06344293057918549,0.47765353322029114,-0.015066616237163544,0.367693156003952
2026_08_18_00_52_54_907596_L3_right_C0,L3,C0,0.0,0.0,blue,right,right,left,pick up the blue block,2,pregrasp,32,48,16,0.39669421487603307,0.3380281690140845,8,8,0.3,0.7,8,0.19898170232772827,0.26387298107147217,0.19898170232772827,0.26387298107147217,-0.0648912787437439,0.0648912787437439,0.47765353322029114,-0.015066616237163544,0.367693156003952
2026_08_18_00_52_54_907596_L3_right_C0,L3,C0,0.0,0.0,blue,right,right,left,pick up the blue block,2,pregrasp,32,48,16,0.39669421487603307,0.3380281690140845,9,8,0.3,0.7,8,0.2145622819662094,0.2883363366127014,0.2145622819662094,0.2883363366127014,-0.073774054646492,0.073774054646492,0.47765353322029114,-0.015066616237163544,0.367693156003952
2026_08_18_00_52_54_907596_L3_right_C0,L3,C0,0.0,0.0,blue,right,right,left,pick up the blue block,3,pregrasp,48,64,16,0.5289256198347108,0.4507042253521127,0,8,0.3,0.7,8,0.1529136598110199,0.26029253005981445,0.1529136598110199,0.26029253005981445,-0.10737887024879456,0.10737887024879456,0.5282787680625916,-0.02036115899682045,0.32054778933525085
2026_08_18_00_52_54_907596_L3_right_C0,L3,C0,0.0,0.0,blue,right,right,left,pick up the blue block,3,pregrasp,48,64,16,0.5289256198347108,0.4507042253521127,1,8,0.3,0.7,8,0.22166378796100616,0.28891652822494507,0.22166378796100616,0.28891652822494507,-0.0672527402639389,0.0672527402639389,0.5282787680625916,-0.02036115899682045,0.32054778933525085
2026_08_18_00_52_54_907596_L3_right_C0,L3,C0,0.0,0.0,blue,right,right,left,pick up the blue block,3,pregrasp,48,64,16,0.5289256198347108,0.4507042253521127,2,8,0.3,0.7,8,0.2349001169204712,0.3273770213127136,0.2349001169204712,0.3273770213127136,-0.09247690439224243,0.09247690439224243,0.5282787680625916,-0.02036115899682045,0.32054778933525085
2026_08_18_00_52_54_907596_L3_right_C0,L3,C0,0.0,0.0,blue,right,right,left,pick up the blue block,3,pregrasp,48,64,16,0.5289256198347108,0.4507042253521127,3,8,0.3,0.7,8,0.24597251415252686,0.2982902228832245,0.24597251415252686,0.2982902228832245,-0.05231770873069763,0.05231770873069763,0.5282787680625916,-0.02036115899682045,0.32054778933525085
2026_08_18_00_52_54_907596_L3_right_C0,L3,C0,0.0,0.0,blue,right,right,left,pick up the blue block,3,pregrasp,48,64,16,0.5289256198347108,0.4507042253521127,4,8,0.3,0.7,8,0.2741825580596924,0.2765732407569885,0.2741825580596924,0.2765732407569885,-0.0023906826972961426,0.0023906826972961426,0.5282787680625916,-0.02036115899682045,0.32054778933525085
2026_08_18_00_52_54_907596_L3_right_C0,L3,C0,0.0,0.0,blue,right,right,left,pick up the blue block,3,pregrasp,48,64,16,0.5289256198347108,0.4507042253521127,5,8,0.3,0.7,8,0.24537605047225952,0.3398553729057312,0.24537605047225952,0.3398553729057312,-0.09447932243347168,0.09447932243347168,0.5282787680625916,-0.02036115899682045,0.32054778933525085
2026_08_18_00_52_54_907596_L3_right_C0,L3,C0,0.0,0.0,blue,right,right,left,pick up the blue block,3,pregrasp,48,64,16,0.5289256198347108,0.4507042253521127,6,8,0.3,0.7,8,0.1763215959072113,0.27163296937942505,0.1763215959072113,0.27163296937942505,-0.09531137347221375,0.09531137347221375,0.5282787680625916,-0.02036115899682045,0.32054778933525085
2026_08_18_00_52_54_907596_L3_right_C0,L3,C0,0.0,0.0,blue,right,right,left,pick up the blue block,3,pregrasp,48,64,16,0.5289256198347108,0.4507042253521127,7,8,0.3,0.7,8,0.16274382174015045,0.2659775912761688,0.16274382174015045,0.2659775912761688,-0.10323376953601837,0.10323376953601837,0.5282787680625916,-0.02036115899682045,0.32054778933525085
2026_08_18_00_52_54_907596_L3_right_C0,L3,C0,0.0,0.0,blue,right,right,left,pick up the blue block,3,pregrasp,48,64,16,0.5289256198347108,0.4507042253521127,8,8,0.3,0.7,8,0.28906580805778503,0.30235809087753296,0.28906580805778503,0.30235809087753296,-0.013292282819747925,0.013292282819747925,0.5282787680625916,-0.02036115899682045,0.32054778933525085
2026_08_18_00_52_54_907596_L3_right_C0,L3,C0,0.0,0.0,blue,right,right,left,pick up the blue block,3,pregrasp,48,64,16,0.5289256198347108,0.4507042253521127,9,8,0.3,0.7,8,0.2925623059272766,0.34074515104293823,0.2925623059272766,0.34074515104293823,-0.04818284511566162,0.04818284511566162,0.5282787680625916,-0.02036115899682045,0.32054778933525085
2026_08_18_00_52_54_907596_L3_right_C0,L3,C0,0.0,0.0,blue,right,right,left,pick up the blue block,4,pregrasp,64,80,16,0.6611570247933884,0.5633802816901409,0,8,0.3,0.7,8,0.3540326654911041,0.32888445258140564,0.3540326654911041,0.32888445258140564,0.025148212909698486,-0.025148212909698486,0.5789158940315247,-0.026969198137521744,0.2729451656341553
2026_08_18_00_52_54_907596_L3_right_C0,L3,C0,0.0,0.0,blue,right,right,left,pick up the blue block,4,pregrasp,64,80,16,0.6611570247933884,0.5633802816901409,1,8,0.3,0.7,8,0.33977359533309937,0.3144712448120117,0.33977359533309937,0.3144712448120117,0.025302350521087646,-0.025302350521087646,0.5789158940315247,-0.026969198137521744,0.2729451656341553
2026_08_18_00_52_54_907596_L3_right_C0,L3,C0,0.0,0.0,blue,right,right,left,pick up the blue block,4,pregrasp,64,80,16,0.6611570247933884,0.5633802816901409,2,8,0.3,0.7,8,0.2670702636241913,0.24567914009094238,0.2670702636241913,0.24567914009094238,0.0213911235332489,-0.0213911235332489,0.5789158940315247,-0.026969198137521744,0.2729451656341553
2026_08_18_00_52_54_907596_L3_right_C0,L3,C0,0.0,0.0,blue,right,right,left,pick up the blue block,4,pregrasp,64,80,16,0.6611570247933884,0.5633802816901409,3,8,0.3,0.7,8,0.3006994426250458,0.2753533124923706,0.3006994426250458,0.2753533124923706,0.02534613013267517,-0.02534613013267517,0.5789158940315247,-0.026969198137521744,0.2729451656341553
2026_08_18_00_52_54_907596_L3_right_C0,L3,C0,0.0,0.0,blue,right,right,left,pick up the blue block,4,pregrasp,64,80,16,0.6611570247933884,0.5633802816901409,4,8,0.3,0.7,8,0.2558593451976776,0.23773294687271118,0.2558593451976776,0.23773294687271118,0.01812639832496643,-0.01812639832496643,0.5789158940315247,-0.026969198137521744,0.2729451656341553
2026_08_18_00_52_54_907596_L3_right_C0,L3,C0,0.0,0.0,blue,right,right,left,pick up the blue block,4,pregrasp,64,80,16,0.6611570247933884,0.5633802816901409,5,8,0.3,0.7,8,0.18596553802490234,0.1860988587141037,0.18596553802490234,0.1860988587141037,-0.00013332068920135498,0.00013332068920135498,0.5789158940315247,-0.026969198137521744,0.2729451656341553
2026_08_18_00_52_54_907596_L3_right_C0,L3,C0,0.0,0.0,blue,right,right,left,pick up the blue block,4,pregrasp,64,80,16,0.6611570247933884,0.5633802816901409,6,8,0.3,0.7,8,0.2241121381521225,0.2060549259185791,0.2241121381521225,0.2060549259185791,0.018057212233543396,-0.018057212233543396,0.5789158940315247,-0.026969198137521744,0.2729451656341553
2026_08_18_00_52_54_907596_L3_right_C0,L3,C0,0.0,0.0,blue,right,right,left,pick up the blue block,4,pregrasp,64,80,16,0.6611570247933884,0.5633802816901409,7,8,0.3,0.7,8,0.2704818546772003,0.2566675841808319,0.2704818546772003,0.2566675841808319,0.013814270496368408,-0.013814270496368408,0.5789158940315247,-0.026969198137521744,0.2729451656341553
2026_08_18_00_52_54_907596_L3_right_C0,L3,C0,0.0,0.0,blue,right,right,left,pick up the blue block,4,pregrasp,64,80,16,0.6611570247933884,0.5633802816901409,8,8,0.3,0.7,8,0.10165193676948547,0.1148458868265152,0.10165193676948547,0.1148458868265152,-0.013193950057029724,0.013193950057029724,0.5789158940315247,-0.026969198137521744,0.2729451656341553
2026_08_18_00_52_54_907596_L3_right_C0,L3,C0,0.0,0.0,blue,right,right,left,pick up the blue block,4,pregrasp,64,80,16,0.6611570247933884,0.5633802816901409,9,8,0.3,0.7,8,0.15062816441059113,0.15015897154808044,0.15062816441059113,0.15015897154808044,0.00046919286251068115,-0.00046919286251068115,0.5789158940315247,-0.026969198137521744,0.2729451656341553
2026_08_18_00_52_54_907596_L3_right_C0,L3,C0,0.0,0.0,blue,right,right,left,pick up the blue block,5,pregrasp,80,96,16,0.7933884297520661,0.676056338028169,0,8,0.3,0.7,8,0.35109812021255493,0.3665562570095062,0.35109812021255493,0.3665562570095062,-0.015458136796951294,0.015458136796951294,0.6296064257621765,-0.03465106710791588,0.2246462106704712
2026_08_18_00_52_54_907596_L3_right_C0,L3,C0,0.0,0.0,blue,right,right,left,pick up the blue block,5,pregrasp,80,96,16,0.7933884297520661,0.676056338028169,1,8,0.3,0.7,8,0.22180864214897156,0.23121002316474915,0.22180864214897156,0.23121002316474915,-0.009401381015777588,0.009401381015777588,0.6296064257621765,-0.03465106710791588,0.2246462106704712
2026_08_18_00_52_54_907596_L3_right_C0,L3,C0,0.0,0.0,blue,right,right,left,pick up the blue block,5,pregrasp,80,96,16,0.7933884297520661,0.676056338028169,2,8,0.3,0.7,8,0.345970094203949,0.3453919589519501,0.345970094203949,0.3453919589519501,0.0005781352519989014,-0.0005781352519989014,0.6296064257621765,-0.03465106710791588,0.2246462106704712
2026_08_18_00_52_54_907596_L3_right_C0,L3,C0,0.0,0.0,blue,right,right,left,pick up the blue block,5,pregrasp,80,96,16,0.7933884297520661,0.676056338028169,3,8,0.3,0.7,8,0.23892691731452942,0.25001776218414307,0.23892691731452942,0.25001776218414307,-0.011090844869613647,0.011090844869613647,0.6296064257621765,-0.03465106710791588,0.2246462106704712
2026_08_18_00_52_54_907596_L3_right_C0,L3,C0,0.0,0.0,blue,right,right,left,pick up the blue block,5,pregrasp,80,96,16,0.7933884297520661,0.676056338028169,4,8,0.3,0.7,8,0.23910844326019287,0.2610339820384979,0.23910844326019287,0.2610339820384979,-0.021925538778305054,0.021925538778305054,0.6296064257621765,-0.03465106710791588,0.2246462106704712
2026_08_18_00_52_54_907596_L3_right_C0,L3,C0,0.0,0.0,blue,right,right,left,pick up the blue block,5,pregrasp,80,96,16,0.7933884297520661,0.676056338028169,5,8,0.3,0.7,8,0.22365142405033112,0.24026015400886536,0.22365142405033112,0.24026015400886536,-0.01660872995853424,0.01660872995853424,0.6296064257621765,-0.03465106710791588,0.2246462106704712
2026_08_18_00_52_54_907596_L3_right_C0,L3,C0,0.0,0.0,blue,right,right,left,pick up the blue block,5,pregrasp,80,96,16,0.7933884297520661,0.676056338028169,6,8,0.3,0.7,8,0.26339656114578247,0.28326669335365295,0.26339656114578247,0.28326669335365295,-0.019870132207870483,0.019870132207870483,0.6296064257621765,-0.03465106710791588,0.2246462106704712
2026_08_18_00_52_54_907596_L3_right_C0,L3,C0,0.0,0.0,blue,right,right,left,pick up the blue block,5,pregrasp,80,96,16,0.7933884297520661,0.676056338028169,7,8,0.3,0.7,8,0.15834178030490875,0.1781780868768692,0.15834178030490875,0.1781780868768692,-0.01983630657196045,0.01983630657196045,0.6296064257621765,-0.03465106710791588,0.2246462106704712
2026_08_18_00_52_54_907596_L3_right_C0,L3,C0,0.0,0.0,blue,right,right,left,pick up the blue block,5,pregrasp,80,96,16,0.7933884297520661,0.676056338028169,8,8,0.3,0.7,8,0.23528636991977692,0.248336061835289,0.23528636991977692,0.248336061835289,-0.013049691915512085,0.013049691915512085,0.6296064257621765,-0.03465106710791588,0.2246462106704712
2026_08_18_00_52_54_907596_L3_right_C0,L3,C0,0.0,0.0,blue,right,right,left,pick up the blue block,5,pregrasp,80,96,16,0.7933884297520661,0.676056338028169,9,8,0.3,0.7,8,0.23224227130413055,0.25148510932922363,0.23224227130413055,0.25148510932922363,-0.01924283802509308,0.01924283802509308,0.6296064257621765,-0.03465106710791588,0.2246462106704712
2026_08_18_00_52_54_907596_L3_right_C0,L3,C0,0.0,0.0,blue,right,right,left,pick up the blue block,6,pregrasp,96,112,16,0.9256198347107438,0.7887323943661971,0,8,0.3,0.7,8,0.18633469939231873,0.2046676129102707,0.18633469939231873,0.2046676129102707,-0.018332913517951965,0.018332913517951965,0.6667183637619019,-0.039860013872385025,0.18885362148284912
2026_08_18_00_52_54_907596_L3_right_C0,L3,C0,0.0,0.0,blue,right,right,left,pick up the blue block,6,pregrasp,96,112,16,0.9256198347107438,0.7887323943661971,1,8,0.3,0.7,8,0.25659090280532837,0.2869349420070648,0.25659090280532837,0.2869349420070648,-0.03034403920173645,0.03034403920173645,0.6667183637619019,-0.039860013872385025,0.18885362148284912
2026_08_18_00_52_54_907596_L3_right_C0,L3,C0,0.0,0.0,blue,right,right,left,pick up the blue block,6,pregrasp,96,112,16,0.9256198347107438,0.7887323943661971,2,8,0.3,0.7,8,0.11633828282356262,0.13634319603443146,0.11633828282356262,0.13634319603443146,-0.020004913210868835,0.020004913210868835,0.6667183637619019,-0.039860013872385025,0.18885362148284912
2026_08_18_00_52_54_907596_L3_right_C0,L3,C0,0.0,0.0,blue,right,right,left,pick up the blue block,6,pregrasp,96,112,16,0.9256198347107438,0.7887323943661971,3,8,0.3,0.7,8,0.15072254836559296,0.16893085837364197,0.15072254836559296,0.16893085837364197,-0.01820831000804901,0.01820831000804901,0.6667183637619019,-0.039860013872385025,0.18885362148284912
2026_08_18_00_52_54_907596_L3_right_C0,L3,C0,0.0,0.0,blue,right,right,left,pick up the blue block,6,pregrasp,96,112,16,0.9256198347107438,0.7887323943661971,4,8,0.3,0.7,8,0.15573227405548096,0.18028922379016876,0.15573227405548096,0.18028922379016876,-0.024556949734687805,0.024556949734687805,0.6667183637619019,-0.039860013872385025,0.18885362148284912
2026_08_18_00_52_54_907596_L3_right_C0,L3,C0,0.0,0.0,blue,right,right,left,pick up the blue block,6,pregrasp,96,112,16,0.9256198347107438,0.7887323943661971,5,8,0.3,0.7,8,0.15932875871658325,0.17716583609580994,0.15932875871658325,0.17716583609580994,-0.017837077379226685,0.017837077379226685,0.6667183637619019,-0.039860013872385025,0.18885362148284912
2026_08_18_00_52_54_907596_L3_right_C0,L3,C0,0.0,0.0,blue,right,right,left,pick up the blue block,6,pregrasp,96,112,16,0.9256198347107438,0.7887323943661971,6,8,0.3,0.7,8,0.17339110374450684,0.1955103576183319,0.17339110374450684,0.1955103576183319,-0.022119253873825073,0.022119253873825073,0.6667183637619019,-0.039860013872385025,0.18885362148284912
2026_08_18_00_52_54_907596_L3_right_C0,L3,C0,0.0,0.0,blue,right,right,left,pick up the blue block,6,pregrasp,96,112,16,0.9256198347107438,0.7887323943661971,7,8,0.3,0.7,8,0.14929009974002838,0.19714371860027313,0.14929009974002838,0.19714371860027313,-0.04785361886024475,0.04785361886024475,0.6667183637619019,-0.039860013872385025,0.18885362148284912
2026_08_18_00_52_54_907596_L3_right_C0,L3,C0,0.0,0.0,blue,right,right,left,pick up the blue block,6,pregrasp,96,112,16,0.9256198347107438,0.7887323943661971,8,8,0.3,0.7,8,0.14625433087348938,0.1743064969778061,0.14625433087348938,0.1743064969778061,-0.02805216610431671,0.02805216610431671,0.6667183637619019,-0.039860013872385025,0.18885362148284912
2026_08_18_00_52_54_907596_L3_right_C0,L3,C0,0.0,0.0,blue,right,right,left,pick up the blue block,6,pregrasp,96,112,16,0.9256198347107438,0.7887323943661971,9,8,0.3,0.7,8,0.14497774839401245,0.16388577222824097,0.14497774839401245,0.16388577222824097,-0.018908023834228516,0.018908023834228516,0.6667183637619019,-0.039860013872385025,0.18885362148284912
2026_08_18_00_52_54_907596_L3_right_C0,L3,C0,0.0,0.0,blue,right,right,left,pick up the blue block,7,pregrasp,112,121,9,1.0,0.852112676056338,0,8,0.3,0.7,8,0.19030801951885223,0.21802693605422974,0.19030801951885223,0.21802693605422974,-0.027718916535377502,0.027718916535377502,0.6672957539558411,-0.03988920524716377,0.1888081133365631
2026_08_18_00_52_54_907596_L3_right_C0,L3,C0,0.0,0.0,blue,right,right,left,pick up the blue block,7,pregrasp,112,121,9,1.0,0.852112676056338,1,8,0.3,0.7,8,0.26290446519851685,0.280478298664093,0.26290446519851685,0.280478298664093,-0.017573833465576172,0.017573833465576172,0.6672957539558411,-0.03988920524716377,0.1888081133365631
2026_08_18_00_52_54_907596_L3_right_C0,L3,C0,0.0,0.0,blue,right,right,left,pick up the blue block,7,pregrasp,112,121,9,1.0,0.852112676056338,2,8,0.3,0.7,8,0.2296132892370224,0.24709971249103546,0.2296132892370224,0.24709971249103546,-0.01748642325401306,0.01748642325401306,0.6672957539558411,-0.03988920524716377,0.1888081133365631
2026_08_18_00_52_54_907596_L3_right_C0,L3,C0,0.0,0.0,blue,right,right,left,pick up the blue block,7,pregrasp,112,121,9,1.0,0.852112676056338,3,8,0.3,0.7,8,0.24619542062282562,0.2710053026676178,0.24619542062282562,0.2710053026676178,-0.024809882044792175,0.024809882044792175,0.6672957539558411,-0.03988920524716377,0.1888081133365631
2026_08_18_00_52_54_907596_L3_right_C0,L3,C0,0.0,0.0,blue,right,right,left,pick up the blue block,7,pregrasp,112,121,9,1.0,0.852112676056338,4,8,0.3,0.7,8,0.13411088287830353,0.1495932638645172,0.13411088287830353,0.1495932638645172,-0.015482380986213684,0.015482380986213684,0.6672957539558411,-0.03988920524716377,0.1888081133365631
2026_08_18_00_52_54_907596_L3_right_C0,L3,C0,0.0,0.0,blue,right,right,left,pick up the blue block,7,pregrasp,112,121,9,1.0,0.852112676056338,5,8,0.3,0.7,8,0.197122260928154,0.22383996844291687,0.197122260928154,0.22383996844291687,-0.02671770751476288,0.02671770751476288,0.6672957539558411,-0.03988920524716377,0.1888081133365631
2026_08_18_00_52_54_907596_L3_right_C0,L3,C0,0.0,0.0,blue,right,right,left,pick up the blue block,7,pregrasp,112,121,9,1.0,0.852112676056338,6,8,0.3,0.7,8,0.21017403900623322,0.22744591534137726,0.21017403900623322,0.22744591534137726,-0.017271876335144043,0.017271876335144043,0.6672957539558411,-0.03988920524716377,0.1888081133365631
2026_08_18_00_52_54_907596_L3_right_C0,L3,C0,0.0,0.0,blue,right,right,left,pick up the blue block,7,pregrasp,112,121,9,1.0,0.852112676056338,7,8,0.3,0.7,8,0.14702171087265015,0.17183278501033783,0.14702171087265015,0.17183278501033783,-0.024811074137687683,0.024811074137687683,0.6672957539558411,-0.03988920524716377,0.1888081133365631
2026_08_18_00_52_54_907596_L3_right_C0,L3,C0,0.0,0.0,blue,right,right,left,pick up the blue block,7,pregrasp,112,121,9,1.0,0.852112676056338,8,8,0.3,0.7,8,0.1932009756565094,0.20822826027870178,0.1932009756565094,0.20822826027870178,-0.015027284622192383,0.015027284622192383,0.6672957539558411,-0.03988920524716377,0.1888081133365631
2026_08_18_00_52_54_907596_L3_right_C0,L3,C0,0.0,0.0,blue,right,right,left,pick up the blue block,7,pregrasp,112,121,9,1.0,0.852112676056338,9,8,0.3,0.7,8,0.22070232033729553,0.2448682337999344,0.22070232033729553,0.2448682337999344,-0.024165913462638855,0.024165913462638855,0.6672957539558411,-0.03988920524716377,0.1888081133365631
2026_08_18_00_52_54_907596_L3_right_C0,L3,C0,0.0,0.0,blue,right,right,left,pick up the blue block,8,postgrasp,121,137,16,1.0,0.9647887323943662,0,8,0.3,0.7,8,0.29112231731414795,0.3176361620426178,0.29112231731414795,0.3176361620426178,-0.02651384472846985,0.02651384472846985,0.6678454875946045,-0.04000682383775711,0.18919846415519714
2026_08_18_00_52_54_907596_L3_right_C0,L3,C0,0.0,0.0,blue,right,right,left,pick up the blue block,8,postgrasp,121,137,16,1.0,0.9647887323943662,1,8,0.3,0.7,8,0.30071985721588135,0.3207702338695526,0.30071985721588135,0.3207702338695526,-0.020050376653671265,0.020050376653671265,0.6678454875946045,-0.04000682383775711,0.18919846415519714
2026_08_18_00_52_54_907596_L3_right_C0,L3,C0,0.0,0.0,blue,right,right,left,pick up the blue block,8,postgrasp,121,137,16,1.0,0.9647887323943662,2,8,0.3,0.7,8,0.3368762135505676,0.3571301996707916,0.3368762135505676,0.3571301996707916,-0.020253986120224,0.020253986120224,0.6678454875946045,-0.04000682383775711,0.18919846415519714
2026_08_18_00_52_54_907596_L3_right_C0,L3,C0,0.0,0.0,blue,right,right,left,pick up the blue block,8,postgrasp,121,137,16,1.0,0.9647887323943662,3,8,0.3,0.7,8,0.26402825117111206,0.28538355231285095,0.26402825117111206,0.28538355231285095,-0.02135530114173889,0.02135530114173889,0.6678454875946045,-0.04000682383775711,0.18919846415519714
2026_08_18_00_52_54_907596_L3_right_C0,L3,C0,0.0,0.0,blue,right,right,left,pick up the blue block,8,postgrasp,121,137,16,1.0,0.9647887323943662,4,8,0.3,0.7,8,0.31096595525741577,0.3493714928627014,0.31096595525741577,0.3493714928627014,-0.038405537605285645,0.038405537605285645,0.6678454875946045,-0.04000682383775711,0.18919846415519714
2026_08_18_00_52_54_907596_L3_right_C0,L3,C0,0.0,0.0,blue,right,right,left,pick up the blue block,8,postgrasp,121,137,16,1.0,0.9647887323943662,5,8,0.3,0.7,8,0.3139529526233673,0.3289015293121338,0.3139529526233673,0.3289015293121338,-0.01494857668876648,0.01494857668876648,0.6678454875946045,-0.04000682383775711,0.18919846415519714
2026_08_18_00_52_54_907596_L3_right_C0,L3,C0,0.0,0.0,blue,right,right,left,pick up the blue block,8,postgrasp,121,137,16,1.0,0.9647887323943662,6,8,0.3,0.7,8,0.2690897583961487,0.2904622554779053,0.2690897583961487,0.2904622554779053,-0.021372497081756592,0.021372497081756592,0.6678454875946045,-0.04000682383775711,0.18919846415519714
2026_08_18_00_52_54_907596_L3_right_C0,L3,C0,0.0,0.0,blue,right,right,left,pick up the blue block,8,postgrasp,121,137,16,1.0,0.9647887323943662,7,8,0.3,0.7,8,0.29676252603530884,0.3192373812198639,0.29676252603530884,0.3192373812198639,-0.022474855184555054,0.022474855184555054,0.6678454875946045,-0.04000682383775711,0.18919846415519714
2026_08_18_00_52_54_907596_L3_right_C0,L3,C0,0.0,0.0,blue,right,right,left,pick up the blue block,8,postgrasp,121,137,16,1.0,0.9647887323943662,8,8,0.3,0.7,8,0.3461568355560303,0.3587639331817627,0.3461568355560303,0.3587639331817627,-0.012607097625732422,0.012607097625732422,0.6678454875946045,-0.04000682383775711,0.18919846415519714
2026_08_18_00_52_54_907596_L3_right_C0,L3,C0,0.0,0.0,blue,right,right,left,pick up the blue block,8,postgrasp,121,137,16,1.0,0.9647887323943662,9,8,0.3,0.7,8,0.2980547845363617,0.3102244436740875,0.2980547845363617,0.3102244436740875,-0.01216965913772583,0.01216965913772583,0.6678454875946045,-0.04000682383775711,0.18919846415519714
2026_08_18_00_52_54_907596_L3_right_C0,L3,C0,0.0,0.0,blue,right,right,left,pick up the blue block,9,postgrasp,137,142,5,1.0,1.0,0,8,0.3,0.7,8,0.18866728246212006,0.19178402423858643,0.18866728246212006,0.19178402423858643,-0.0031167417764663696,0.0031167417764663696,0.6678566336631775,-0.04000662639737129,0.18920452892780304
2026_08_18_00_52_54_907596_L3_right_C0,L3,C0,0.0,0.0,blue,right,right,left,pick up the blue block,9,postgrasp,137,142,5,1.0,1.0,1,8,0.3,0.7,8,0.18725056946277618,0.18934005498886108,0.18725056946277618,0.18934005498886108,-0.0020894855260849,0.0020894855260849,0.6678566336631775,-0.04000662639737129,0.18920452892780304
2026_08_18_00_52_54_907596_L3_right_C0,L3,C0,0.0,0.0,blue,right,right,left,pick up the blue block,9,postgrasp,137,142,5,1.0,1.0,2,8,0.3,0.7,8,0.1939854770898819,0.21028392016887665,0.1939854770898819,0.21028392016887665,-0.01629844307899475,0.01629844307899475,0.6678566336631775,-0.04000662639737129,0.18920452892780304
2026_08_18_00_52_54_907596_L3_right_C0,L3,C0,0.0,0.0,blue,right,right,left,pick up the blue block,9,postgrasp,137,142,5,1.0,1.0,3,8,0.3,0.7,8,0.2582020163536072,0.2784726619720459,0.2582020163536072,0.2784726619720459,-0.02027064561843872,0.02027064561843872,0.6678566336631775,-0.04000662639737129,0.18920452892780304
2026_08_18_00_52_54_907596_L3_right_C0,L3,C0,0.0,0.0,blue,right,right,left,pick up the blue block,9,postgrasp,137,142,5,1.0,1.0,4,8,0.3,0.7,8,0.16917085647583008,0.17565198242664337,0.16917085647583008,0.17565198242664337,-0.0064811259508132935,0.0064811259508132935,0.6678566336631775,-0.04000662639737129,0.18920452892780304
2026_08_18_00_52_54_907596_L3_right_C0,L3,C0,0.0,0.0,blue,right,right,left,pick up the blue block,9,postgrasp,137,142,5,1.0,1.0,5,8,0.3,0.7,8,0.14406880736351013,0.1553986519575119,0.14406880736351013,0.1553986519575119,-0.01132984459400177,0.01132984459400177,0.6678566336631775,-0.04000662639737129,0.18920452892780304
2026_08_18_00_52_54_907596_L3_right_C0,L3,C0,0.0,0.0,blue,right,right,left,pick up the blue block,9,postgrasp,137,142,5,1.0,1.0,6,8,0.3,0.7,8,0.1654636114835739,0.16053831577301025,0.1654636114835739,0.16053831577301025,0.00492529571056366,-0.00492529571056366,0.6678566336631775,-0.04000662639737129,0.18920452892780304
2026_08_18_00_52_54_907596_L3_right_C0,L3,C0,0.0,0.0,blue,right,right,left,pick up the blue block,9,postgrasp,137,142,5,1.0,1.0,7,8,0.3,0.7,8,0.23198282718658447,0.24825452268123627,0.23198282718658447,0.24825452268123627,-0.016271695494651794,0.016271695494651794,0.6678566336631775,-0.04000662639737129,0.18920452892780304
2026_08_18_00_52_54_907596_L3_right_C0,L3,C0,0.0,0.0,blue,right,right,left,pick up the blue block,9,postgrasp,137,142,5,1.0,1.0,8,8,0.3,0.7,8,0.1713896095752716,0.1841861605644226,0.1713896095752716,0.1841861605644226,-0.012796550989151001,0.012796550989151001,0.6678566336631775,-0.04000662639737129,0.18920452892780304
2026_08_18_00_52_54_907596_L3_right_C0,L3,C0,0.0,0.0,blue,right,right,left,pick up the blue block,9,postgrasp,137,142,5,1.0,1.0,9,8,0.3,0.7,8,0.20791298151016235,0.2137341946363449,0.20791298151016235,0.2137341946363449,-0.005821213126182556,0.005821213126182556,0.6678566336631775,-0.04000662639737129,0.18920452892780304
2026_08_18_00_53_23_339528_L3_right_C1,L3,C1,2.0,0.1694548757406934,blue,right,right,left,pick up the blue block,0,pregrasp,0,16,16,0.12121212121212122,0.10457516339869281,0,8,0.3,0.7,8,0.33686915040016174,0.22118274867534637,0.33686915040016174,0.22118274867534637,0.11568640172481537,-0.11568640172481537,0.3730132579803467,-0.02570302225649357,0.47828108072280884
2026_08_18_00_53_23_339528_L3_right_C1,L3,C1,2.0,0.1694548757406934,blue,right,right,left,pick up the blue block,0,pregrasp,0,16,16,0.12121212121212122,0.10457516339869281,1,8,0.3,0.7,8,0.5093060731887817,0.4094100296497345,0.5093060731887817,0.4094100296497345,0.09989604353904724,-0.09989604353904724,0.3730132579803467,-0.02570302225649357,0.47828108072280884
2026_08_18_00_53_23_339528_L3_right_C1,L3,C1,2.0,0.1694548757406934,blue,right,right,left,pick up the blue block,0,pregrasp,0,16,16,0.12121212121212122,0.10457516339869281,2,8,0.3,0.7,8,0.46372294425964355,0.3987351655960083,0.46372294425964355,0.3987351655960083,0.06498777866363525,-0.06498777866363525,0.3730132579803467,-0.02570302225649357,0.47828108072280884
2026_08_18_00_53_23_339528_L3_right_C1,L3,C1,2.0,0.1694548757406934,blue,right,right,left,pick up the blue block,0,pregrasp,0,16,16,0.12121212121212122,0.10457516339869281,3,8,0.3,0.7,8,0.3835296630859375,0.3082520365715027,0.3835296630859375,0.3082520365715027,0.07527762651443481,-0.07527762651443481,0.3730132579803467,-0.02570302225649357,0.47828108072280884
2026_08_18_00_53_23_339528_L3_right_C1,L3,C1,2.0,0.1694548757406934,blue,right,right,left,pick up the blue block,0,pregrasp,0,16,16,0.12121212121212122,0.10457516339869281,4,8,0.3,0.7,8,0.3975565731525421,0.30611246824264526,0.3975565731525421,0.30611246824264526,0.09144410490989685,-0.09144410490989685,0.3730132579803467,-0.02570302225649357,0.47828108072280884
2026_08_18_00_53_23_339528_L3_right_C1,L3,C1,2.0,0.1694548757406934,blue,right,right,left,pick up the blue block,0,pregrasp,0,16,16,0.12121212121212122,0.10457516339869281,5,8,0.3,0.7,8,0.35883551836013794,0.2716671824455261,0.35883551836013794,0.2716671824455261,0.08716833591461182,-0.08716833591461182,0.3730132579803467,-0.02570302225649357,0.47828108072280884
2026_08_18_00_53_23_339528_L3_right_C1,L3,C1,2.0,0.1694548757406934,blue,right,right,left,pick up the blue block,0,pregrasp,0,16,16,0.12121212121212122,0.10457516339869281,6,8,0.3,0.7,8,0.4255700707435608,0.33259040117263794,0.4255700707435608,0.33259040117263794,0.09297966957092285,-0.09297966957092285,0.3730132579803467,-0.02570302225649357,0.47828108072280884
2026_08_18_00_53_23_339528_L3_right_C1,L3,C1,2.0,0.1694548757406934,blue,right,right,left,pick up the blue block,0,pregrasp,0,16,16,0.12121212121212122,0.10457516339869281,7,8,0.3,0.7,8,0.44872117042541504,0.3654976189136505,0.44872117042541504,0.3654976189136505,0.08322355151176453,-0.08322355151176453,0.3730132579803467,-0.02570302225649357,0.47828108072280884
2026_08_18_00_53_23_339528_L3_right_C1,L3,C1,2.0,0.1694548757406934,blue,right,right,left,pick up the blue block,0,pregrasp,0,16,16,0.12121212121212122,0.10457516339869281,8,8,0.3,0.7,8,0.48442187905311584,0.3751973807811737,0.48442187905311584,0.3751973807811737,0.10922449827194214,-0.10922449827194214,0.3730132579803467,-0.02570302225649357,0.47828108072280884
2026_08_18_00_53_23_339528_L3_right_C1,L3,C1,2.0,0.1694548757406934,blue,right,right,left,pick up the blue block,0,pregrasp,0,16,16,0.12121212121212122,0.10457516339869281,9,8,0.3,0.7,8,0.3434128165245056,0.2432628870010376,0.3434128165245056,0.2432628870010376,0.10014992952346802,-0.10014992952346802,0.3730132579803467,-0.02570302225649357,0.47828108072280884
2026_08_18_00_53_23_339528_L3_right_C1,L3,C1,2.0,0.1694548757406934,blue,right,right,left,pick up the blue block,1,pregrasp,16,32,16,0.24242424242424243,0.20915032679738563,0,8,0.3,0.7,8,0.18352490663528442,0.2198651134967804,0.18352490663528442,0.2198651134967804,-0.03634020686149597,0.03634020686149597,0.4035748541355133,-0.07267157733440399,0.4392050802707672
2026_08_18_00_53_23_339528_L3_right_C1,L3,C1,2.0,0.1694548757406934,blue,right,right,left,pick up the blue block,1,pregrasp,16,32,16,0.24242424242424243,0.20915032679738563,1,8,0.3,0.7,8,0.2462383508682251,0.2774466276168823,0.2462383508682251,0.2774466276168823,-0.031208276748657227,0.031208276748657227,0.4035748541355133,-0.07267157733440399,0.4392050802707672
2026_08_18_00_53_23_339528_L3_right_C1,L3,C1,2.0,0.1694548757406934,blue,right,right,left,pick up the blue block,1,pregrasp,16,32,16,0.24242424242424243,0.20915032679738563,2,8,0.3,0.7,8,0.18185816705226898,0.19634884595870972,0.18185816705226898,0.19634884595870972,-0.014490678906440735,0.014490678906440735,0.4035748541355133,-0.07267157733440399,0.4392050802707672
2026_08_18_00_53_23_339528_L3_right_C1,L3,C1,2.0,0.1694548757406934,blue,right,right,left,pick up the blue block,1,pregrasp,16,32,16,0.24242424242424243,0.20915032679738563,3,8,0.3,0.7,8,0.2955958843231201,0.30672091245651245,0.2955958843231201,0.30672091245651245,-0.011125028133392334,0.011125028133392334,0.4035748541355133,-0.07267157733440399,0.4392050802707672
2026_08_18_00_53_23_339528_L3_right_C1,L3,C1,2.0,0.1694548757406934,blue,right,right,left,pick up the blue block,1,pregrasp,16,32,16,0.24242424242424243,0.20915032679738563,4,8,0.3,0.7,8,0.2551608085632324,0.28989142179489136,0.2551608085632324,0.28989142179489136,-0.034730613231658936,0.034730613231658936,0.4035748541355133,-0.07267157733440399,0.4392050802707672
2026_08_18_00_53_23_339528_L3_right_C1,L3,C1,2.0,0.1694548757406934,blue,right,right,left,pick up the blue block,1,pregrasp,16,32,16,0.24242424242424243,0.20915032679738563,5,8,0.3,0.7,8,0.40482476353645325,0.43042710423469543,0.40482476353645325,0.43042710423469543,-0.025602340698242188,0.025602340698242188,0.4035748541355133,-0.07267157733440399,0.4392050802707672
2026_08_18_00_53_23_339528_L3_right_C1,L3,C1,2.0,0.1694548757406934,blue,right,right,left,pick up the blue block,1,pregrasp,16,32,16,0.24242424242424243,0.20915032679738563,6,8,0.3,0.7,8,0.31760141253471375,0.32517746090888977,0.31760141253471375,0.32517746090888977,-0.007576048374176025,0.007576048374176025,0.4035748541355133,-0.07267157733440399,0.4392050802707672
2026_08_18_00_53_23_339528_L3_right_C1,L3,C1,2.0,0.1694548757406934,blue,right,right,left,pick up the blue block,1,pregrasp,16,32,16,0.24242424242424243,0.20915032679738563,7,8,0.3,0.7,8,0.3118821680545807,0.3200198709964752,0.3118821680545807,0.3200198709964752,-0.008137702941894531,0.008137702941894531,0.4035748541355133,-0.07267157733440399,0.4392050802707672
2026_08_18_00_53_23_339528_L3_right_C1,L3,C1,2.0,0.1694548757406934,blue,right,right,left,pick up the blue block,1,pregrasp,16,32,16,0.24242424242424243,0.20915032679738563,8,8,0.3,0.7,8,0.17834535241127014,0.202104851603508,0.17834535241127014,0.202104851603508,-0.023759499192237854,0.023759499192237854,0.4035748541355133,-0.07267157733440399,0.4392050802707672
2026_08_18_00_53_23_339528_L3_right_C1,L3,C1,2.0,0.1694548757406934,blue,right,right,left,pick up the blue block,1,pregrasp,16,32,16,0.24242424242424243,0.20915032679738563,9,8,0.3,0.7,8,0.2770572602748871,0.29931801557540894,0.2770572602748871,0.29931801557540894,-0.02226075530052185,0.02226075530052185,0.4035748541355133,-0.07267157733440399,0.4392050802707672
2026_08_18_00_53_23_339528_L3_right_C1,L3,C1,2.0,0.1694548757406934,blue,right,right,left,pick up the blue block,2,pregrasp,32,48,16,0.36363636363636365,0.3137254901960784,0,8,0.3,0.7,8,0.16292916238307953,0.23572778701782227,0.16292916238307953,0.23572778701782227,-0.07279862463474274,0.07279862463474274,0.4488801956176758,-0.10245123505592346,0.3962406516075134
2026_08_18_00_53_23_339528_L3_right_C1,L3,C1,2.0,0.1694548757406934,blue,right,right,left,pick up the blue block,2,pregrasp,32,48,16,0.36363636363636365,0.3137254901960784,1,8,0.3,0.7,8,0.2179969996213913,0.29136762022972107,0.2179969996213913,0.29136762022972107,-0.07337062060832977,0.07337062060832977,0.4488801956176758,-0.10245123505592346,0.3962406516075134
2026_08_18_00_53_23_339528_L3_right_C1,L3,C1,2.0,0.1694548757406934,blue,right,right,left,pick up the blue block,2,pregrasp,32,48,16,0.36363636363636365,0.3137254901960784,2,8,0.3,0.7,8,0.21137559413909912,0.260821133852005,0.21137559413909912,0.260821133852005,-0.049445539712905884,0.049445539712905884,0.4488801956176758,-0.10245123505592346,0.3962406516075134
2026_08_18_00_53_23_339528_L3_right_C1,L3,C1,2.0,0.1694548757406934,blue,right,right,left,pick up the blue block,2,pregrasp,32,48,16,0.36363636363636365,0.3137254901960784,3,8,0.3,0.7,8,0.206710085272789,0.2551770806312561,0.206710085272789,0.2551770806312561,-0.0484669953584671,0.0484669953584671,0.4488801956176758,-0.10245123505592346,0.3962406516075134
2026_08_18_00_53_23_339528_L3_right_C1,L3,C1,2.0,0.1694548757406934,blue,right,right,left,pick up the blue block,2,pregrasp,32,48,16,0.36363636363636365,0.3137254901960784,4,8,0.3,0.7,8,0.1618715524673462,0.2240537703037262,0.1618715524673462,0.2240537703037262,-0.062182217836380005,0.062182217836380005,0.4488801956176758,-0.10245123505592346,0.3962406516075134
2026_08_18_00_53_23_339528_L3_right_C1,L3,C1,2.0,0.1694548757406934,blue,right,right,left,pick up the blue block,2,pregrasp,32,48,16,0.36363636363636365,0.3137254901960784,5,8,0.3,0.7,8,0.13997630774974823,0.20409446954727173,0.13997630774974823,0.20409446954727173,-0.0641181617975235,0.0641181617975235,0.4488801956176758,-0.10245123505592346,0.3962406516075134
2026_08_18_00_53_23_339528_L3_right_C1,L3,C1,2.0,0.1694548757406934,blue,right,right,left,pick up the blue block,2,pregrasp,32,48,16,0.36363636363636365,0.3137254901960784,6,8,0.3,0.7,8,0.10973039269447327,0.16796992719173431,0.10973039269447327,0.16796992719173431,-0.05823953449726105,0.05823953449726105,0.4488801956176758,-0.10245123505592346,0.3962406516075134
2026_08_18_00_53_23_339528_L3_right_C1,L3,C1,2.0,0.1694548757406934,blue,right,right,left,pick up the blue block,2,pregrasp,32,48,16,0.36363636363636365,0.3137254901960784,7,8,0.3,0.7,8,0.2562197148799896,0.3283144533634186,0.2562197148799896,0.3283144533634186,-0.07209473848342896,0.07209473848342896,0.4488801956176758,-0.10245123505592346,0.3962406516075134
2026_08_18_00_53_23_339528_L3_right_C1,L3,C1,2.0,0.1694548757406934,blue,right,right,left,pick up the blue block,2,pregrasp,32,48,16,0.36363636363636365,0.3137254901960784,8,8,0.3,0.7,8,0.23814675211906433,0.3117605149745941,0.23814675211906433,0.3117605149745941,-0.07361376285552979,0.07361376285552979,0.4488801956176758,-0.10245123505592346,0.3962406516075134
2026_08_18_00_53_23_339528_L3_right_C1,L3,C1,2.0,0.1694548757406934,blue,right,right,left,pick up the blue block,2,pregrasp,32,48,16,0.36363636363636365,0.3137254901960784,9,8,0.3,0.7,8,0.18429426848888397,0.25685247778892517,0.18429426848888397,0.25685247778892517,-0.0725582093000412,0.0725582093000412,0.4488801956176758,-0.10245123505592346,0.3962406516075134
2026_08_18_00_53_23_339528_L3_right_C1,L3,C1,2.0,0.1694548757406934,blue,right,right,left,pick up the blue block,3,pregrasp,48,64,16,0.48484848484848486,0.41830065359477125,0,8,0.3,0.7,8,0.29485997557640076,0.3324816823005676,0.29485997557640076,0.3324816823005676,-0.03762170672416687,0.03762170672416687,0.49823880195617676,-0.11249492317438126,0.3488485515117645
2026_08_18_00_53_23_339528_L3_right_C1,L3,C1,2.0,0.1694548757406934,blue,right,right,left,pick up the blue block,3,pregrasp,48,64,16,0.48484848484848486,0.41830065359477125,1,8,0.3,0.7,8,0.21435734629631042,0.26007863879203796,0.21435734629631042,0.26007863879203796,-0.04572129249572754,0.04572129249572754,0.49823880195617676,-0.11249492317438126,0.3488485515117645
2026_08_18_00_53_23_339528_L3_right_C1,L3,C1,2.0,0.1694548757406934,blue,right,right,left,pick up the blue block,3,pregrasp,48,64,16,0.48484848484848486,0.41830065359477125,2,8,0.3,0.7,8,0.3131648898124695,0.3551821708679199,0.3131648898124695,0.3551821708679199,-0.04201728105545044,0.04201728105545044,0.49823880195617676,-0.11249492317438126,0.3488485515117645
2026_08_18_00_53_23_339528_L3_right_C1,L3,C1,2.0,0.1694548757406934,blue,right,right,left,pick up the blue block,3,pregrasp,48,64,16,0.48484848484848486,0.41830065359477125,3,8,0.3,0.7,8,0.32332417368888855,0.3492594361305237,0.32332417368888855,0.3492594361305237,-0.025935262441635132,0.025935262441635132,0.49823880195617676,-0.11249492317438126,0.3488485515117645
2026_08_18_00_53_23_339528_L3_right_C1,L3,C1,2.0,0.1694548757406934,blue,right,right,left,pick up the blue block,3,pregrasp,48,64,16,0.48484848484848486,0.41830065359477125,4,8,0.3,0.7,8,0.3405795097351074,0.38350173830986023,0.3405795097351074,0.38350173830986023,-0.04292222857475281,0.04292222857475281,0.49823880195617676,-0.11249492317438126,0.3488485515117645
2026_08_18_00_53_23_339528_L3_right_C1,L3,C1,2.0,0.1694548757406934,blue,right,right,left,pick up the blue block,3,pregrasp,48,64,16,0.48484848484848486,0.41830065359477125,5,8,0.3,0.7,8,0.273654967546463,0.287266343832016,0.273654967546463,0.287266343832016,-0.013611376285552979,0.013611376285552979,0.49823880195617676,-0.11249492317438126,0.3488485515117645
2026_08_18_00_53_23_339528_L3_right_C1,L3,C1,2.0,0.1694548757406934,blue,right,right,left,pick up the blue block,3,pregrasp,48,64,16,0.48484848484848486,0.41830065359477125,6,8,0.3,0.7,8,0.25117817521095276,0.28053760528564453,0.25117817521095276,0.28053760528564453,-0.029359430074691772,0.029359430074691772,0.49823880195617676,-0.11249492317438126,0.3488485515117645
2026_08_18_00_53_23_339528_L3_right_C1,L3,C1,2.0,0.1694548757406934,blue,right,right,left,pick up the blue block,3,pregrasp,48,64,16,0.48484848484848486,0.41830065359477125,7,8,0.3,0.7,8,0.17853261530399323,0.20708493888378143,0.17853261530399323,0.20708493888378143,-0.028552323579788208,0.028552323579788208,0.49823880195617676,-0.11249492317438126,0.3488485515117645
2026_08_18_00_53_23_339528_L3_right_C1,L3,C1,2.0,0.1694548757406934,blue,right,right,left,pick up the blue block,3,pregrasp,48,64,16,0.48484848484848486,0.41830065359477125,8,8,0.3,0.7,8,0.1872008740901947,0.24529989063739777,0.1872008740901947,0.24529989063739777,-0.058099016547203064,0.058099016547203064,0.49823880195617676,-0.11249492317438126,0.3488485515117645
2026_08_18_00_53_23_339528_L3_right_C1,L3,C1,2.0,0.1694548757406934,blue,right,right,left,pick up the blue block,3,pregrasp,48,64,16,0.48484848484848486,0.41830065359477125,9,8,0.3,0.7,8,0.310357004404068,0.34859606623649597,0.310357004404068,0.34859606623649597,-0.03823906183242798,0.03823906183242798,0.49823880195617676,-0.11249492317438126,0.3488485515117645
2026_08_18_00_53_23_339528_L3_right_C1,L3,C1,2.0,0.1694548757406934,blue,right,right,left,pick up the blue block,4,pregrasp,64,80,16,0.6060606060606061,0.5228758169934641,0,8,0.3,0.7,8,0.27881816029548645,0.31654298305511475,0.27881816029548645,0.31654298305511475,-0.037724822759628296,0.037724822759628296,0.5478929877281189,-0.10410048812627792,0.3017898201942444
2026_08_18_00_53_23_339528_L3_right_C1,L3,C1,2.0,0.1694548757406934,blue,right,right,left,pick up the blue block,4,pregrasp,64,80,16,0.6060606060606061,0.5228758169934641,1,8,0.3,0.7,8,0.21821992099285126,0.2551189959049225,0.21821992099285126,0.2551189959049225,-0.03689907491207123,0.03689907491207123,0.5478929877281189,-0.10410048812627792,0.3017898201942444
2026_08_18_00_53_23_339528_L3_right_C1,L3,C1,2.0,0.1694548757406934,blue,right,right,left,pick up the blue block,4,pregrasp,64,80,16,0.6060606060606061,0.5228758169934641,2,8,0.3,0.7,8,0.18761005997657776,0.20678921043872833,0.18761005997657776,0.20678921043872833,-0.019179150462150574,0.019179150462150574,0.5478929877281189,-0.10410048812627792,0.3017898201942444
2026_08_18_00_53_23_339528_L3_right_C1,L3,C1,2.0,0.1694548757406934,blue,right,right,left,pick up the blue block,4,pregrasp,64,80,16,0.6060606060606061,0.5228758169934641,3,8,0.3,0.7,8,0.18041186034679413,0.22152487933635712,0.18041186034679413,0.22152487933635712,-0.04111301898956299,0.04111301898956299,0.5478929877281189,-0.10410048812627792,0.3017898201942444
2026_08_18_00_53_23_339528_L3_right_C1,L3,C1,2.0,0.1694548757406934,blue,right,right,left,pick up the blue block,4,pregrasp,64,80,16,0.6060606060606061,0.5228758169934641,4,8,0.3,0.7,8,0.2975008189678192,0.3324841558933258,0.2975008189678192,0.3324841558933258,-0.03498333692550659,0.03498333692550659,0.5478929877281189,-0.10410048812627792,0.3017898201942444
2026_08_18_00_53_23_339528_L3_right_C1,L3,C1,2.0,0.1694548757406934,blue,right,right,left,pick up the blue block,4,pregrasp,64,80,16,0.6060606060606061,0.5228758169934641,5,8,0.3,0.7,8,0.2052856832742691,0.23457154631614685,0.2052856832742691,0.23457154631614685,-0.029285863041877747,0.029285863041877747,0.5478929877281189,-0.10410048812627792,0.3017898201942444
2026_08_18_00_53_23_339528_L3_right_C1,L3,C1,2.0,0.1694548757406934,blue,right,right,left,pick up the blue block,4,pregrasp,64,80,16,0.6060606060606061,0.5228758169934641,6,8,0.3,0.7,8,0.22334983944892883,0.2564963102340698,0.22334983944892883,0.2564963102340698,-0.03314647078514099,0.03314647078514099,0.5478929877281189,-0.10410048812627792,0.3017898201942444
2026_08_18_00_53_23_339528_L3_right_C1,L3,C1,2.0,0.1694548757406934,blue,right,right,left,pick up the blue block,4,pregrasp,64,80,16,0.6060606060606061,0.5228758169934641,7,8,0.3,0.7,8,0.23036503791809082,0.2669016122817993,0.23036503791809082,0.2669016122817993,-0.036536574363708496,0.036536574363708496,0.5478929877281189,-0.10410048812627792,0.3017898201942444
2026_08_18_00_53_23_339528_L3_right_C1,L3,C1,2.0,0.1694548757406934,blue,right,right,left,pick up the blue block,4,pregrasp,64,80,16,0.6060606060606061,0.5228758169934641,8,8,0.3,0.7,8,0.19680824875831604,0.21583980321884155,0.19680824875831604,0.21583980321884155,-0.019031554460525513,0.019031554460525513,0.5478929877281189,-0.10410048812627792,0.3017898201942444
2026_08_18_00_53_23_339528_L3_right_C1,L3,C1,2.0,0.1694548757406934,blue,right,right,left,pick up the blue block,4,pregrasp,64,80,16,0.6060606060606061,0.5228758169934641,9,8,0.3,0.7,8,0.21690085530281067,0.2585759162902832,0.21690085530281067,0.2585759162902832,-0.041675060987472534,0.041675060987472534,0.5478929877281189,-0.10410048812627792,0.3017898201942444
2026_08_18_00_53_23_339528_L3_right_C1,L3,C1,2.0,0.1694548757406934,blue,right,right,left,pick up the blue block,5,pregrasp,80,96,16,0.7272727272727273,0.6274509803921569,0,8,0.3,0.7,8,0.20664533972740173,0.2450295388698578,0.20664533972740173,0.2450295388698578,-0.038384199142456055,0.038384199142456055,0.5967876315116882,-0.08384949713945389,0.25564685463905334
2026_08_18_00_53_23_339528_L3_right_C1,L3,C1,2.0,0.1694548757406934,blue,right,right,left,pick up the blue block,5,pregrasp,80,96,16,0.7272727272727273,0.6274509803921569,1,8,0.3,0.7,8,0.1702783703804016,0.20913007855415344,0.1702783703804016,0.20913007855415344,-0.03885170817375183,0.03885170817375183,0.5967876315116882,-0.08384949713945389,0.25564685463905334
2026_08_18_00_53_23_339528_L3_right_C1,L3,C1,2.0,0.1694548757406934,blue,right,right,left,pick up the blue block,5,pregrasp,80,96,16,0.7272727272727273,0.6274509803921569,2,8,0.3,0.7,8,0.29364216327667236,0.34169214963912964,0.29364216327667236,0.34169214963912964,-0.048049986362457275,0.048049986362457275,0.5967876315116882,-0.08384949713945389,0.25564685463905334
2026_08_18_00_53_23_339528_L3_right_C1,L3,C1,2.0,0.1694548757406934,blue,right,right,left,pick up the blue block,5,pregrasp,80,96,16,0.7272727272727273,0.6274509803921569,3,8,0.3,0.7,8,0.31325265765190125,0.3684978783130646,0.31325265765190125,0.3684978783130646,-0.05524522066116333,0.05524522066116333,0.5967876315116882,-0.08384949713945389,0.25564685463905334
2026_08_18_00_53_23_339528_L3_right_C1,L3,C1,2.0,0.1694548757406934,blue,right,right,left,pick up the blue block,5,pregrasp,80,96,16,0.7272727272727273,0.6274509803921569,4,8,0.3,0.7,8,0.14202061295509338,0.1866898536682129,0.14202061295509338,0.1866898536682129,-0.04466924071311951,0.04466924071311951,0.5967876315116882,-0.08384949713945389,0.25564685463905334
2026_08_18_00_53_23_339528_L3_right_C1,L3,C1,2.0,0.1694548757406934,blue,right,right,left,pick up the blue block,5,pregrasp,80,96,16,0.7272727272727273,0.6274509803921569,5,8,0.3,0.7,8,0.22939816117286682,0.2795040011405945,0.22939816117286682,0.2795040011405945,-0.05010583996772766,0.05010583996772766,0.5967876315116882,-0.08384949713945389,0.25564685463905334
2026_08_18_00_53_23_339528_L3_right_C1,L3,C1,2.0,0.1694548757406934,blue,right,right,left,pick up the blue block,5,pregrasp,80,96,16,0.7272727272727273,0.6274509803921569,6,8,0.3,0.7,8,0.21101519465446472,0.2585006356239319,0.21101519465446472,0.2585006356239319,-0.04748544096946716,0.04748544096946716,0.5967876315116882,-0.08384949713945389,0.25564685463905334
2026_08_18_00_53_23_339528_L3_right_C1,L3,C1,2.0,0.1694548757406934,blue,right,right,left,pick up the blue block,5,pregrasp,80,96,16,0.7272727272727273,0.6274509803921569,7,8,0.3,0.7,8,0.1351289600133896,0.17688517272472382,0.1351289600133896,0.17688517272472382,-0.04175621271133423,0.04175621271133423,0.5967876315116882,-0.08384949713945389,0.25564685463905334
2026_08_18_00_53_23_339528_L3_right_C1,L3,C1,2.0,0.1694548757406934,blue,right,right,left,pick up the blue block,5,pregrasp,80,96,16,0.7272727272727273,0.6274509803921569,8,8,0.3,0.7,8,0.17979967594146729,0.22494791448116302,0.17979967594146729,0.22494791448116302,-0.04514823853969574,0.04514823853969574,0.5967876315116882,-0.08384949713945389,0.25564685463905334
2026_08_18_00_53_23_339528_L3_right_C1,L3,C1,2.0,0.1694548757406934,blue,right,right,left,pick up the blue block,5,pregrasp,80,96,16,0.7272727272727273,0.6274509803921569,9,8,0.3,0.7,8,0.12436921149492264,0.1665690839290619,0.12436921149492264,0.1665690839290619,-0.04219987243413925,0.04219987243413925,0.5967876315116882,-0.08384949713945389,0.25564685463905334
2026_08_18_00_53_23_339528_L3_right_C1,L3,C1,2.0,0.1694548757406934,blue,right,right,left,pick up the blue block,6,pregrasp,96,112,16,0.8484848484848485,0.7320261437908496,0,8,0.3,0.7,8,0.27124056220054626,0.29884251952171326,0.27124056220054626,0.29884251952171326,-0.027601957321166992,0.027601957321166992,0.6437889337539673,-0.058531664311885834,0.21086159348487854
2026_08_18_00_53_23_339528_L3_right_C1,L3,C1,2.0,0.1694548757406934,blue,right,right,left,pick up the blue block,6,pregrasp,96,112,16,0.8484848484848485,0.7320261437908496,1,8,0.3,0.7,8,0.2584753632545471,0.28949466347694397,0.2584753632545471,0.28949466347694397,-0.03101930022239685,0.03101930022239685,0.6437889337539673,-0.058531664311885834,0.21086159348487854
2026_08_18_00_53_23_339528_L3_right_C1,L3,C1,2.0,0.1694548757406934,blue,right,right,left,pick up the blue block,6,pregrasp,96,112,16,0.8484848484848485,0.7320261437908496,2,8,0.3,0.7,8,0.18327586352825165,0.20489901304244995,0.18327586352825165,0.20489901304244995,-0.021623149514198303,0.021623149514198303,0.6437889337539673,-0.058531664311885834,0.21086159348487854
2026_08_18_00_53_23_339528_L3_right_C1,L3,C1,2.0,0.1694548757406934,blue,right,right,left,pick up the blue block,6,pregrasp,96,112,16,0.8484848484848485,0.7320261437908496,3,8,0.3,0.7,8,0.19382649660110474,0.2205675095319748,0.19382649660110474,0.2205675095319748,-0.026741012930870056,0.026741012930870056,0.6437889337539673,-0.058531664311885834,0.21086159348487854
2026_08_18_00_53_23_339528_L3_right_C1,L3,C1,2.0,0.1694548757406934,blue,right,right,left,pick up the blue block,6,pregrasp,96,112,16,0.8484848484848485,0.7320261437908496,4,8,0.3,0.7,8,0.2608191967010498,0.2926972508430481,0.2608191967010498,0.2926972508430481,-0.03187805414199829,0.03187805414199829,0.6437889337539673,-0.058531664311885834,0.21086159348487854
2026_08_18_00_53_23_339528_L3_right_C1,L3,C1,2.0,0.1694548757406934,blue,right,right,left,pick up the blue block,6,pregrasp,96,112,16,0.8484848484848485,0.7320261437908496,5,8,0.3,0.7,8,0.21121825277805328,0.23433856666088104,0.21121825277805328,0.23433856666088104,-0.02312031388282776,0.02312031388282776,0.6437889337539673,-0.058531664311885834,0.21086159348487854
2026_08_18_00_53_23_339528_L3_right_C1,L3,C1,2.0,0.1694548757406934,blue,right,right,left,pick up the blue block,6,pregrasp,96,112,16,0.8484848484848485,0.7320261437908496,6,8,0.3,0.7,8,0.2535930573940277,0.2837047576904297,0.2535930573940277,0.2837047576904297,-0.030111700296401978,0.030111700296401978,0.6437889337539673,-0.058531664311885834,0.21086159348487854
2026_08_18_00_53_23_339528_L3_right_C1,L3,C1,2.0,0.1694548757406934,blue,right,right,left,pick up the blue block,6,pregrasp,96,112,16,0.8484848484848485,0.7320261437908496,7,8,0.3,0.7,8,0.19388899207115173,0.21884311735630035,0.19388899207115173,0.21884311735630035,-0.02495412528514862,0.02495412528514862,0.6437889337539673,-0.058531664311885834,0.21086159348487854
2026_08_18_00_53_23_339528_L3_right_C1,L3,C1,2.0,0.1694548757406934,blue,right,right,left,pick up the blue block,6,pregrasp,96,112,16,0.8484848484848485,0.7320261437908496,8,8,0.3,0.7,8,0.29393431544303894,0.3254396617412567,0.29393431544303894,0.3254396617412567,-0.03150534629821777,0.03150534629821777,0.6437889337539673,-0.058531664311885834,0.21086159348487854
2026_08_18_00_53_23_339528_L3_right_C1,L3,C1,2.0,0.1694548757406934,blue,right,right,left,pick up the blue block,6,pregrasp,96,112,16,0.8484848484848485,0.7320261437908496,9,8,0.3,0.7,8,0.1477551907300949,0.17267581820487976,0.1477551907300949,0.17267581820487976,-0.02492062747478485,0.02492062747478485,0.6437889337539673,-0.058531664311885834,0.21086159348487854
2026_08_18_00_53_23_339528_L3_right_C1,L3,C1,2.0,0.1694548757406934,blue,right,right,left,pick up the blue block,7,pregrasp,112,128,16,0.9696969696969697,0.8366013071895425,0,8,0.3,0.7,8,0.20300932228565216,0.223811537027359,0.20300932228565216,0.223811537027359,-0.020802214741706848,0.020802214741706848,0.6667429208755493,-0.04603579267859459,0.18955957889556885
2026_08_18_00_53_23_339528_L3_right_C1,L3,C1,2.0,0.1694548757406934,blue,right,right,left,pick up the blue block,7,pregrasp,112,128,16,0.9696969696969697,0.8366013071895425,1,8,0.3,0.7,8,0.2423655092716217,0.2558582127094269,0.2423655092716217,0.2558582127094269,-0.013492703437805176,0.013492703437805176,0.6667429208755493,-0.04603579267859459,0.18955957889556885
2026_08_18_00_53_23_339528_L3_right_C1,L3,C1,2.0,0.1694548757406934,blue,right,right,left,pick up the blue block,7,pregrasp,112,128,16,0.9696969696969697,0.8366013071895425,2,8,0.3,0.7,8,0.24495498836040497,0.25896477699279785,0.24495498836040497,0.25896477699279785,-0.014009788632392883,0.014009788632392883,0.6667429208755493,-0.04603579267859459,0.18955957889556885
2026_08_18_00_53_23_339528_L3_right_C1,L3,C1,2.0,0.1694548757406934,blue,right,right,left,pick up the blue block,7,pregrasp,112,128,16,0.9696969696969697,0.8366013071895425,3,8,0.3,0.7,8,0.11138829588890076,0.1300378143787384,0.11138829588890076,0.1300378143787384,-0.018649518489837646,0.018649518489837646,0.6667429208755493,-0.04603579267859459,0.18955957889556885
2026_08_18_00_53_23_339528_L3_right_C1,L3,C1,2.0,0.1694548757406934,blue,right,right,left,pick up the blue block,7,pregrasp,112,128,16,0.9696969696969697,0.8366013071895425,4,8,0.3,0.7,8,0.16349375247955322,0.18501394987106323,0.16349375247955322,0.18501394987106323,-0.02152019739151001,0.02152019739151001,0.6667429208755493,-0.04603579267859459,0.18955957889556885
2026_08_18_00_53_23_339528_L3_right_C1,L3,C1,2.0,0.1694548757406934,blue,right,right,left,pick up the blue block,7,pregrasp,112,128,16,0.9696969696969697,0.8366013071895425,5,8,0.3,0.7,8,0.1650262475013733,0.18848781287670135,0.1650262475013733,0.18848781287670135,-0.023461565375328064,0.023461565375328064,0.6667429208755493,-0.04603579267859459,0.18955957889556885
2026_08_18_00_53_23_339528_L3_right_C1,L3,C1,2.0,0.1694548757406934,blue,right,right,left,pick up the blue block,7,pregrasp,112,128,16,0.9696969696969697,0.8366013071895425,6,8,0.3,0.7,8,0.2049739956855774,0.2191769927740097,0.2049739956855774,0.2191769927740097,-0.014202997088432312,0.014202997088432312,0.6667429208755493,-0.04603579267859459,0.18955957889556885
2026_08_18_00_53_23_339528_L3_right_C1,L3,C1,2.0,0.1694548757406934,blue,right,right,left,pick up the blue block,7,pregrasp,112,128,16,0.9696969696969697,0.8366013071895425,7,8,0.3,0.7,8,0.183141827583313,0.21363888680934906,0.183141827583313,0.21363888680934906,-0.030497059226036072,0.030497059226036072,0.6667429208755493,-0.04603579267859459,0.18955957889556885
2026_08_18_00_53_23_339528_L3_right_C1,L3,C1,2.0,0.1694548757406934,blue,right,right,left,pick up the blue block,7,pregrasp,112,128,16,0.9696969696969697,0.8366013071895425,8,8,0.3,0.7,8,0.16381072998046875,0.1856400966644287,0.16381072998046875,0.1856400966644287,-0.02182936668395996,0.02182936668395996,0.6667429208755493,-0.04603579267859459,0.18955957889556885
2026_08_18_00_53_23_339528_L3_right_C1,L3,C1,2.0,0.1694548757406934,blue,right,right,left,pick up the blue block,7,pregrasp,112,128,16,0.9696969696969697,0.8366013071895425,9,8,0.3,0.7,8,0.15676388144493103,0.17674794793128967,0.15676388144493103,0.17674794793128967,-0.019984066486358643,0.019984066486358643,0.6667429208755493,-0.04603579267859459,0.18955957889556885
2026_08_18_00_53_23_339528_L3_right_C1,L3,C1,2.0,0.1694548757406934,blue,right,right,left,pick up the blue block,8,pregrasp,128,132,4,1.0,0.8627450980392157,0,8,0.3,0.7,8,0.34687286615371704,0.36585384607315063,0.34687286615371704,0.36585384607315063,-0.018980979919433594,0.018980979919433594,0.6667590141296387,-0.046031128615140915,0.18956328928470612
2026_08_18_00_53_23_339528_L3_right_C1,L3,C1,2.0,0.1694548757406934,blue,right,right,left,pick up the blue block,8,pregrasp,128,132,4,1.0,0.8627450980392157,1,8,0.3,0.7,8,0.2819974720478058,0.30256837606430054,0.2819974720478058,0.30256837606430054,-0.02057090401649475,0.02057090401649475,0.6667590141296387,-0.046031128615140915,0.18956328928470612
2026_08_18_00_53_23_339528_L3_right_C1,L3,C1,2.0,0.1694548757406934,blue,right,right,left,pick up the blue block,8,pregrasp,128,132,4,1.0,0.8627450980392157,2,8,0.3,0.7,8,0.16417957842350006,0.18724021315574646,0.16417957842350006,0.18724021315574646,-0.0230606347322464,0.0230606347322464,0.6667590141296387,-0.046031128615140915,0.18956328928470612
2026_08_18_00_53_23_339528_L3_right_C1,L3,C1,2.0,0.1694548757406934,blue,right,right,left,pick up the blue block,8,pregrasp,128,132,4,1.0,0.8627450980392157,3,8,0.3,0.7,8,0.22639472782611847,0.25683605670928955,0.22639472782611847,0.25683605670928955,-0.03044132888317108,0.03044132888317108,0.6667590141296387,-0.046031128615140915,0.18956328928470612
2026_08_18_00_53_23_339528_L3_right_C1,L3,C1,2.0,0.1694548757406934,blue,right,right,left,pick up the blue block,8,pregrasp,128,132,4,1.0,0.8627450980392157,4,8,0.3,0.7,8,0.33129993081092834,0.35368186235427856,0.33129993081092834,0.35368186235427856,-0.02238193154335022,0.02238193154335022,0.6667590141296387,-0.046031128615140915,0.18956328928470612
2026_08_18_00_53_23_339528_L3_right_C1,L3,C1,2.0,0.1694548757406934,blue,right,right,left,pick up the blue block,8,pregrasp,128,132,4,1.0,0.8627450980392157,5,8,0.3,0.7,8,0.2203313261270523,0.2369099259376526,0.2203313261270523,0.2369099259376526,-0.01657859981060028,0.01657859981060028,0.6667590141296387,-0.046031128615140915,0.18956328928470612
2026_08_18_00_53_23_339528_L3_right_C1,L3,C1,2.0,0.1694548757406934,blue,right,right,left,pick up the blue block,8,pregrasp,128,132,4,1.0,0.8627450980392157,6,8,0.3,0.7,8,0.3692963719367981,0.3907511830329895,0.3692963719367981,0.3907511830329895,-0.021454811096191406,0.021454811096191406,0.6667590141296387,-0.046031128615140915,0.18956328928470612
2026_08_18_00_53_23_339528_L3_right_C1,L3,C1,2.0,0.1694548757406934,blue,right,right,left,pick up the blue block,8,pregrasp,128,132,4,1.0,0.8627450980392157,7,8,0.3,0.7,8,0.38621920347213745,0.40318864583969116,0.38621920347213745,0.40318864583969116,-0.01696944236755371,0.01696944236755371,0.6667590141296387,-0.046031128615140915,0.18956328928470612
2026_08_18_00_53_23_339528_L3_right_C1,L3,C1,2.0,0.1694548757406934,blue,right,right,left,pick up the blue block,8,pregrasp,128,132,4,1.0,0.8627450980392157,8,8,0.3,0.7,8,0.2945871353149414,0.317202091217041,0.2945871353149414,0.317202091217041,-0.02261495590209961,0.02261495590209961,0.6667590141296387,-0.046031128615140915,0.18956328928470612
2026_08_18_00_53_23_339528_L3_right_C1,L3,C1,2.0,0.1694548757406934,blue,right,right,left,pick up the blue block,8,pregrasp,128,132,4,1.0,0.8627450980392157,9,8,0.3,0.7,8,0.32163748145103455,0.3486608862876892,0.32163748145103455,0.3486608862876892,-0.027023404836654663,0.027023404836654663,0.6667590141296387,-0.046031128615140915,0.18956328928470612
2026_08_18_00_53_23_339528_L3_right_C1,L3,C1,2.0,0.1694548757406934,blue,right,right,left,pick up the blue block,9,postgrasp,132,148,16,1.0,0.9673202614379085,0,8,0.3,0.7,8,0.4266055226325989,0.38833436369895935,0.4266055226325989,0.38833436369895935,0.038271158933639526,-0.038271158933639526,0.6671655178070068,-0.046028316020965576,0.1899612843990326
2026_08_18_00_53_23_339528_L3_right_C1,L3,C1,2.0,0.1694548757406934,blue,right,right,left,pick up the blue block,9,postgrasp,132,148,16,1.0,0.9673202614379085,1,8,0.3,0.7,8,0.37548840045928955,0.3382626473903656,0.37548840045928955,0.3382626473903656,0.03722575306892395,-0.03722575306892395,0.6671655178070068,-0.046028316020965576,0.1899612843990326
2026_08_18_00_53_23_339528_L3_right_C1,L3,C1,2.0,0.1694548757406934,blue,right,right,left,pick up the blue block,9,postgrasp,132,148,16,1.0,0.9673202614379085,2,8,0.3,0.7,8,0.38495370745658875,0.35320955514907837,0.38495370745658875,0.35320955514907837,0.031744152307510376,-0.031744152307510376,0.6671655178070068,-0.046028316020965576,0.1899612843990326
2026_08_18_00_53_23_339528_L3_right_C1,L3,C1,2.0,0.1694548757406934,blue,right,right,left,pick up the blue block,9,postgrasp,132,148,16,1.0,0.9673202614379085,3,8,0.3,0.7,8,0.40170902013778687,0.360893189907074,0.40170902013778687,0.360893189907074,0.04081583023071289,-0.04081583023071289,0.6671655178070068,-0.046028316020965576,0.1899612843990326
2026_08_18_00_53_23_339528_L3_right_C1,L3,C1,2.0,0.1694548757406934,blue,right,right,left,pick up the blue block,9,postgrasp,132,148,16,1.0,0.9673202614379085,4,8,0.3,0.7,8,0.42653441429138184,0.3924207389354706,0.42653441429138184,0.3924207389354706,0.034113675355911255,-0.034113675355911255,0.6671655178070068,-0.046028316020965576,0.1899612843990326
2026_08_18_00_53_23_339528_L3_right_C1,L3,C1,2.0,0.1694548757406934,blue,right,right,left,pick up the blue block,9,postgrasp,132,148,16,1.0,0.9673202614379085,5,8,0.3,0.7,8,0.3783392608165741,0.3376758396625519,0.3783392608165741,0.3376758396625519,0.04066342115402222,-0.04066342115402222,0.6671655178070068,-0.046028316020965576,0.1899612843990326
2026_08_18_00_53_23_339528_L3_right_C1,L3,C1,2.0,0.1694548757406934,blue,right,right,left,pick up the blue block,9,postgrasp,132,148,16,1.0,0.9673202614379085,6,8,0.3,0.7,8,0.4297625422477722,0.3732745945453644,0.4297625422477722,0.3732745945453644,0.05648794770240784,-0.05648794770240784,0.6671655178070068,-0.046028316020965576,0.1899612843990326
2026_08_18_00_53_23_339528_L3_right_C1,L3,C1,2.0,0.1694548757406934,blue,right,right,left,pick up the blue block,9,postgrasp,132,148,16,1.0,0.9673202614379085,7,8,0.3,0.7,8,0.3710019290447235,0.34281355142593384,0.3710019290447235,0.34281355142593384,0.028188377618789673,-0.028188377618789673,0.6671655178070068,-0.046028316020965576,0.1899612843990326
2026_08_18_00_53_23_339528_L3_right_C1,L3,C1,2.0,0.1694548757406934,blue,right,right,left,pick up the blue block,9,postgrasp,132,148,16,1.0,0.9673202614379085,8,8,0.3,0.7,8,0.4562884271144867,0.41446927189826965,0.4562884271144867,0.41446927189826965,0.04181915521621704,-0.04181915521621704,0.6671655178070068,-0.046028316020965576,0.1899612843990326
2026_08_18_00_53_23_339528_L3_right_C1,L3,C1,2.0,0.1694548757406934,blue,right,right,left,pick up the blue block,9,postgrasp,132,148,16,1.0,0.9673202614379085,9,8,0.3,0.7,8,0.38662368059158325,0.3598956763744354,0.38662368059158325,0.3598956763744354,0.026728004217147827,-0.026728004217147827,0.6671655178070068,-0.046028316020965576,0.1899612843990326
2026_08_18_00_53_23_339528_L3_right_C1,L3,C1,2.0,0.1694548757406934,blue,right,right,left,pick up the blue block,10,postgrasp,148,153,5,1.0,1.0,0,8,0.3,0.7,8,0.31690073013305664,0.32880324125289917,0.31690073013305664,0.32880324125289917,-0.01190251111984253,0.01190251111984253,0.6671663522720337,-0.046025536954402924,0.1899595856666565
2026_08_18_00_53_23_339528_L3_right_C1,L3,C1,2.0,0.1694548757406934,blue,right,right,left,pick up the blue block,10,postgrasp,148,153,5,1.0,1.0,1,8,0.3,0.7,8,0.25240880250930786,0.26581427454948425,0.25240880250930786,0.26581427454948425,-0.013405472040176392,0.013405472040176392,0.6671663522720337,-0.046025536954402924,0.1899595856666565
2026_08_18_00_53_23_339528_L3_right_C1,L3,C1,2.0,0.1694548757406934,blue,right,right,left,pick up the blue block,10,postgrasp,148,153,5,1.0,1.0,2,8,0.3,0.7,8,0.2562304437160492,0.2677932381629944,0.2562304437160492,0.2677932381629944,-0.01156279444694519,0.01156279444694519,0.6671663522720337,-0.046025536954402924,0.1899595856666565
2026_08_18_00_53_23_339528_L3_right_C1,L3,C1,2.0,0.1694548757406934,blue,right,right,left,pick up the blue block,10,postgrasp,148,153,5,1.0,1.0,3,8,0.3,0.7,8,0.3147844076156616,0.3280579149723053,0.3147844076156616,0.3280579149723053,-0.013273507356643677,0.013273507356643677,0.6671663522720337,-0.046025536954402924,0.1899595856666565
2026_08_18_00_53_23_339528_L3_right_C1,L3,C1,2.0,0.1694548757406934,blue,right,right,left,pick up the blue block,10,postgrasp,148,153,5,1.0,1.0,4,8,0.3,0.7,8,0.3146393299102783,0.32773539423942566,0.3146393299102783,0.32773539423942566,-0.013096064329147339,0.013096064329147339,0.6671663522720337,-0.046025536954402924,0.1899595856666565
2026_08_18_00_53_23_339528_L3_right_C1,L3,C1,2.0,0.1694548757406934,blue,right,right,left,pick up the blue block,10,postgrasp,148,153,5,1.0,1.0,5,8,0.3,0.7,8,0.22964321076869965,0.23497019708156586,0.22964321076869965,0.23497019708156586,-0.005326986312866211,0.005326986312866211,0.6671663522720337,-0.046025536954402924,0.1899595856666565
2026_08_18_00_53_23_339528_L3_right_C1,L3,C1,2.0,0.1694548757406934,blue,right,right,left,pick up the blue block,10,postgrasp,148,153,5,1.0,1.0,6,8,0.3,0.7,8,0.21924374997615814,0.21956098079681396,0.21924374997615814,0.21956098079681396,-0.00031723082065582275,0.00031723082065582275,0.6671663522720337,-0.046025536954402924,0.1899595856666565
2026_08_18_00_53_23_339528_L3_right_C1,L3,C1,2.0,0.1694548757406934,blue,right,right,left,pick up the blue block,10,postgrasp,148,153,5,1.0,1.0,7,8,0.3,0.7,8,0.21236638724803925,0.19211287796497345,0.21236638724803925,0.19211287796497345,0.020253509283065796,-0.020253509283065796,0.6671663522720337,-0.046025536954402924,0.1899595856666565
2026_08_18_00_53_23_339528_L3_right_C1,L3,C1,2.0,0.1694548757406934,blue,right,right,left,pick up the blue block,10,postgrasp,148,153,5,1.0,1.0,8,8,0.3,0.7,8,0.27354171872138977,0.2868862450122833,0.27354171872138977,0.2868862450122833,-0.013344526290893555,0.013344526290893555,0.6671663522720337,-0.046025536954402924,0.1899595856666565
2026_08_18_00_53_23_339528_L3_right_C1,L3,C1,2.0,0.1694548757406934,blue,right,right,left,pick up the blue block,10,postgrasp,148,153,5,1.0,1.0,9,8,0.3,0.7,8,0.2176620364189148,0.21223391592502594,0.2176620364189148,0.21223391592502594,0.005428120493888855,-0.005428120493888855,0.6671663522720337,-0.046025536954402924,0.1899595856666565
2026_08_18_00_53_52_283658_L3_right_C2,L3,C2,4.0,0.3389097514813868,blue,right,right,left,pick up the blue block,0,pregrasp,0,16,16,0.10062893081761007,0.08888888888888889,0,8,0.3,0.7,8,0.3589499890804291,0.2692974805831909,0.3589499890804291,0.2692974805831909,0.08965250849723816,-0.08965250849723816,0.3686823546886444,-0.02927859127521515,0.48457416892051697
2026_08_18_00_53_52_283658_L3_right_C2,L3,C2,4.0,0.3389097514813868,blue,right,right,left,pick up the blue block,0,pregrasp,0,16,16,0.10062893081761007,0.08888888888888889,1,8,0.3,0.7,8,0.41349685192108154,0.321916788816452,0.41349685192108154,0.321916788816452,0.09158006310462952,-0.09158006310462952,0.3686823546886444,-0.02927859127521515,0.48457416892051697
2026_08_18_00_53_52_283658_L3_right_C2,L3,C2,4.0,0.3389097514813868,blue,right,right,left,pick up the blue block,0,pregrasp,0,16,16,0.10062893081761007,0.08888888888888889,2,8,0.3,0.7,8,0.43126019835472107,0.30977216362953186,0.43126019835472107,0.30977216362953186,0.12148803472518921,-0.12148803472518921,0.3686823546886444,-0.02927859127521515,0.48457416892051697
2026_08_18_00_53_52_283658_L3_right_C2,L3,C2,4.0,0.3389097514813868,blue,right,right,left,pick up the blue block,0,pregrasp,0,16,16,0.10062893081761007,0.08888888888888889,3,8,0.3,0.7,8,0.43225499987602234,0.3341186046600342,0.43225499987602234,0.3341186046600342,0.09813639521598816,-0.09813639521598816,0.3686823546886444,-0.02927859127521515,0.48457416892051697
2026_08_18_00_53_52_283658_L3_right_C2,L3,C2,4.0,0.3389097514813868,blue,right,right,left,pick up the blue block,0,pregrasp,0,16,16,0.10062893081761007,0.08888888888888889,4,8,0.3,0.7,8,0.4127825200557709,0.27133211493492126,0.4127825200557709,0.27133211493492126,0.1414504051208496,-0.1414504051208496,0.3686823546886444,-0.02927859127521515,0.48457416892051697
2026_08_18_00_53_52_283658_L3_right_C2,L3,C2,4.0,0.3389097514813868,blue,right,right,left,pick up the blue block,0,pregrasp,0,16,16,0.10062893081761007,0.08888888888888889,5,8,0.3,0.7,8,0.43400198221206665,0.318243145942688,0.43400198221206665,0.318243145942688,0.11575883626937866,-0.11575883626937866,0.3686823546886444,-0.02927859127521515,0.48457416892051697
2026_08_18_00_53_52_283658_L3_right_C2,L3,C2,4.0,0.3389097514813868,blue,right,right,left,pick up the blue block,0,pregrasp,0,16,16,0.10062893081761007,0.08888888888888889,6,8,0.3,0.7,8,0.4446467161178589,0.33394375443458557,0.4446467161178589,0.33394375443458557,0.11070296168327332,-0.11070296168327332,0.3686823546886444,-0.02927859127521515,0.48457416892051697
2026_08_18_00_53_52_283658_L3_right_C2,L3,C2,4.0,0.3389097514813868,blue,right,right,left,pick up the blue block,0,pregrasp,0,16,16,0.10062893081761007,0.08888888888888889,7,8,0.3,0.7,8,0.47796431183815,0.3810352385044098,0.47796431183815,0.3810352385044098,0.09692907333374023,-0.09692907333374023,0.3686823546886444,-0.02927859127521515,0.48457416892051697
2026_08_18_00_53_52_283658_L3_right_C2,L3,C2,4.0,0.3389097514813868,blue,right,right,left,pick up the blue block,0,pregrasp,0,16,16,0.10062893081761007,0.08888888888888889,8,8,0.3,0.7,8,0.43200695514678955,0.30810803174972534,0.43200695514678955,0.30810803174972534,0.12389892339706421,-0.12389892339706421,0.3686823546886444,-0.02927859127521515,0.48457416892051697
2026_08_18_00_53_52_283658_L3_right_C2,L3,C2,4.0,0.3389097514813868,blue,right,right,left,pick up the blue block,0,pregrasp,0,16,16,0.10062893081761007,0.08888888888888889,9,8,0.3,0.7,8,0.48952850699424744,0.38491958379745483,0.48952850699424744,0.38491958379745483,0.1046089231967926,-0.1046089231967926,0.3686823546886444,-0.02927859127521515,0.48457416892051697
2026_08_18_00_53_52_283658_L3_right_C2,L3,C2,4.0,0.3389097514813868,blue,right,right,left,pick up the blue block,1,pregrasp,16,32,16,0.20125786163522014,0.17777777777777778,0,8,0.3,0.7,8,0.3990802466869354,0.3947056531906128,0.3990802466869354,0.3947056531906128,0.004374593496322632,-0.004374593496322632,0.38226452469825745,-0.09243295341730118,0.46030721068382263
2026_08_18_00_53_52_283658_L3_right_C2,L3,C2,4.0,0.3389097514813868,blue,right,right,left,pick up the blue block,1,pregrasp,16,32,16,0.20125786163522014,0.17777777777777778,1,8,0.3,0.7,8,0.3065851926803589,0.2929394543170929,0.3065851926803589,0.2929394543170929,0.013645738363265991,-0.013645738363265991,0.38226452469825745,-0.09243295341730118,0.46030721068382263
2026_08_18_00_53_52_283658_L3_right_C2,L3,C2,4.0,0.3389097514813868,blue,right,right,left,pick up the blue block,1,pregrasp,16,32,16,0.20125786163522014,0.17777777777777778,2,8,0.3,0.7,8,0.23456335067749023,0.23091527819633484,0.23456335067749023,0.23091527819633484,0.0036480724811553955,-0.0036480724811553955,0.38226452469825745,-0.09243295341730118,0.46030721068382263
2026_08_18_00_53_52_283658_L3_right_C2,L3,C2,4.0,0.3389097514813868,blue,right,right,left,pick up the blue block,1,pregrasp,16,32,16,0.20125786163522014,0.17777777777777778,3,8,0.3,0.7,8,0.22007261216640472,0.19508583843708038,0.22007261216640472,0.19508583843708038,0.02498677372932434,-0.02498677372932434,0.38226452469825745,-0.09243295341730118,0.46030721068382263
2026_08_18_00_53_52_283658_L3_right_C2,L3,C2,4.0,0.3389097514813868,blue,right,right,left,pick up the blue block,1,pregrasp,16,32,16,0.20125786163522014,0.17777777777777778,4,8,0.3,0.7,8,0.24261976778507233,0.2364220917224884,0.24261976778507233,0.2364220917224884,0.006197676062583923,-0.006197676062583923,0.38226452469825745,-0.09243295341730118,0.46030721068382263
2026_08_18_00_53_52_283658_L3_right_C2,L3,C2,4.0,0.3389097514813868,blue,right,right,left,pick up the blue block,1,pregrasp,16,32,16,0.20125786163522014,0.17777777777777778,5,8,0.3,0.7,8,0.3024672865867615,0.29110977053642273,0.3024672865867615,0.29110977053642273,0.011357516050338745,-0.011357516050338745,0.38226452469825745,-0.09243295341730118,0.46030721068382263
2026_08_18_00_53_52_283658_L3_right_C2,L3,C2,4.0,0.3389097514813868,blue,right,right,left,pick up the blue block,1,pregrasp,16,32,16,0.20125786163522014,0.17777777777777778,6,8,0.3,0.7,8,0.30218517780303955,0.28030169010162354,0.30218517780303955,0.28030169010162354,0.021883487701416016,-0.021883487701416016,0.38226452469825745,-0.09243295341730118,0.46030721068382263
2026_08_18_00_53_52_283658_L3_right_C2,L3,C2,4.0,0.3389097514813868,blue,right,right,left,pick up the blue block,1,pregrasp,16,32,16,0.20125786163522014,0.17777777777777778,7,8,0.3,0.7,8,0.2759796380996704,0.252935528755188,0.2759796380996704,0.252935528755188,0.023044109344482422,-0.023044109344482422,0.38226452469825745,-0.09243295341730118,0.46030721068382263
2026_08_18_00_53_52_283658_L3_right_C2,L3,C2,4.0,0.3389097514813868,blue,right,right,left,pick up the blue block,1,pregrasp,16,32,16,0.20125786163522014,0.17777777777777778,8,8,0.3,0.7,8,0.3089578449726105,0.3096058666706085,0.3089578449726105,0.3096058666706085,-0.0006480216979980469,0.0006480216979980469,0.38226452469825745,-0.09243295341730118,0.46030721068382263
2026_08_18_00_53_52_283658_L3_right_C2,L3,C2,4.0,0.3389097514813868,blue,right,right,left,pick up the blue block,1,pregrasp,16,32,16,0.20125786163522014,0.17777777777777778,9,8,0.3,0.7,8,0.2870372533798218,0.28085756301879883,0.2870372533798218,0.28085756301879883,0.006179690361022949,-0.006179690361022949,0.38226452469825745,-0.09243295341730118,0.46030721068382263
2026_08_18_00_53_52_283658_L3_right_C2,L3,C2,4.0,0.3389097514813868,blue,right,right,left,pick up the blue block,2,pregrasp,32,48,16,0.3018867924528302,0.26666666666666666,0,8,0.3,0.7,8,0.21824297308921814,0.24568593502044678,0.21824297308921814,0.24568593502044678,-0.027442961931228638,0.027442961931228638,0.408988356590271,-0.15106774866580963,0.43517830967903137
2026_08_18_00_53_52_283658_L3_right_C2,L3,C2,4.0,0.3389097514813868,blue,right,right,left,pick up the blue block,2,pregrasp,32,48,16,0.3018867924528302,0.26666666666666666,1,8,0.3,0.7,8,0.2589162588119507,0.28602364659309387,0.2589162588119507,0.28602364659309387,-0.02710738778114319,0.02710738778114319,0.408988356590271,-0.15106774866580963,0.43517830967903137
2026_08_18_00_53_52_283658_L3_right_C2,L3,C2,4.0,0.3389097514813868,blue,right,right,left,pick up the blue block,2,pregrasp,32,48,16,0.3018867924528302,0.26666666666666666,2,8,0.3,0.7,8,0.27807995676994324,0.31880417466163635,0.27807995676994324,0.31880417466163635,-0.040724217891693115,0.040724217891693115,0.408988356590271,-0.15106774866580963,0.43517830967903137
2026_08_18_00_53_52_283658_L3_right_C2,L3,C2,4.0,0.3389097514813868,blue,right,right,left,pick up the blue block,2,pregrasp,32,48,16,0.3018867924528302,0.26666666666666666,3,8,0.3,0.7,8,0.3484880328178406,0.3930777907371521,0.3484880328178406,0.3930777907371521,-0.04458975791931152,0.04458975791931152,0.408988356590271,-0.15106774866580963,0.43517830967903137
2026_08_18_00_53_52_283658_L3_right_C2,L3,C2,4.0,0.3389097514813868,blue,right,right,left,pick up the blue block,2,pregrasp,32,48,16,0.3018867924528302,0.26666666666666666,4,8,0.3,0.7,8,0.23980605602264404,0.27755022048950195,0.23980605602264404,0.27755022048950195,-0.03774416446685791,0.03774416446685791,0.408988356590271,-0.15106774866580963,0.43517830967903137
2026_08_18_00_53_52_283658_L3_right_C2,L3,C2,4.0,0.3389097514813868,blue,right,right,left,pick up the blue block,2,pregrasp,32,48,16,0.3018867924528302,0.26666666666666666,5,8,0.3,0.7,8,0.24787625670433044,0.26863715052604675,0.24787625670433044,0.26863715052604675,-0.02076089382171631,0.02076089382171631,0.408988356590271,-0.15106774866580963,0.43517830967903137
2026_08_18_00_53_52_283658_L3_right_C2,L3,C2,4.0,0.3389097514813868,blue,right,right,left,pick up the blue block,2,pregrasp,32,48,16,0.3018867924528302,0.26666666666666666,6,8,0.3,0.7,8,0.2272033840417862,0.26311638951301575,0.2272033840417862,0.26311638951301575,-0.03591300547122955,0.03591300547122955,0.408988356590271,-0.15106774866580963,0.43517830967903137
2026_08_18_00_53_52_283658_L3_right_C2,L3,C2,4.0,0.3389097514813868,blue,right,right,left,pick up the blue block,2,pregrasp,32,48,16,0.3018867924528302,0.26666666666666666,7,8,0.3,0.7,8,0.1814325749874115,0.2097962647676468,0.1814325749874115,0.2097962647676468,-0.02836368978023529,0.02836368978023529,0.408988356590271,-0.15106774866580963,0.43517830967903137
2026_08_18_00_53_52_283658_L3_right_C2,L3,C2,4.0,0.3389097514813868,blue,right,right,left,pick up the blue block,2,pregrasp,32,48,16,0.3018867924528302,0.26666666666666666,8,8,0.3,0.7,8,0.2236633449792862,0.27934014797210693,0.2236633449792862,0.27934014797210693,-0.05567680299282074,0.05567680299282074,0.408988356590271,-0.15106774866580963,0.43517830967903137
2026_08_18_00_53_52_283658_L3_right_C2,L3,C2,4.0,0.3389097514813868,blue,right,right,left,pick up the blue block,2,pregrasp,32,48,16,0.3018867924528302,0.26666666666666666,9,8,0.3,0.7,8,0.09175936877727509,0.12687565386295319,0.09175936877727509,0.12687565386295319,-0.0351162850856781,0.0351162850856781,0.408988356590271,-0.15106774866580963,0.43517830967903137
2026_08_18_00_53_52_283658_L3_right_C2,L3,C2,4.0,0.3389097514813868,blue,right,right,left,pick up the blue block,3,pregrasp,48,64,16,0.4025157232704403,0.35555555555555557,0,8,0.3,0.7,8,0.22255951166152954,0.26790112257003784,0.22255951166152954,0.26790112257003784,-0.0453416109085083,0.0453416109085083,0.44790637493133545,-0.19493751227855682,0.39846518635749817
2026_08_18_00_53_52_283658_L3_right_C2,L3,C2,4.0,0.3389097514813868,blue,right,right,left,pick up the blue block,3,pregrasp,48,64,16,0.4025157232704403,0.35555555555555557,1,8,0.3,0.7,8,0.3033929169178009,0.3509328365325928,0.3033929169178009,0.3509328365325928,-0.04753991961479187,0.04753991961479187,0.44790637493133545,-0.19493751227855682,0.39846518635749817
2026_08_18_00_53_52_283658_L3_right_C2,L3,C2,4.0,0.3389097514813868,blue,right,right,left,pick up the blue block,3,pregrasp,48,64,16,0.4025157232704403,0.35555555555555557,2,8,0.3,0.7,8,0.2222580462694168,0.2727622091770172,0.2222580462694168,0.2727622091770172,-0.0505041629076004,0.0505041629076004,0.44790637493133545,-0.19493751227855682,0.39846518635749817
2026_08_18_00_53_52_283658_L3_right_C2,L3,C2,4.0,0.3389097514813868,blue,right,right,left,pick up the blue block,3,pregrasp,48,64,16,0.4025157232704403,0.35555555555555557,3,8,0.3,0.7,8,0.19867752492427826,0.25693827867507935,0.19867752492427826,0.25693827867507935,-0.058260753750801086,0.058260753750801086,0.44790637493133545,-0.19493751227855682,0.39846518635749817
2026_08_18_00_53_52_283658_L3_right_C2,L3,C2,4.0,0.3389097514813868,blue,right,right,left,pick up the blue block,3,pregrasp,48,64,16,0.4025157232704403,0.35555555555555557,4,8,0.3,0.7,8,0.18384286761283875,0.23017960786819458,0.18384286761283875,0.23017960786819458,-0.046336740255355835,0.046336740255355835,0.44790637493133545,-0.19493751227855682,0.39846518635749817
2026_08_18_00_53_52_283658_L3_right_C2,L3,C2,4.0,0.3389097514813868,blue,right,right,left,pick up the blue block,3,pregrasp,48,64,16,0.4025157232704403,0.35555555555555557,5,8,0.3,0.7,8,0.23410439491271973,0.2853870689868927,0.23410439491271973,0.2853870689868927,-0.051282674074172974,0.051282674074172974,0.44790637493133545,-0.19493751227855682,0.39846518635749817
2026_08_18_00_53_52_283658_L3_right_C2,L3,C2,4.0,0.3389097514813868,blue,right,right,left,pick up the blue block,3,pregrasp,48,64,16,0.4025157232704403,0.35555555555555557,6,8,0.3,0.7,8,0.15506309270858765,0.20095522701740265,0.15506309270858765,0.20095522701740265,-0.045892134308815,0.045892134308815,0.44790637493133545,-0.19493751227855682,0.39846518635749817
2026_08_18_00_53_52_283658_L3_right_C2,L3,C2,4.0,0.3389097514813868,blue,right,right,left,pick up the blue block,3,pregrasp,48,64,16,0.4025157232704403,0.35555555555555557,7,8,0.3,0.7,8,0.22108913958072662,0.2681843936443329,0.22108913958072662,0.2681843936443329,-0.04709525406360626,0.04709525406360626,0.44790637493133545,-0.19493751227855682,0.39846518635749817
2026_08_18_00_53_52_283658_L3_right_C2,L3,C2,4.0,0.3389097514813868,blue,right,right,left,pick up the blue block,3,pregrasp,48,64,16,0.4025157232704403,0.35555555555555557,8,8,0.3,0.7,8,0.16437217593193054,0.1825891137123108,0.16437217593193054,0.1825891137123108,-0.01821693778038025,0.01821693778038025,0.44790637493133545,-0.19493751227855682,0.39846518635749817
2026_08_18_00_53_52_283658_L3_right_C2,L3,C2,4.0,0.3389097514813868,blue,right,right,left,pick up the blue block,3,pregrasp,48,64,16,0.4025157232704403,0.35555555555555557,9,8,0.3,0.7,8,0.30269044637680054,0.3547365069389343,0.30269044637680054,0.3547365069389343,-0.05204606056213379,0.05204606056213379,0.44790637493133545,-0.19493751227855682,0.39846518635749817
2026_08_18_00_53_52_283658_L3_right_C2,L3,C2,4.0,0.3389097514813868,blue,right,right,left,pick up the blue block,4,pregrasp,64,80,16,0.5031446540880503,0.4444444444444444,0,8,0.3,0.7,8,0.1684875786304474,0.18720456957817078,0.1684875786304474,0.18720456957817078,-0.01871699094772339,0.01871699094772339,0.49585556983947754,-0.20765945315361023,0.35108646750450134
2026_08_18_00_53_52_283658_L3_right_C2,L3,C2,4.0,0.3389097514813868,blue,right,right,left,pick up the blue block,4,pregrasp,64,80,16,0.5031446540880503,0.4444444444444444,1,8,0.3,0.7,8,0.19741472601890564,0.2395479381084442,0.19741472601890564,0.2395479381084442,-0.042133212089538574,0.042133212089538574,0.49585556983947754,-0.20765945315361023,0.35108646750450134
2026_08_18_00_53_52_283658_L3_right_C2,L3,C2,4.0,0.3389097514813868,blue,right,right,left,pick up the blue block,4,pregrasp,64,80,16,0.5031446540880503,0.4444444444444444,2,8,0.3,0.7,8,0.3878563642501831,0.43850383162498474,0.3878563642501831,0.43850383162498474,-0.050647467374801636,0.050647467374801636,0.49585556983947754,-0.20765945315361023,0.35108646750450134
2026_08_18_00_53_52_283658_L3_right_C2,L3,C2,4.0,0.3389097514813868,blue,right,right,left,pick up the blue block,4,pregrasp,64,80,16,0.5031446540880503,0.4444444444444444,3,8,0.3,0.7,8,0.28874191641807556,0.3230516016483307,0.28874191641807556,0.3230516016483307,-0.03430968523025513,0.03430968523025513,0.49585556983947754,-0.20765945315361023,0.35108646750450134
2026_08_18_00_53_52_283658_L3_right_C2,L3,C2,4.0,0.3389097514813868,blue,right,right,left,pick up the blue block,4,pregrasp,64,80,16,0.5031446540880503,0.4444444444444444,4,8,0.3,0.7,8,0.30484867095947266,0.34869062900543213,0.30484867095947266,0.34869062900543213,-0.04384195804595947,0.04384195804595947,0.49585556983947754,-0.20765945315361023,0.35108646750450134
2026_08_18_00_53_52_283658_L3_right_C2,L3,C2,4.0,0.3389097514813868,blue,right,right,left,pick up the blue block,4,pregrasp,64,80,16,0.5031446540880503,0.4444444444444444,5,8,0.3,0.7,8,0.2617167830467224,0.2949841320514679,0.2617167830467224,0.2949841320514679,-0.03326734900474548,0.03326734900474548,0.49585556983947754,-0.20765945315361023,0.35108646750450134
2026_08_18_00_53_52_283658_L3_right_C2,L3,C2,4.0,0.3389097514813868,blue,right,right,left,pick up the blue block,4,pregrasp,64,80,16,0.5031446540880503,0.4444444444444444,6,8,0.3,0.7,8,0.2934376299381256,0.35006389021873474,0.2934376299381256,0.35006389021873474,-0.05662626028060913,0.05662626028060913,0.49585556983947754,-0.20765945315361023,0.35108646750450134
2026_08_18_00_53_52_283658_L3_right_C2,L3,C2,4.0,0.3389097514813868,blue,right,right,left,pick up the blue block,4,pregrasp,64,80,16,0.5031446540880503,0.4444444444444444,7,8,0.3,0.7,8,0.32655927538871765,0.3809683918952942,0.32655927538871765,0.3809683918952942,-0.05440911650657654,0.05440911650657654,0.49585556983947754,-0.20765945315361023,0.35108646750450134
2026_08_18_00_53_52_283658_L3_right_C2,L3,C2,4.0,0.3389097514813868,blue,right,right,left,pick up the blue block,4,pregrasp,64,80,16,0.5031446540880503,0.4444444444444444,8,8,0.3,0.7,8,0.3212042450904846,0.34364792704582214,0.3212042450904846,0.34364792704582214,-0.022443681955337524,0.022443681955337524,0.49585556983947754,-0.20765945315361023,0.35108646750450134
2026_08_18_00_53_52_283658_L3_right_C2,L3,C2,4.0,0.3389097514813868,blue,right,right,left,pick up the blue block,4,pregrasp,64,80,16,0.5031446540880503,0.4444444444444444,9,8,0.3,0.7,8,0.2402496635913849,0.28202715516090393,0.2402496635913849,0.28202715516090393,-0.04177749156951904,0.04177749156951904,0.49585556983947754,-0.20765945315361023,0.35108646750450134
2026_08_18_00_53_52_283658_L3_right_C2,L3,C2,4.0,0.3389097514813868,blue,right,right,left,pick up the blue block,5,pregrasp,80,96,16,0.6037735849056604,0.5333333333333333,0,8,0.3,0.7,8,0.30046749114990234,0.2947116494178772,0.30046749114990234,0.2947116494178772,0.0057558417320251465,-0.0057558417320251465,0.5433093309402466,-0.18448373675346375,0.3066089451313019
2026_08_18_00_53_52_283658_L3_right_C2,L3,C2,4.0,0.3389097514813868,blue,right,right,left,pick up the blue block,5,pregrasp,80,96,16,0.6037735849056604,0.5333333333333333,1,8,0.3,0.7,8,0.2756327688694,0.25423547625541687,0.2756327688694,0.25423547625541687,0.021397292613983154,-0.021397292613983154,0.5433093309402466,-0.18448373675346375,0.3066089451313019
2026_08_18_00_53_52_283658_L3_right_C2,L3,C2,4.0,0.3389097514813868,blue,right,right,left,pick up the blue block,5,pregrasp,80,96,16,0.6037735849056604,0.5333333333333333,2,8,0.3,0.7,8,0.27329742908477783,0.26770737767219543,0.27329742908477783,0.26770737767219543,0.0055900514125823975,-0.0055900514125823975,0.5433093309402466,-0.18448373675346375,0.3066089451313019
2026_08_18_00_53_52_283658_L3_right_C2,L3,C2,4.0,0.3389097514813868,blue,right,right,left,pick up the blue block,5,pregrasp,80,96,16,0.6037735849056604,0.5333333333333333,3,8,0.3,0.7,8,0.3188167214393616,0.3086572289466858,0.3188167214393616,0.3086572289466858,0.010159492492675781,-0.010159492492675781,0.5433093309402466,-0.18448373675346375,0.3066089451313019
2026_08_18_00_53_52_283658_L3_right_C2,L3,C2,4.0,0.3389097514813868,blue,right,right,left,pick up the blue block,5,pregrasp,80,96,16,0.6037735849056604,0.5333333333333333,4,8,0.3,0.7,8,0.3756374418735504,0.365154504776001,0.3756374418735504,0.365154504776001,0.010482937097549438,-0.010482937097549438,0.5433093309402466,-0.18448373675346375,0.3066089451313019
2026_08_18_00_53_52_283658_L3_right_C2,L3,C2,4.0,0.3389097514813868,blue,right,right,left,pick up the blue block,5,pregrasp,80,96,16,0.6037735849056604,0.5333333333333333,5,8,0.3,0.7,8,0.2699359953403473,0.2558962404727936,0.2699359953403473,0.2558962404727936,0.014039754867553711,-0.014039754867553711,0.5433093309402466,-0.18448373675346375,0.3066089451313019
2026_08_18_00_53_52_283658_L3_right_C2,L3,C2,4.0,0.3389097514813868,blue,right,right,left,pick up the blue block,5,pregrasp,80,96,16,0.6037735849056604,0.5333333333333333,6,8,0.3,0.7,8,0.2400382161140442,0.23027226328849792,0.2400382161140442,0.23027226328849792,0.009765952825546265,-0.009765952825546265,0.5433093309402466,-0.18448373675346375,0.3066089451313019
2026_08_18_00_53_52_283658_L3_right_C2,L3,C2,4.0,0.3389097514813868,blue,right,right,left,pick up the blue block,5,pregrasp,80,96,16,0.6037735849056604,0.5333333333333333,7,8,0.3,0.7,8,0.3236294090747833,0.30901581048965454,0.3236294090747833,0.30901581048965454,0.014613598585128784,-0.014613598585128784,0.5433093309402466,-0.18448373675346375,0.3066089451313019
2026_08_18_00_53_52_283658_L3_right_C2,L3,C2,4.0,0.3389097514813868,blue,right,right,left,pick up the blue block,5,pregrasp,80,96,16,0.6037735849056604,0.5333333333333333,8,8,0.3,0.7,8,0.24876314401626587,0.24403995275497437,0.24876314401626587,0.24403995275497437,0.004723191261291504,-0.004723191261291504,0.5433093309402466,-0.18448373675346375,0.3066089451313019
2026_08_18_00_53_52_283658_L3_right_C2,L3,C2,4.0,0.3389097514813868,blue,right,right,left,pick up the blue block,5,pregrasp,80,96,16,0.6037735849056604,0.5333333333333333,9,8,0.3,0.7,8,0.21459470689296722,0.2074432373046875,0.21459470689296722,0.2074432373046875,0.007151469588279724,-0.007151469588279724,0.5433093309402466,-0.18448373675346375,0.3066089451313019
2026_08_18_00_53_52_283658_L3_right_C2,L3,C2,4.0,0.3389097514813868,blue,right,right,left,pick up the blue block,6,pregrasp,96,112,16,0.7044025157232704,0.6222222222222222,0,8,0.3,0.7,8,0.38357147574424744,0.4072633385658264,0.38357147574424744,0.4072633385658264,-0.02369186282157898,0.02369186282157898,0.5849971175193787,-0.14623911678791046,0.2667476534843445
2026_08_18_00_53_52_283658_L3_right_C2,L3,C2,4.0,0.3389097514813868,blue,right,right,left,pick up the blue block,6,pregrasp,96,112,16,0.7044025157232704,0.6222222222222222,1,8,0.3,0.7,8,0.29744166135787964,0.31811243295669556,0.29744166135787964,0.31811243295669556,-0.020670771598815918,0.020670771598815918,0.5849971175193787,-0.14623911678791046,0.2667476534843445
2026_08_18_00_53_52_283658_L3_right_C2,L3,C2,4.0,0.3389097514813868,blue,right,right,left,pick up the blue block,6,pregrasp,96,112,16,0.7044025157232704,0.6222222222222222,2,8,0.3,0.7,8,0.21012306213378906,0.22876468300819397,0.21012306213378906,0.22876468300819397,-0.018641620874404907,0.018641620874404907,0.5849971175193787,-0.14623911678791046,0.2667476534843445
2026_08_18_00_53_52_283658_L3_right_C2,L3,C2,4.0,0.3389097514813868,blue,right,right,left,pick up the blue block,6,pregrasp,96,112,16,0.7044025157232704,0.6222222222222222,3,8,0.3,0.7,8,0.3059127926826477,0.3265674114227295,0.3059127926826477,0.3265674114227295,-0.020654618740081787,0.020654618740081787,0.5849971175193787,-0.14623911678791046,0.2667476534843445
2026_08_18_00_53_52_283658_L3_right_C2,L3,C2,4.0,0.3389097514813868,blue,right,right,left,pick up the blue block,6,pregrasp,96,112,16,0.7044025157232704,0.6222222222222222,4,8,0.3,0.7,8,0.2344765067100525,0.257903516292572,0.2344765067100525,0.257903516292572,-0.02342700958251953,0.02342700958251953,0.5849971175193787,-0.14623911678791046,0.2667476534843445
2026_08_18_00_53_52_283658_L3_right_C2,L3,C2,4.0,0.3389097514813868,blue,right,right,left,pick up the blue block,6,pregrasp,96,112,16,0.7044025157232704,0.6222222222222222,5,8,0.3,0.7,8,0.30998891592025757,0.33294761180877686,0.30998891592025757,0.33294761180877686,-0.022958695888519287,0.022958695888519287,0.5849971175193787,-0.14623911678791046,0.2667476534843445
2026_08_18_00_53_52_283658_L3_right_C2,L3,C2,4.0,0.3389097514813868,blue,right,right,left,pick up the blue block,6,pregrasp,96,112,16,0.7044025157232704,0.6222222222222222,6,8,0.3,0.7,8,0.2385762631893158,0.2559090554714203,0.2385762631893158,0.2559090554714203,-0.017332792282104492,0.017332792282104492,0.5849971175193787,-0.14623911678791046,0.2667476534843445
2026_08_18_00_53_52_283658_L3_right_C2,L3,C2,4.0,0.3389097514813868,blue,right,right,left,pick up the blue block,6,pregrasp,96,112,16,0.7044025157232704,0.6222222222222222,7,8,0.3,0.7,8,0.3268510401248932,0.3507983088493347,0.3268510401248932,0.3507983088493347,-0.02394726872444153,0.02394726872444153,0.5849971175193787,-0.14623911678791046,0.2667476534843445
2026_08_18_00_53_52_283658_L3_right_C2,L3,C2,4.0,0.3389097514813868,blue,right,right,left,pick up the blue block,6,pregrasp,96,112,16,0.7044025157232704,0.6222222222222222,8,8,0.3,0.7,8,0.20103788375854492,0.2193184196949005,0.20103788375854492,0.2193184196949005,-0.01828053593635559,0.01828053593635559,0.5849971175193787,-0.14623911678791046,0.2667476534843445
2026_08_18_00_53_52_283658_L3_right_C2,L3,C2,4.0,0.3389097514813868,blue,right,right,left,pick up the blue block,6,pregrasp,96,112,16,0.7044025157232704,0.6222222222222222,9,8,0.3,0.7,8,0.19942665100097656,0.21406114101409912,0.19942665100097656,0.21406114101409912,-0.014634490013122559,0.014634490013122559,0.5849971175193787,-0.14623911678791046,0.2667476534843445
2026_08_18_00_53_52_283658_L3_right_C2,L3,C2,4.0,0.3389097514813868,blue,right,right,left,pick up the blue block,7,pregrasp,112,128,16,0.8050314465408805,0.7111111111111111,0,8,0.3,0.7,8,0.26404470205307007,0.2913964092731476,0.26404470205307007,0.2913964092731476,-0.027351707220077515,0.027351707220077515,0.6234413385391235,-0.10154188424348831,0.2301008254289627
2026_08_18_00_53_52_283658_L3_right_C2,L3,C2,4.0,0.3389097514813868,blue,right,right,left,pick up the blue block,7,pregrasp,112,128,16,0.8050314465408805,0.7111111111111111,1,8,0.3,0.7,8,0.3668164014816284,0.4019829034805298,0.3668164014816284,0.4019829034805298,-0.03516650199890137,0.03516650199890137,0.6234413385391235,-0.10154188424348831,0.2301008254289627
2026_08_18_00_53_52_283658_L3_right_C2,L3,C2,4.0,0.3389097514813868,blue,right,right,left,pick up the blue block,7,pregrasp,112,128,16,0.8050314465408805,0.7111111111111111,2,8,0.3,0.7,8,0.22403398156166077,0.2469765543937683,0.22403398156166077,0.2469765543937683,-0.022942572832107544,0.022942572832107544,0.6234413385391235,-0.10154188424348831,0.2301008254289627
2026_08_18_00_53_52_283658_L3_right_C2,L3,C2,4.0,0.3389097514813868,blue,right,right,left,pick up the blue block,7,pregrasp,112,128,16,0.8050314465408805,0.7111111111111111,3,8,0.3,0.7,8,0.29508987069129944,0.3242504894733429,0.29508987069129944,0.3242504894733429,-0.029160618782043457,0.029160618782043457,0.6234413385391235,-0.10154188424348831,0.2301008254289627
2026_08_18_00_53_52_283658_L3_right_C2,L3,C2,4.0,0.3389097514813868,blue,right,right,left,pick up the blue block,7,pregrasp,112,128,16,0.8050314465408805,0.7111111111111111,4,8,0.3,0.7,8,0.36006394028663635,0.39653265476226807,0.36006394028663635,0.39653265476226807,-0.036468714475631714,0.036468714475631714,0.6234413385391235,-0.10154188424348831,0.2301008254289627
2026_08_18_00_53_52_283658_L3_right_C2,L3,C2,4.0,0.3389097514813868,blue,right,right,left,pick up the blue block,7,pregrasp,112,128,16,0.8050314465408805,0.7111111111111111,5,8,0.3,0.7,8,0.245589479804039,0.27012988924980164,0.245589479804039,0.27012988924980164,-0.024540409445762634,0.024540409445762634,0.6234413385391235,-0.10154188424348831,0.2301008254289627
2026_08_18_00_53_52_283658_L3_right_C2,L3,C2,4.0,0.3389097514813868,blue,right,right,left,pick up the blue block,7,pregrasp,112,128,16,0.8050314465408805,0.7111111111111111,6,8,0.3,0.7,8,0.3599005341529846,0.39752694964408875,0.3599005341529846,0.39752694964408875,-0.037626415491104126,0.037626415491104126,0.6234413385391235,-0.10154188424348831,0.2301008254289627
2026_08_18_00_53_52_283658_L3_right_C2,L3,C2,4.0,0.3389097514813868,blue,right,right,left,pick up the blue block,7,pregrasp,112,128,16,0.8050314465408805,0.7111111111111111,7,8,0.3,0.7,8,0.23835521936416626,0.2591864764690399,0.23835521936416626,0.2591864764690399,-0.020831257104873657,0.020831257104873657,0.6234413385391235,-0.10154188424348831,0.2301008254289627
2026_08_18_00_53_52_283658_L3_right_C2,L3,C2,4.0,0.3389097514813868,blue,right,right,left,pick up the blue block,7,pregrasp,112,128,16,0.8050314465408805,0.7111111111111111,8,8,0.3,0.7,8,0.2742575407028198,0.29978135228157043,0.2742575407028198,0.29978135228157043,-0.02552381157875061,0.02552381157875061,0.6234413385391235,-0.10154188424348831,0.2301008254289627
2026_08_18_00_53_52_283658_L3_right_C2,L3,C2,4.0,0.3389097514813868,blue,right,right,left,pick up the blue block,7,pregrasp,112,128,16,0.8050314465408805,0.7111111111111111,9,8,0.3,0.7,8,0.23112453520298004,0.25682610273361206,0.23112453520298004,0.25682610273361206,-0.02570156753063202,0.02570156753063202,0.6234413385391235,-0.10154188424348831,0.2301008254289627
2026_08_18_00_53_52_283658_L3_right_C2,L3,C2,4.0,0.3389097514813868,blue,right,right,left,pick up the blue block,8,pregrasp,128,144,16,0.9056603773584906,0.8,0,8,0.3,0.7,8,0.34235283732414246,0.37981465458869934,0.34235283732414246,0.37981465458869934,-0.037461817264556885,0.037461817264556885,0.6599169373512268,-0.053404904901981354,0.19558268785476685
2026_08_18_00_53_52_283658_L3_right_C2,L3,C2,4.0,0.3389097514813868,blue,right,right,left,pick up the blue block,8,pregrasp,128,144,16,0.9056603773584906,0.8,1,8,0.3,0.7,8,0.2720787525177002,0.3076227605342865,0.2720787525177002,0.3076227605342865,-0.035544008016586304,0.035544008016586304,0.6599169373512268,-0.053404904901981354,0.19558268785476685
2026_08_18_00_53_52_283658_L3_right_C2,L3,C2,4.0,0.3389097514813868,blue,right,right,left,pick up the blue block,8,pregrasp,128,144,16,0.9056603773584906,0.8,2,8,0.3,0.7,8,0.3104478418827057,0.35150372982025146,0.3104478418827057,0.35150372982025146,-0.041055887937545776,0.041055887937545776,0.6599169373512268,-0.053404904901981354,0.19558268785476685
2026_08_18_00_53_52_283658_L3_right_C2,L3,C2,4.0,0.3389097514813868,blue,right,right,left,pick up the blue block,8,pregrasp,128,144,16,0.9056603773584906,0.8,3,8,0.3,0.7,8,0.3001892566680908,0.34386324882507324,0.3001892566680908,0.34386324882507324,-0.04367399215698242,0.04367399215698242,0.6599169373512268,-0.053404904901981354,0.19558268785476685
2026_08_18_00_53_52_283658_L3_right_C2,L3,C2,4.0,0.3389097514813868,blue,right,right,left,pick up the blue block,8,pregrasp,128,144,16,0.9056603773584906,0.8,4,8,0.3,0.7,8,0.236703023314476,0.2753453254699707,0.236703023314476,0.2753453254699707,-0.03864230215549469,0.03864230215549469,0.6599169373512268,-0.053404904901981354,0.19558268785476685
2026_08_18_00_53_52_283658_L3_right_C2,L3,C2,4.0,0.3389097514813868,blue,right,right,left,pick up the blue block,8,pregrasp,128,144,16,0.9056603773584906,0.8,5,8,0.3,0.7,8,0.25944989919662476,0.30729588866233826,0.25944989919662476,0.30729588866233826,-0.0478459894657135,0.0478459894657135,0.6599169373512268,-0.053404904901981354,0.19558268785476685
2026_08_18_00_53_52_283658_L3_right_C2,L3,C2,4.0,0.3389097514813868,blue,right,right,left,pick up the blue block,8,pregrasp,128,144,16,0.9056603773584906,0.8,6,8,0.3,0.7,8,0.3725898563861847,0.4102209210395813,0.3725898563861847,0.4102209210395813,-0.037631064653396606,0.037631064653396606,0.6599169373512268,-0.053404904901981354,0.19558268785476685
2026_08_18_00_53_52_283658_L3_right_C2,L3,C2,4.0,0.3389097514813868,blue,right,right,left,pick up the blue block,8,pregrasp,128,144,16,0.9056603773584906,0.8,7,8,0.3,0.7,8,0.3292931914329529,0.3572935163974762,0.3292931914329529,0.3572935163974762,-0.028000324964523315,0.028000324964523315,0.6599169373512268,-0.053404904901981354,0.19558268785476685
2026_08_18_00_53_52_283658_L3_right_C2,L3,C2,4.0,0.3389097514813868,blue,right,right,left,pick up the blue block,8,pregrasp,128,144,16,0.9056603773584906,0.8,8,8,0.3,0.7,8,0.229326069355011,0.26815301179885864,0.229326069355011,0.26815301179885864,-0.038826942443847656,0.038826942443847656,0.6599169373512268,-0.053404904901981354,0.19558268785476685
2026_08_18_00_53_52_283658_L3_right_C2,L3,C2,4.0,0.3389097514813868,blue,right,right,left,pick up the blue block,8,pregrasp,128,144,16,0.9056603773584906,0.8,9,8,0.3,0.7,8,0.28158292174339294,0.3252302408218384,0.28158292174339294,0.3252302408218384,-0.043647319078445435,0.043647319078445435,0.6599169373512268,-0.053404904901981354,0.19558268785476685
2026_08_18_00_53_52_283658_L3_right_C2,L3,C2,4.0,0.3389097514813868,blue,right,right,left,pick up the blue block,9,pregrasp,144,159,15,1.0,0.8833333333333333,0,8,0.3,0.7,8,0.2874681353569031,0.2944880723953247,0.2874681353569031,0.2944880723953247,-0.007019937038421631,0.007019937038421631,0.666696310043335,-0.0466642752289772,0.18934473395347595
2026_08_18_00_53_52_283658_L3_right_C2,L3,C2,4.0,0.3389097514813868,blue,right,right,left,pick up the blue block,9,pregrasp,144,159,15,1.0,0.8833333333333333,1,8,0.3,0.7,8,0.29475027322769165,0.3055764138698578,0.29475027322769165,0.3055764138698578,-0.010826140642166138,0.010826140642166138,0.666696310043335,-0.0466642752289772,0.18934473395347595
2026_08_18_00_53_52_283658_L3_right_C2,L3,C2,4.0,0.3389097514813868,blue,right,right,left,pick up the blue block,9,pregrasp,144,159,15,1.0,0.8833333333333333,2,8,0.3,0.7,8,0.33205294609069824,0.3410798907279968,0.33205294609069824,0.3410798907279968,-0.009026944637298584,0.009026944637298584,0.666696310043335,-0.0466642752289772,0.18934473395347595
2026_08_18_00_53_52_283658_L3_right_C2,L3,C2,4.0,0.3389097514813868,blue,right,right,left,pick up the blue block,9,pregrasp,144,159,15,1.0,0.8833333333333333,3,8,0.3,0.7,8,0.34332308173179626,0.3569810688495636,0.34332308173179626,0.3569810688495636,-0.013657987117767334,0.013657987117767334,0.666696310043335,-0.0466642752289772,0.18934473395347595
2026_08_18_00_53_52_283658_L3_right_C2,L3,C2,4.0,0.3389097514813868,blue,right,right,left,pick up the blue block,9,pregrasp,144,159,15,1.0,0.8833333333333333,4,8,0.3,0.7,8,0.3462051749229431,0.35586926341056824,0.3462051749229431,0.35586926341056824,-0.009664088487625122,0.009664088487625122,0.666696310043335,-0.0466642752289772,0.18934473395347595
2026_08_18_00_53_52_283658_L3_right_C2,L3,C2,4.0,0.3389097514813868,blue,right,right,left,pick up the blue block,9,pregrasp,144,159,15,1.0,0.8833333333333333,5,8,0.3,0.7,8,0.4112144708633423,0.42344096302986145,0.4112144708633423,0.42344096302986145,-0.012226492166519165,0.012226492166519165,0.666696310043335,-0.0466642752289772,0.18934473395347595
2026_08_18_00_53_52_283658_L3_right_C2,L3,C2,4.0,0.3389097514813868,blue,right,right,left,pick up the blue block,9,pregrasp,144,159,15,1.0,0.8833333333333333,6,8,0.3,0.7,8,0.21026648581027985,0.22286611795425415,0.21026648581027985,0.22286611795425415,-0.012599632143974304,0.012599632143974304,0.666696310043335,-0.0466642752289772,0.18934473395347595
2026_08_18_00_53_52_283658_L3_right_C2,L3,C2,4.0,0.3389097514813868,blue,right,right,left,pick up the blue block,9,pregrasp,144,159,15,1.0,0.8833333333333333,7,8,0.3,0.7,8,0.30002525448799133,0.31264665722846985,0.30002525448799133,0.31264665722846985,-0.012621402740478516,0.012621402740478516,0.666696310043335,-0.0466642752289772,0.18934473395347595
2026_08_18_00_53_52_283658_L3_right_C2,L3,C2,4.0,0.3389097514813868,blue,right,right,left,pick up the blue block,9,pregrasp,144,159,15,1.0,0.8833333333333333,8,8,0.3,0.7,8,0.23786059021949768,0.2498616874217987,0.23786059021949768,0.2498616874217987,-0.012001097202301025,0.012001097202301025,0.666696310043335,-0.0466642752289772,0.18934473395347595
2026_08_18_00_53_52_283658_L3_right_C2,L3,C2,4.0,0.3389097514813868,blue,right,right,left,pick up the blue block,9,pregrasp,144,159,15,1.0,0.8833333333333333,9,8,0.3,0.7,8,0.32828307151794434,0.34055835008621216,0.32828307151794434,0.34055835008621216,-0.012275278568267822,0.012275278568267822,0.666696310043335,-0.0466642752289772,0.18934473395347595
2026_08_18_00_53_52_283658_L3_right_C2,L3,C2,4.0,0.3389097514813868,blue,right,right,left,pick up the blue block,10,postgrasp,159,175,16,1.0,0.9722222222222222,0,8,0.3,0.7,8,0.46490976214408875,0.4512394666671753,0.46490976214408875,0.4512394666671753,0.013670295476913452,-0.013670295476913452,0.6671448945999146,-0.046607907861471176,0.1897658407688141
2026_08_18_00_53_52_283658_L3_right_C2,L3,C2,4.0,0.3389097514813868,blue,right,right,left,pick up the blue block,10,postgrasp,159,175,16,1.0,0.9722222222222222,1,8,0.3,0.7,8,0.4717632830142975,0.45695191621780396,0.4717632830142975,0.45695191621780396,0.01481136679649353,-0.01481136679649353,0.6671448945999146,-0.046607907861471176,0.1897658407688141
2026_08_18_00_53_52_283658_L3_right_C2,L3,C2,4.0,0.3389097514813868,blue,right,right,left,pick up the blue block,10,postgrasp,159,175,16,1.0,0.9722222222222222,2,8,0.3,0.7,8,0.4560048580169678,0.4490780830383301,0.4560048580169678,0.4490780830383301,0.006926774978637695,-0.006926774978637695,0.6671448945999146,-0.046607907861471176,0.1897658407688141
2026_08_18_00_53_52_283658_L3_right_C2,L3,C2,4.0,0.3389097514813868,blue,right,right,left,pick up the blue block,10,postgrasp,159,175,16,1.0,0.9722222222222222,3,8,0.3,0.7,8,0.6038713455200195,0.5815984606742859,0.6038713455200195,0.5815984606742859,0.022272884845733643,-0.022272884845733643,0.6671448945999146,-0.046607907861471176,0.1897658407688141
2026_08_18_00_53_52_283658_L3_right_C2,L3,C2,4.0,0.3389097514813868,blue,right,right,left,pick up the blue block,10,postgrasp,159,175,16,1.0,0.9722222222222222,4,8,0.3,0.7,8,0.4555242359638214,0.44248348474502563,0.4555242359638214,0.44248348474502563,0.013040751218795776,-0.013040751218795776,0.6671448945999146,-0.046607907861471176,0.1897658407688141
2026_08_18_00_53_52_283658_L3_right_C2,L3,C2,4.0,0.3389097514813868,blue,right,right,left,pick up the blue block,10,postgrasp,159,175,16,1.0,0.9722222222222222,5,8,0.3,0.7,8,0.5615423917770386,0.53770512342453,0.5615423917770386,0.53770512342453,0.023837268352508545,-0.023837268352508545,0.6671448945999146,-0.046607907861471176,0.1897658407688141
2026_08_18_00_53_52_283658_L3_right_C2,L3,C2,4.0,0.3389097514813868,blue,right,right,left,pick up the blue block,10,postgrasp,159,175,16,1.0,0.9722222222222222,6,8,0.3,0.7,8,0.5053256750106812,0.48413196206092834,0.5053256750106812,0.48413196206092834,0.021193712949752808,-0.021193712949752808,0.6671448945999146,-0.046607907861471176,0.1897658407688141
2026_08_18_00_53_52_283658_L3_right_C2,L3,C2,4.0,0.3389097514813868,blue,right,right,left,pick up the blue block,10,postgrasp,159,175,16,1.0,0.9722222222222222,7,8,0.3,0.7,8,0.5448174476623535,0.5259280204772949,0.5448174476623535,0.5259280204772949,0.018889427185058594,-0.018889427185058594,0.6671448945999146,-0.046607907861471176,0.1897658407688141
2026_08_18_00_53_52_283658_L3_right_C2,L3,C2,4.0,0.3389097514813868,blue,right,right,left,pick up the blue block,10,postgrasp,159,175,16,1.0,0.9722222222222222,8,8,0.3,0.7,8,0.593436598777771,0.5691058039665222,0.593436598777771,0.5691058039665222,0.02433079481124878,-0.02433079481124878,0.6671448945999146,-0.046607907861471176,0.1897658407688141
2026_08_18_00_53_52_283658_L3_right_C2,L3,C2,4.0,0.3389097514813868,blue,right,right,left,pick up the blue block,10,postgrasp,159,175,16,1.0,0.9722222222222222,9,8,0.3,0.7,8,0.496069073677063,0.4785451292991638,0.496069073677063,0.4785451292991638,0.01752394437789917,-0.01752394437789917,0.6671448945999146,-0.046607907861471176,0.1897658407688141
2026_08_18_00_53_52_283658_L3_right_C2,L3,C2,4.0,0.3389097514813868,blue,right,right,left,pick up the blue block,11,postgrasp,175,180,5,1.0,1.0,0,8,0.3,0.7,8,0.44637155532836914,0.45882320404052734,0.44637155532836914,0.45882320404052734,-0.012451648712158203,0.012451648712158203,0.6671451926231384,-0.04661231115460396,0.1897638738155365
2026_08_18_00_53_52_283658_L3_right_C2,L3,C2,4.0,0.3389097514813868,blue,right,right,left,pick up the blue block,11,postgrasp,175,180,5,1.0,1.0,1,8,0.3,0.7,8,0.36352139711380005,0.36324289441108704,0.36352139711380005,0.36324289441108704,0.0002785027027130127,-0.0002785027027130127,0.6671451926231384,-0.04661231115460396,0.1897638738155365
2026_08_18_00_53_52_283658_L3_right_C2,L3,C2,4.0,0.3389097514813868,blue,right,right,left,pick up the blue block,11,postgrasp,175,180,5,1.0,1.0,2,8,0.3,0.7,8,0.34503716230392456,0.3354257345199585,0.34503716230392456,0.3354257345199585,0.009611427783966064,-0.009611427783966064,0.6671451926231384,-0.04661231115460396,0.1897638738155365
2026_08_18_00_53_52_283658_L3_right_C2,L3,C2,4.0,0.3389097514813868,blue,right,right,left,pick up the blue block,11,postgrasp,175,180,5,1.0,1.0,3,8,0.3,0.7,8,0.3657165765762329,0.36300742626190186,0.3657165765762329,0.36300742626190186,0.0027091503143310547,-0.0027091503143310547,0.6671451926231384,-0.04661231115460396,0.1897638738155365
2026_08_18_00_53_52_283658_L3_right_C2,L3,C2,4.0,0.3389097514813868,blue,right,right,left,pick up the blue block,11,postgrasp,175,180,5,1.0,1.0,4,8,0.3,0.7,8,0.37381458282470703,0.38106870651245117,0.37381458282470703,0.38106870651245117,-0.007254123687744141,0.007254123687744141,0.6671451926231384,-0.04661231115460396,0.1897638738155365
2026_08_18_00_53_52_283658_L3_right_C2,L3,C2,4.0,0.3389097514813868,blue,right,right,left,pick up the blue block,11,postgrasp,175,180,5,1.0,1.0,5,8,0.3,0.7,8,0.33207637071609497,0.3217087388038635,0.33207637071609497,0.3217087388038635,0.010367631912231445,-0.010367631912231445,0.6671451926231384,-0.04661231115460396,0.1897638738155365
2026_08_18_00_53_52_283658_L3_right_C2,L3,C2,4.0,0.3389097514813868,blue,right,right,left,pick up the blue block,11,postgrasp,175,180,5,1.0,1.0,6,8,0.3,0.7,8,0.40985503792762756,0.40288665890693665,0.40985503792762756,0.40288665890693665,0.006968379020690918,-0.006968379020690918,0.6671451926231384,-0.04661231115460396,0.1897638738155365
2026_08_18_00_53_52_283658_L3_right_C2,L3,C2,4.0,0.3389097514813868,blue,right,right,left,pick up the blue block,11,postgrasp,175,180,5,1.0,1.0,7,8,0.3,0.7,8,0.4191138744354248,0.416777104139328,0.4191138744354248,0.416777104139328,0.0023367702960968018,-0.0023367702960968018,0.6671451926231384,-0.04661231115460396,0.1897638738155365
2026_08_18_00_53_52_283658_L3_right_C2,L3,C2,4.0,0.3389097514813868,blue,right,right,left,pick up the blue block,11,postgrasp,175,180,5,1.0,1.0,8,8,0.3,0.7,8,0.3812369108200073,0.3781798183917999,0.3812369108200073,0.3781798183917999,0.0030570924282073975,-0.0030570924282073975,0.6671451926231384,-0.04661231115460396,0.1897638738155365
2026_08_18_00_53_52_283658_L3_right_C2,L3,C2,4.0,0.3389097514813868,blue,right,right,left,pick up the blue block,11,postgrasp,175,180,5,1.0,1.0,9,8,0.3,0.7,8,0.37009352445602417,0.36997684836387634,0.37009352445602417,0.36997684836387634,0.00011667609214782715,-0.00011667609214782715,0.6671451926231384,-0.04661231115460396,0.1897638738155365
2026_08_18_00_54_32_747715_L3_left_C0,L3,C0,0.0,0.0,red,left,right,left,pick up the red block,0,pregrasp,0,16,16,0.13333333333333333,0.11347517730496454,0,8,0.3,0.7,8,0.3902244567871094,0.3217337429523468,0.3217337429523468,0.3902244567871094,0.06849071383476257,0.06849071383476257,0.3826976716518402,-0.0033571694511920214,0.4674624800682068
2026_08_18_00_54_32_747715_L3_left_C0,L3,C0,0.0,0.0,red,left,right,left,pick up the red block,0,pregrasp,0,16,16,0.13333333333333333,0.11347517730496454,1,8,0.3,0.7,8,0.3515026271343231,0.26235246658325195,0.26235246658325195,0.3515026271343231,0.08915016055107117,0.08915016055107117,0.3826976716518402,-0.0033571694511920214,0.4674624800682068
2026_08_18_00_54_32_747715_L3_left_C0,L3,C0,0.0,0.0,red,left,right,left,pick up the red block,0,pregrasp,0,16,16,0.13333333333333333,0.11347517730496454,2,8,0.3,0.7,8,0.3479725420475006,0.26926082372665405,0.26926082372665405,0.3479725420475006,0.07871171832084656,0.07871171832084656,0.3826976716518402,-0.0033571694511920214,0.4674624800682068
2026_08_18_00_54_32_747715_L3_left_C0,L3,C0,0.0,0.0,red,left,right,left,pick up the red block,0,pregrasp,0,16,16,0.13333333333333333,0.11347517730496454,3,8,0.3,0.7,8,0.3134006857872009,0.24281007051467896,0.24281007051467896,0.3134006857872009,0.07059061527252197,0.07059061527252197,0.3826976716518402,-0.0033571694511920214,0.4674624800682068
2026_08_18_00_54_32_747715_L3_left_C0,L3,C0,0.0,0.0,red,left,right,left,pick up the red block,0,pregrasp,0,16,16,0.13333333333333333,0.11347517730496454,4,8,0.3,0.7,8,0.3782055079936981,0.29713720083236694,0.29713720083236694,0.3782055079936981,0.08106830716133118,0.08106830716133118,0.3826976716518402,-0.0033571694511920214,0.4674624800682068
2026_08_18_00_54_32_747715_L3_left_C0,L3,C0,0.0,0.0,red,left,right,left,pick up the red block,0,pregrasp,0,16,16,0.13333333333333333,0.11347517730496454,5,8,0.3,0.7,8,0.34375378489494324,0.2985382676124573,0.2985382676124573,0.34375378489494324,0.04521551728248596,0.04521551728248596,0.3826976716518402,-0.0033571694511920214,0.4674624800682068
2026_08_18_00_54_32_747715_L3_left_C0,L3,C0,0.0,0.0,red,left,right,left,pick up the red block,0,pregrasp,0,16,16,0.13333333333333333,0.11347517730496454,6,8,0.3,0.7,8,0.4594341218471527,0.37547093629837036,0.37547093629837036,0.4594341218471527,0.08396318554878235,0.08396318554878235,0.3826976716518402,-0.0033571694511920214,0.4674624800682068
2026_08_18_00_54_32_747715_L3_left_C0,L3,C0,0.0,0.0,red,left,right,left,pick up the red block,0,pregrasp,0,16,16,0.13333333333333333,0.11347517730496454,7,8,0.3,0.7,8,0.4093502163887024,0.34653833508491516,0.34653833508491516,0.4093502163887024,0.06281188130378723,0.06281188130378723,0.3826976716518402,-0.0033571694511920214,0.4674624800682068
2026_08_18_00_54_32_747715_L3_left_C0,L3,C0,0.0,0.0,red,left,right,left,pick up the red block,0,pregrasp,0,16,16,0.13333333333333333,0.11347517730496454,8,8,0.3,0.7,8,0.39135366678237915,0.29534053802490234,0.29534053802490234,0.39135366678237915,0.0960131287574768,0.0960131287574768,0.3826976716518402,-0.0033571694511920214,0.4674624800682068
2026_08_18_00_54_32_747715_L3_left_C0,L3,C0,0.0,0.0,red,left,right,left,pick up the red block,0,pregrasp,0,16,16,0.13333333333333333,0.11347517730496454,9,8,0.3,0.7,8,0.31096383929252625,0.25421586632728577,0.25421586632728577,0.31096383929252625,0.05674797296524048,0.05674797296524048,0.3826976716518402,-0.0033571694511920214,0.4674624800682068
2026_08_18_00_54_32_747715_L3_left_C0,L3,C0,0.0,0.0,red,left,right,left,pick up the red block,1,pregrasp,16,32,16,0.26666666666666666,0.22695035460992907,0,8,0.3,0.7,8,0.22107458114624023,0.23186922073364258,0.23186922073364258,0.22107458114624023,-0.010794639587402344,-0.010794639587402344,0.4272044003009796,0.002440511714667082,0.41521525382995605
2026_08_18_00_54_32_747715_L3_left_C0,L3,C0,0.0,0.0,red,left,right,left,pick up the red block,1,pregrasp,16,32,16,0.26666666666666666,0.22695035460992907,1,8,0.3,0.7,8,0.3142525553703308,0.3291829824447632,0.3291829824447632,0.3142525553703308,-0.014930427074432373,-0.014930427074432373,0.4272044003009796,0.002440511714667082,0.41521525382995605
2026_08_18_00_54_32_747715_L3_left_C0,L3,C0,0.0,0.0,red,left,right,left,pick up the red block,1,pregrasp,16,32,16,0.26666666666666666,0.22695035460992907,2,8,0.3,0.7,8,0.21923355758190155,0.21926364302635193,0.21926364302635193,0.21923355758190155,-3.0085444450378418e-05,-3.0085444450378418e-05,0.4272044003009796,0.002440511714667082,0.41521525382995605
2026_08_18_00_54_32_747715_L3_left_C0,L3,C0,0.0,0.0,red,left,right,left,pick up the red block,1,pregrasp,16,32,16,0.26666666666666666,0.22695035460992907,3,8,0.3,0.7,8,0.2633025348186493,0.25172746181488037,0.25172746181488037,0.2633025348186493,0.011575073003768921,0.011575073003768921,0.4272044003009796,0.002440511714667082,0.41521525382995605
2026_08_18_00_54_32_747715_L3_left_C0,L3,C0,0.0,0.0,red,left,right,left,pick up the red block,1,pregrasp,16,32,16,0.26666666666666666,0.22695035460992907,4,8,0.3,0.7,8,0.32373425364494324,0.32059445977211,0.32059445977211,0.32373425364494324,0.003139793872833252,0.003139793872833252,0.4272044003009796,0.002440511714667082,0.41521525382995605
2026_08_18_00_54_32_747715_L3_left_C0,L3,C0,0.0,0.0,red,left,right,left,pick up the red block,1,pregrasp,16,32,16,0.26666666666666666,0.22695035460992907,5,8,0.3,0.7,8,0.2729312479496002,0.2939228117465973,0.2939228117465973,0.2729312479496002,-0.02099156379699707,-0.02099156379699707,0.4272044003009796,0.002440511714667082,0.41521525382995605
2026_08_18_00_54_32_747715_L3_left_C0,L3,C0,0.0,0.0,red,left,right,left,pick up the red block,1,pregrasp,16,32,16,0.26666666666666666,0.22695035460992907,6,8,0.3,0.7,8,0.3268205225467682,0.34734970331192017,0.34734970331192017,0.3268205225467682,-0.020529180765151978,-0.020529180765151978,0.4272044003009796,0.002440511714667082,0.41521525382995605
2026_08_18_00_54_32_747715_L3_left_C0,L3,C0,0.0,0.0,red,left,right,left,pick up the red block,1,pregrasp,16,32,16,0.26666666666666666,0.22695035460992907,7,8,0.3,0.7,8,0.3198346793651581,0.3253832161426544,0.3253832161426544,0.3198346793651581,-0.005548536777496338,-0.005548536777496338,0.4272044003009796,0.002440511714667082,0.41521525382995605
2026_08_18_00_54_32_747715_L3_left_C0,L3,C0,0.0,0.0,red,left,right,left,pick up the red block,1,pregrasp,16,32,16,0.26666666666666666,0.22695035460992907,8,8,0.3,0.7,8,0.2738427221775055,0.27555328607559204,0.27555328607559204,0.2738427221775055,-0.0017105638980865479,-0.0017105638980865479,0.4272044003009796,0.002440511714667082,0.41521525382995605
2026_08_18_00_54_32_747715_L3_left_C0,L3,C0,0.0,0.0,red,left,right,left,pick up the red block,1,pregrasp,16,32,16,0.26666666666666666,0.22695035460992907,9,8,0.3,0.7,8,0.22754406929016113,0.23312196135520935,0.23312196135520935,0.22754406929016113,-0.005577892065048218,-0.005577892065048218,0.4272044003009796,0.002440511714667082,0.41521525382995605
2026_08_18_00_54_32_747715_L3_left_C0,L3,C0,0.0,0.0,red,left,right,left,pick up the red block,2,pregrasp,32,48,16,0.4,0.3404255319148936,0,8,0.3,0.7,8,0.3251236379146576,0.3591080904006958,0.3591080904006958,0.3251236379146576,-0.03398445248603821,-0.03398445248603821,0.47765612602233887,0.00974524300545454,0.36786404252052307
2026_08_18_00_54_32_747715_L3_left_C0,L3,C0,0.0,0.0,red,left,right,left,pick up the red block,2,pregrasp,32,48,16,0.4,0.3404255319148936,1,8,0.3,0.7,8,0.16577968001365662,0.21612758934497833,0.21612758934497833,0.16577968001365662,-0.050347909331321716,-0.050347909331321716,0.47765612602233887,0.00974524300545454,0.36786404252052307
2026_08_18_00_54_32_747715_L3_left_C0,L3,C0,0.0,0.0,red,left,right,left,pick up the red block,2,pregrasp,32,48,16,0.4,0.3404255319148936,2,8,0.3,0.7,8,0.18189416825771332,0.24839848279953003,0.24839848279953003,0.18189416825771332,-0.06650431454181671,-0.06650431454181671,0.47765612602233887,0.00974524300545454,0.36786404252052307
2026_08_18_00_54_32_747715_L3_left_C0,L3,C0,0.0,0.0,red,left,right,left,pick up the red block,2,pregrasp,32,48,16,0.4,0.3404255319148936,3,8,0.3,0.7,8,0.17167720198631287,0.23597918450832367,0.23597918450832367,0.17167720198631287,-0.0643019825220108,-0.0643019825220108,0.47765612602233887,0.00974524300545454,0.36786404252052307
2026_08_18_00_54_32_747715_L3_left_C0,L3,C0,0.0,0.0,red,left,right,left,pick up the red block,2,pregrasp,32,48,16,0.4,0.3404255319148936,4,8,0.3,0.7,8,0.21163269877433777,0.2842315435409546,0.2842315435409546,0.21163269877433777,-0.07259884476661682,-0.07259884476661682,0.47765612602233887,0.00974524300545454,0.36786404252052307
2026_08_18_00_54_32_747715_L3_left_C0,L3,C0,0.0,0.0,red,left,right,left,pick up the red block,2,pregrasp,32,48,16,0.4,0.3404255319148936,5,8,0.3,0.7,8,0.3258911371231079,0.3589434325695038,0.3589434325695038,0.3258911371231079,-0.033052295446395874,-0.033052295446395874,0.47765612602233887,0.00974524300545454,0.36786404252052307
2026_08_18_00_54_32_747715_L3_left_C0,L3,C0,0.0,0.0,red,left,right,left,pick up the red block,2,pregrasp,32,48,16,0.4,0.3404255319148936,6,8,0.3,0.7,8,0.2738187909126282,0.3186343312263489,0.3186343312263489,0.2738187909126282,-0.0448155403137207,-0.0448155403137207,0.47765612602233887,0.00974524300545454,0.36786404252052307
2026_08_18_00_54_32_747715_L3_left_C0,L3,C0,0.0,0.0,red,left,right,left,pick up the red block,2,pregrasp,32,48,16,0.4,0.3404255319148936,7,8,0.3,0.7,8,0.24240654706954956,0.2914886176586151,0.2914886176586151,0.24240654706954956,-0.04908207058906555,-0.04908207058906555,0.47765612602233887,0.00974524300545454,0.36786404252052307
2026_08_18_00_54_32_747715_L3_left_C0,L3,C0,0.0,0.0,red,left,right,left,pick up the red block,2,pregrasp,32,48,16,0.4,0.3404255319148936,8,8,0.3,0.7,8,0.22817468643188477,0.26911088824272156,0.26911088824272156,0.22817468643188477,-0.04093620181083679,-0.04093620181083679,0.47765612602233887,0.00974524300545454,0.36786404252052307
2026_08_18_00_54_32_747715_L3_left_C0,L3,C0,0.0,0.0,red,left,right,left,pick up the red block,2,pregrasp,32,48,16,0.4,0.3404255319148936,9,8,0.3,0.7,8,0.2796505093574524,0.338209331035614,0.338209331035614,0.2796505093574524,-0.05855882167816162,-0.05855882167816162,0.47765612602233887,0.00974524300545454,0.36786404252052307
2026_08_18_00_54_32_747715_L3_left_C0,L3,C0,0.0,0.0,red,left,right,left,pick up the red block,3,pregrasp,48,64,16,0.5333333333333333,0.45390070921985815,0,8,0.3,0.7,8,0.27344566583633423,0.33600348234176636,0.33600348234176636,0.27344566583633423,-0.06255781650543213,-0.06255781650543213,0.5285304188728333,0.016654228791594505,0.32051193714141846
2026_08_18_00_54_32_747715_L3_left_C0,L3,C0,0.0,0.0,red,left,right,left,pick up the red block,3,pregrasp,48,64,16,0.5333333333333333,0.45390070921985815,1,8,0.3,0.7,8,0.16913734376430511,0.24394427239894867,0.24394427239894867,0.16913734376430511,-0.07480692863464355,-0.07480692863464355,0.5285304188728333,0.016654228791594505,0.32051193714141846
2026_08_18_00_54_32_747715_L3_left_C0,L3,C0,0.0,0.0,red,left,right,left,pick up the red block,3,pregrasp,48,64,16,0.5333333333333333,0.45390070921985815,2,8,0.3,0.7,8,0.2441607415676117,0.31176620721817017,0.31176620721817017,0.2441607415676117,-0.06760546565055847,-0.06760546565055847,0.5285304188728333,0.016654228791594505,0.32051193714141846
2026_08_18_00_54_32_747715_L3_left_C0,L3,C0,0.0,0.0,red,left,right,left,pick up the red block,3,pregrasp,48,64,16,0.5333333333333333,0.45390070921985815,3,8,0.3,0.7,8,0.2721407115459442,0.3321835994720459,0.3321835994720459,0.2721407115459442,-0.060042887926101685,-0.060042887926101685,0.5285304188728333,0.016654228791594505,0.32051193714141846
2026_08_18_00_54_32_747715_L3_left_C0,L3,C0,0.0,0.0,red,left,right,left,pick up the red block,3,pregrasp,48,64,16,0.5333333333333333,0.45390070921985815,4,8,0.3,0.7,8,0.3376333713531494,0.35992252826690674,0.35992252826690674,0.3376333713531494,-0.022289156913757324,-0.022289156913757324,0.5285304188728333,0.016654228791594505,0.32051193714141846
2026_08_18_00_54_32_747715_L3_left_C0,L3,C0,0.0,0.0,red,left,right,left,pick up the red block,3,pregrasp,48,64,16,0.5333333333333333,0.45390070921985815,5,8,0.3,0.7,8,0.2593909502029419,0.32204964756965637,0.32204964756965637,0.2593909502029419,-0.06265869736671448,-0.06265869736671448,0.5285304188728333,0.016654228791594505,0.32051193714141846
2026_08_18_00_54_32_747715_L3_left_C0,L3,C0,0.0,0.0,red,left,right,left,pick up the red block,3,pregrasp,48,64,16,0.5333333333333333,0.45390070921985815,6,8,0.3,0.7,8,0.22417044639587402,0.32092925906181335,0.32092925906181335,0.22417044639587402,-0.09675881266593933,-0.09675881266593933,0.5285304188728333,0.016654228791594505,0.32051193714141846
2026_08_18_00_54_32_747715_L3_left_C0,L3,C0,0.0,0.0,red,left,right,left,pick up the red block,3,pregrasp,48,64,16,0.5333333333333333,0.45390070921985815,7,8,0.3,0.7,8,0.1935865730047226,0.24101710319519043,0.24101710319519043,0.1935865730047226,-0.047430530190467834,-0.047430530190467834,0.5285304188728333,0.016654228791594505,0.32051193714141846
2026_08_18_00_54_32_747715_L3_left_C0,L3,C0,0.0,0.0,red,left,right,left,pick up the red block,3,pregrasp,48,64,16,0.5333333333333333,0.45390070921985815,8,8,0.3,0.7,8,0.23499029874801636,0.2997184693813324,0.2997184693813324,0.23499029874801636,-0.06472817063331604,-0.06472817063331604,0.5285304188728333,0.016654228791594505,0.32051193714141846
2026_08_18_00_54_32_747715_L3_left_C0,L3,C0,0.0,0.0,red,left,right,left,pick up the red block,3,pregrasp,48,64,16,0.5333333333333333,0.45390070921985815,9,8,0.3,0.7,8,0.14837393164634705,0.21143218874931335,0.21143218874931335,0.14837393164634705,-0.06305825710296631,-0.06305825710296631,0.5285304188728333,0.016654228791594505,0.32051193714141846
2026_08_18_00_54_32_747715_L3_left_C0,L3,C0,0.0,0.0,red,left,right,left,pick up the red block,4,pregrasp,64,80,16,0.6666666666666666,0.5673758865248227,0,8,0.3,0.7,8,0.14494751393795013,0.1499701887369156,0.1499701887369156,0.14494751393795013,-0.005022674798965454,-0.005022674798965454,0.5793185234069824,0.024500800296664238,0.27272605895996094
2026_08_18_00_54_32_747715_L3_left_C0,L3,C0,0.0,0.0,red,left,right,left,pick up the red block,4,pregrasp,64,80,16,0.6666666666666666,0.5673758865248227,1,8,0.3,0.7,8,0.3124276399612427,0.26983189582824707,0.26983189582824707,0.3124276399612427,0.042595744132995605,0.042595744132995605,0.5793185234069824,0.024500800296664238,0.27272605895996094
2026_08_18_00_54_32_747715_L3_left_C0,L3,C0,0.0,0.0,red,left,right,left,pick up the red block,4,pregrasp,64,80,16,0.6666666666666666,0.5673758865248227,2,8,0.3,0.7,8,0.1760815680027008,0.15748994052410126,0.15748994052410126,0.1760815680027008,0.01859162747859955,0.01859162747859955,0.5793185234069824,0.024500800296664238,0.27272605895996094
2026_08_18_00_54_32_747715_L3_left_C0,L3,C0,0.0,0.0,red,left,right,left,pick up the red block,4,pregrasp,64,80,16,0.6666666666666666,0.5673758865248227,3,8,0.3,0.7,8,0.19791235029697418,0.1725318878889084,0.1725318878889084,0.19791235029697418,0.025380462408065796,0.025380462408065796,0.5793185234069824,0.024500800296664238,0.27272605895996094
2026_08_18_00_54_32_747715_L3_left_C0,L3,C0,0.0,0.0,red,left,right,left,pick up the red block,4,pregrasp,64,80,16,0.6666666666666666,0.5673758865248227,4,8,0.3,0.7,8,0.22496074438095093,0.2038751244544983,0.2038751244544983,0.22496074438095093,0.021085619926452637,0.021085619926452637,0.5793185234069824,0.024500800296664238,0.27272605895996094
2026_08_18_00_54_32_747715_L3_left_C0,L3,C0,0.0,0.0,red,left,right,left,pick up the red block,4,pregrasp,64,80,16,0.6666666666666666,0.5673758865248227,5,8,0.3,0.7,8,0.2510146200656891,0.2246643751859665,0.2246643751859665,0.2510146200656891,0.026350244879722595,0.026350244879722595,0.5793185234069824,0.024500800296664238,0.27272605895996094
2026_08_18_00_54_32_747715_L3_left_C0,L3,C0,0.0,0.0,red,left,right,left,pick up the red block,4,pregrasp,64,80,16,0.6666666666666666,0.5673758865248227,6,8,0.3,0.7,8,0.2605688273906708,0.24627885222434998,0.24627885222434998,0.2605688273906708,0.0142899751663208,0.0142899751663208,0.5793185234069824,0.024500800296664238,0.27272605895996094
2026_08_18_00_54_32_747715_L3_left_C0,L3,C0,0.0,0.0,red,left,right,left,pick up the red block,4,pregrasp,64,80,16,0.6666666666666666,0.5673758865248227,7,8,0.3,0.7,8,0.15290094912052155,0.14699852466583252,0.14699852466583252,0.15290094912052155,0.005902424454689026,0.005902424454689026,0.5793185234069824,0.024500800296664238,0.27272605895996094
2026_08_18_00_54_32_747715_L3_left_C0,L3,C0,0.0,0.0,red,left,right,left,pick up the red block,4,pregrasp,64,80,16,0.6666666666666666,0.5673758865248227,8,8,0.3,0.7,8,0.18139101564884186,0.17682112753391266,0.17682112753391266,0.18139101564884186,0.004569888114929199,0.004569888114929199,0.5793185234069824,0.024500800296664238,0.27272605895996094
2026_08_18_00_54_32_747715_L3_left_C0,L3,C0,0.0,0.0,red,left,right,left,pick up the red block,4,pregrasp,64,80,16,0.6666666666666666,0.5673758865248227,9,8,0.3,0.7,8,0.24668896198272705,0.2045276015996933,0.2045276015996933,0.24668896198272705,0.04216136038303375,0.04216136038303375,0.5793185234069824,0.024500800296664238,0.27272605895996094
2026_08_18_00_54_32_747715_L3_left_C0,L3,C0,0.0,0.0,red,left,right,left,pick up the red block,5,pregrasp,80,96,16,0.8,0.6808510638297872,0,8,0.3,0.7,8,0.2429696023464203,0.18625691533088684,0.18625691533088684,0.2429696023464203,0.05671268701553345,0.05671268701553345,0.6296406984329224,0.03180771693587303,0.22454507648944855
2026_08_18_00_54_32_747715_L3_left_C0,L3,C0,0.0,0.0,red,left,right,left,pick up the red block,5,pregrasp,80,96,16,0.8,0.6808510638297872,1,8,0.3,0.7,8,0.30893221497535706,0.22982987761497498,0.22982987761497498,0.30893221497535706,0.07910233736038208,0.07910233736038208,0.6296406984329224,0.03180771693587303,0.22454507648944855
2026_08_18_00_54_32_747715_L3_left_C0,L3,C0,0.0,0.0,red,left,right,left,pick up the red block,5,pregrasp,80,96,16,0.8,0.6808510638297872,2,8,0.3,0.7,8,0.29823726415634155,0.2218335121870041,0.2218335121870041,0.29823726415634155,0.07640375196933746,0.07640375196933746,0.6296406984329224,0.03180771693587303,0.22454507648944855
2026_08_18_00_54_32_747715_L3_left_C0,L3,C0,0.0,0.0,red,left,right,left,pick up the red block,5,pregrasp,80,96,16,0.8,0.6808510638297872,3,8,0.3,0.7,8,0.21304833889007568,0.1554979681968689,0.1554979681968689,0.21304833889007568,0.05755037069320679,0.05755037069320679,0.6296406984329224,0.03180771693587303,0.22454507648944855
2026_08_18_00_54_32_747715_L3_left_C0,L3,C0,0.0,0.0,red,left,right,left,pick up the red block,5,pregrasp,80,96,16,0.8,0.6808510638297872,4,8,0.3,0.7,8,0.25889599323272705,0.20448753237724304,0.20448753237724304,0.25889599323272705,0.05440846085548401,0.05440846085548401,0.6296406984329224,0.03180771693587303,0.22454507648944855
2026_08_18_00_54_32_747715_L3_left_C0,L3,C0,0.0,0.0,red,left,right,left,pick up the red block,5,pregrasp,80,96,16,0.8,0.6808510638297872,5,8,0.3,0.7,8,0.2939676344394684,0.23499396443367004,0.23499396443367004,0.2939676344394684,0.05897367000579834,0.05897367000579834,0.6296406984329224,0.03180771693587303,0.22454507648944855
2026_08_18_00_54_32_747715_L3_left_C0,L3,C0,0.0,0.0,red,left,right,left,pick up the red block,5,pregrasp,80,96,16,0.8,0.6808510638297872,6,8,0.3,0.7,8,0.26655471324920654,0.1945384442806244,0.1945384442806244,0.26655471324920654,0.07201626896858215,0.07201626896858215,0.6296406984329224,0.03180771693587303,0.22454507648944855
2026_08_18_00_54_32_747715_L3_left_C0,L3,C0,0.0,0.0,red,left,right,left,pick up the red block,5,pregrasp,80,96,16,0.8,0.6808510638297872,7,8,0.3,0.7,8,0.18548622727394104,0.13020841777324677,0.13020841777324677,0.18548622727394104,0.055277809500694275,0.055277809500694275,0.6296406984329224,0.03180771693587303,0.22454507648944855
2026_08_18_00_54_32_747715_L3_left_C0,L3,C0,0.0,0.0,red,left,right,left,pick up the red block,5,pregrasp,80,96,16,0.8,0.6808510638297872,8,8,0.3,0.7,8,0.1959371119737625,0.1390441209077835,0.1390441209077835,0.1959371119737625,0.056892991065979004,0.056892991065979004,0.6296406984329224,0.03180771693587303,0.22454507648944855
2026_08_18_00_54_32_747715_L3_left_C0,L3,C0,0.0,0.0,red,left,right,left,pick up the red block,5,pregrasp,80,96,16,0.8,0.6808510638297872,9,8,0.3,0.7,8,0.23389042913913727,0.17404921352863312,0.17404921352863312,0.23389042913913727,0.05984121561050415,0.05984121561050415,0.6296406984329224,0.03180771693587303,0.22454507648944855
2026_08_18_00_54_32_747715_L3_left_C0,L3,C0,0.0,0.0,red,left,right,left,pick up the red block,6,pregrasp,96,112,16,0.9333333333333333,0.7943262411347518,0,8,0.3,0.7,8,0.1424540877342224,0.12444232404232025,0.12444232404232025,0.1424540877342224,0.01801176369190216,0.01801176369190216,0.6669975519180298,0.03684023767709732,0.18876275420188904
2026_08_18_00_54_32_747715_L3_left_C0,L3,C0,0.0,0.0,red,left,right,left,pick up the red block,6,pregrasp,96,112,16,0.9333333333333333,0.7943262411347518,1,8,0.3,0.7,8,0.20907297730445862,0.18748655915260315,0.18748655915260315,0.20907297730445862,0.02158641815185547,0.02158641815185547,0.6669975519180298,0.03684023767709732,0.18876275420188904
2026_08_18_00_54_32_747715_L3_left_C0,L3,C0,0.0,0.0,red,left,right,left,pick up the red block,6,pregrasp,96,112,16,0.9333333333333333,0.7943262411347518,2,8,0.3,0.7,8,0.23103994131088257,0.21587467193603516,0.21587467193603516,0.23103994131088257,0.015165269374847412,0.015165269374847412,0.6669975519180298,0.03684023767709732,0.18876275420188904
2026_08_18_00_54_32_747715_L3_left_C0,L3,C0,0.0,0.0,red,left,right,left,pick up the red block,6,pregrasp,96,112,16,0.9333333333333333,0.7943262411347518,3,8,0.3,0.7,8,0.2627975642681122,0.24870064854621887,0.24870064854621887,0.2627975642681122,0.01409691572189331,0.01409691572189331,0.6669975519180298,0.03684023767709732,0.18876275420188904
2026_08_18_00_54_32_747715_L3_left_C0,L3,C0,0.0,0.0,red,left,right,left,pick up the red block,6,pregrasp,96,112,16,0.9333333333333333,0.7943262411347518,4,8,0.3,0.7,8,0.24340836703777313,0.2262895703315735,0.2262895703315735,0.24340836703777313,0.017118796706199646,0.017118796706199646,0.6669975519180298,0.03684023767709732,0.18876275420188904
2026_08_18_00_54_32_747715_L3_left_C0,L3,C0,0.0,0.0,red,left,right,left,pick up the red block,6,pregrasp,96,112,16,0.9333333333333333,0.7943262411347518,5,8,0.3,0.7,8,0.15383242070674896,0.1461973786354065,0.1461973786354065,0.15383242070674896,0.007635042071342468,0.007635042071342468,0.6669975519180298,0.03684023767709732,0.18876275420188904
2026_08_18_00_54_32_747715_L3_left_C0,L3,C0,0.0,0.0,red,left,right,left,pick up the red block,6,pregrasp,96,112,16,0.9333333333333333,0.7943262411347518,6,8,0.3,0.7,8,0.21059823036193848,0.1843031495809555,0.1843031495809555,0.21059823036193848,0.02629508078098297,0.02629508078098297,0.6669975519180298,0.03684023767709732,0.18876275420188904
2026_08_18_00_54_32_747715_L3_left_C0,L3,C0,0.0,0.0,red,left,right,left,pick up the red block,6,pregrasp,96,112,16,0.9333333333333333,0.7943262411347518,7,8,0.3,0.7,8,0.140814870595932,0.12393847107887268,0.12393847107887268,0.140814870595932,0.016876399517059326,0.016876399517059326,0.6669975519180298,0.03684023767709732,0.18876275420188904
2026_08_18_00_54_32_747715_L3_left_C0,L3,C0,0.0,0.0,red,left,right,left,pick up the red block,6,pregrasp,96,112,16,0.9333333333333333,0.7943262411347518,8,8,0.3,0.7,8,0.15580278635025024,0.14751827716827393,0.14751827716827393,0.15580278635025024,0.008284509181976318,0.008284509181976318,0.6669975519180298,0.03684023767709732,0.18876275420188904
2026_08_18_00_54_32_747715_L3_left_C0,L3,C0,0.0,0.0,red,left,right,left,pick up the red block,6,pregrasp,96,112,16,0.9333333333333333,0.7943262411347518,9,8,0.3,0.7,8,0.14274457097053528,0.13749365508556366,0.13749365508556366,0.14274457097053528,0.005250915884971619,0.005250915884971619,0.6669975519180298,0.03684023767709732,0.18876275420188904
2026_08_18_00_54_32_747715_L3_left_C0,L3,C0,0.0,0.0,red,left,right,left,pick up the red block,7,pregrasp,112,120,8,1.0,0.851063829787234,0,8,0.3,0.7,8,0.3591601550579071,0.29634401202201843,0.29634401202201843,0.3591601550579071,0.06281614303588867,0.06281614303588867,0.6673650741577148,0.03694906830787659,0.18875820934772491
2026_08_18_00_54_32_747715_L3_left_C0,L3,C0,0.0,0.0,red,left,right,left,pick up the red block,7,pregrasp,112,120,8,1.0,0.851063829787234,1,8,0.3,0.7,8,0.21574299037456512,0.15801677107810974,0.15801677107810974,0.21574299037456512,0.05772621929645538,0.05772621929645538,0.6673650741577148,0.03694906830787659,0.18875820934772491
2026_08_18_00_54_32_747715_L3_left_C0,L3,C0,0.0,0.0,red,left,right,left,pick up the red block,7,pregrasp,112,120,8,1.0,0.851063829787234,2,8,0.3,0.7,8,0.20871442556381226,0.16072207689285278,0.16072207689285278,0.20871442556381226,0.04799234867095947,0.04799234867095947,0.6673650741577148,0.03694906830787659,0.18875820934772491
2026_08_18_00_54_32_747715_L3_left_C0,L3,C0,0.0,0.0,red,left,right,left,pick up the red block,7,pregrasp,112,120,8,1.0,0.851063829787234,3,8,0.3,0.7,8,0.29005569219589233,0.24081024527549744,0.24081024527549744,0.29005569219589233,0.0492454469203949,0.0492454469203949,0.6673650741577148,0.03694906830787659,0.18875820934772491
2026_08_18_00_54_32_747715_L3_left_C0,L3,C0,0.0,0.0,red,left,right,left,pick up the red block,7,pregrasp,112,120,8,1.0,0.851063829787234,4,8,0.3,0.7,8,0.3298460841178894,0.26122304797172546,0.26122304797172546,0.3298460841178894,0.06862303614616394,0.06862303614616394,0.6673650741577148,0.03694906830787659,0.18875820934772491
2026_08_18_00_54_32_747715_L3_left_C0,L3,C0,0.0,0.0,red,left,right,left,pick up the red block,7,pregrasp,112,120,8,1.0,0.851063829787234,5,8,0.3,0.7,8,0.3087409436702728,0.25105351209640503,0.25105351209640503,0.3087409436702728,0.0576874315738678,0.0576874315738678,0.6673650741577148,0.03694906830787659,0.18875820934772491
2026_08_18_00_54_32_747715_L3_left_C0,L3,C0,0.0,0.0,red,left,right,left,pick up the red block,7,pregrasp,112,120,8,1.0,0.851063829787234,6,8,0.3,0.7,8,0.3116928040981293,0.24205777049064636,0.24205777049064636,0.3116928040981293,0.06963503360748291,0.06963503360748291,0.6673650741577148,0.03694906830787659,0.18875820934772491
2026_08_18_00_54_32_747715_L3_left_C0,L3,C0,0.0,0.0,red,left,right,left,pick up the red block,7,pregrasp,112,120,8,1.0,0.851063829787234,7,8,0.3,0.7,8,0.2838948965072632,0.2308160960674286,0.2308160960674286,0.2838948965072632,0.053078800439834595,0.053078800439834595,0.6673650741577148,0.03694906830787659,0.18875820934772491
2026_08_18_00_54_32_747715_L3_left_C0,L3,C0,0.0,0.0,red,left,right,left,pick up the red block,7,pregrasp,112,120,8,1.0,0.851063829787234,8,8,0.3,0.7,8,0.29615065455436707,0.2427576184272766,0.2427576184272766,0.29615065455436707,0.053393036127090454,0.053393036127090454,0.6673650741577148,0.03694906830787659,0.18875820934772491
2026_08_18_00_54_32_747715_L3_left_C0,L3,C0,0.0,0.0,red,left,right,left,pick up the red block,7,pregrasp,112,120,8,1.0,0.851063829787234,9,8,0.3,0.7,8,0.2599084973335266,0.20702014863491058,0.20702014863491058,0.2599084973335266,0.05288834869861603,0.05288834869861603,0.6673650741577148,0.03694906830787659,0.18875820934772491
2026_08_18_00_54_32_747715_L3_left_C0,L3,C0,0.0,0.0,red,left,right,left,pick up the red block,8,postgrasp,120,136,16,1.0,0.9645390070921985,0,8,0.3,0.7,8,0.3866267800331116,0.2945842742919922,0.2945842742919922,0.3866267800331116,0.09204250574111938,0.09204250574111938,0.6680166125297546,0.03757896646857262,0.18935321271419525
2026_08_18_00_54_32_747715_L3_left_C0,L3,C0,0.0,0.0,red,left,right,left,pick up the red block,8,postgrasp,120,136,16,1.0,0.9645390070921985,1,8,0.3,0.7,8,0.5545765161514282,0.41907915472984314,0.41907915472984314,0.5545765161514282,0.13549736142158508,0.13549736142158508,0.6680166125297546,0.03757896646857262,0.18935321271419525
2026_08_18_00_54_32_747715_L3_left_C0,L3,C0,0.0,0.0,red,left,right,left,pick up the red block,8,postgrasp,120,136,16,1.0,0.9645390070921985,2,8,0.3,0.7,8,0.47566479444503784,0.36855143308639526,0.36855143308639526,0.47566479444503784,0.10711336135864258,0.10711336135864258,0.6680166125297546,0.03757896646857262,0.18935321271419525
2026_08_18_00_54_32_747715_L3_left_C0,L3,C0,0.0,0.0,red,left,right,left,pick up the red block,8,postgrasp,120,136,16,1.0,0.9645390070921985,3,8,0.3,0.7,8,0.5347324013710022,0.4369378685951233,0.4369378685951233,0.5347324013710022,0.0977945327758789,0.0977945327758789,0.6680166125297546,0.03757896646857262,0.18935321271419525
2026_08_18_00_54_32_747715_L3_left_C0,L3,C0,0.0,0.0,red,left,right,left,pick up the red block,8,postgrasp,120,136,16,1.0,0.9645390070921985,4,8,0.3,0.7,8,0.39802247285842896,0.31849804520606995,0.31849804520606995,0.39802247285842896,0.07952442765235901,0.07952442765235901,0.6680166125297546,0.03757896646857262,0.18935321271419525
2026_08_18_00_54_32_747715_L3_left_C0,L3,C0,0.0,0.0,red,left,right,left,pick up the red block,8,postgrasp,120,136,16,1.0,0.9645390070921985,5,8,0.3,0.7,8,0.6033253073692322,0.4432876706123352,0.4432876706123352,0.6033253073692322,0.16003763675689697,0.16003763675689697,0.6680166125297546,0.03757896646857262,0.18935321271419525
2026_08_18_00_54_32_747715_L3_left_C0,L3,C0,0.0,0.0,red,left,right,left,pick up the red block,8,postgrasp,120,136,16,1.0,0.9645390070921985,6,8,0.3,0.7,8,0.3281693458557129,0.2633504271507263,0.2633504271507263,0.3281693458557129,0.06481891870498657,0.06481891870498657,0.6680166125297546,0.03757896646857262,0.18935321271419525
2026_08_18_00_54_32_747715_L3_left_C0,L3,C0,0.0,0.0,red,left,right,left,pick up the red block,8,postgrasp,120,136,16,1.0,0.9645390070921985,7,8,0.3,0.7,8,0.5865134000778198,0.42699283361434937,0.42699283361434937,0.5865134000778198,0.15952056646347046,0.15952056646347046,0.6680166125297546,0.03757896646857262,0.18935321271419525
2026_08_18_00_54_32_747715_L3_left_C0,L3,C0,0.0,0.0,red,left,right,left,pick up the red block,8,postgrasp,120,136,16,1.0,0.9645390070921985,8,8,0.3,0.7,8,0.5530712604522705,0.3899350166320801,0.3899350166320801,0.5530712604522705,0.16313624382019043,0.16313624382019043,0.6680166125297546,0.03757896646857262,0.18935321271419525
2026_08_18_00_54_32_747715_L3_left_C0,L3,C0,0.0,0.0,red,left,right,left,pick up the red block,8,postgrasp,120,136,16,1.0,0.9645390070921985,9,8,0.3,0.7,8,0.5376787781715393,0.40782347321510315,0.40782347321510315,0.5376787781715393,0.12985530495643616,0.12985530495643616,0.6680166125297546,0.03757896646857262,0.18935321271419525
2026_08_18_00_54_32_747715_L3_left_C0,L3,C0,0.0,0.0,red,left,right,left,pick up the red block,9,postgrasp,136,141,5,1.0,1.0,0,8,0.3,0.7,8,0.34811490774154663,0.31740134954452515,0.31740134954452515,0.34811490774154663,0.030713558197021484,0.030713558197021484,0.6680207848548889,0.037577804177999496,0.18935313820838928
2026_08_18_00_54_32_747715_L3_left_C0,L3,C0,0.0,0.0,red,left,right,left,pick up the red block,9,postgrasp,136,141,5,1.0,1.0,1,8,0.3,0.7,8,0.4146101176738739,0.30041465163230896,0.30041465163230896,0.4146101176738739,0.11419546604156494,0.11419546604156494,0.6680207848548889,0.037577804177999496,0.18935313820838928
2026_08_18_00_54_32_747715_L3_left_C0,L3,C0,0.0,0.0,red,left,right,left,pick up the red block,9,postgrasp,136,141,5,1.0,1.0,2,8,0.3,0.7,8,0.3567476272583008,0.3139462471008301,0.3139462471008301,0.3567476272583008,0.0428013801574707,0.0428013801574707,0.6680207848548889,0.037577804177999496,0.18935313820838928
2026_08_18_00_54_32_747715_L3_left_C0,L3,C0,0.0,0.0,red,left,right,left,pick up the red block,9,postgrasp,136,141,5,1.0,1.0,3,8,0.3,0.7,8,0.30979910492897034,0.2285890132188797,0.2285890132188797,0.30979910492897034,0.08121009171009064,0.08121009171009064,0.6680207848548889,0.037577804177999496,0.18935313820838928
2026_08_18_00_54_32_747715_L3_left_C0,L3,C0,0.0,0.0,red,left,right,left,pick up the red block,9,postgrasp,136,141,5,1.0,1.0,4,8,0.3,0.7,8,0.39421775937080383,0.36033371090888977,0.36033371090888977,0.39421775937080383,0.03388404846191406,0.03388404846191406,0.6680207848548889,0.037577804177999496,0.18935313820838928
2026_08_18_00_54_32_747715_L3_left_C0,L3,C0,0.0,0.0,red,left,right,left,pick up the red block,9,postgrasp,136,141,5,1.0,1.0,5,8,0.3,0.7,8,0.3829977214336395,0.2937971353530884,0.2937971353530884,0.3829977214336395,0.08920058608055115,0.08920058608055115,0.6680207848548889,0.037577804177999496,0.18935313820838928
2026_08_18_00_54_32_747715_L3_left_C0,L3,C0,0.0,0.0,red,left,right,left,pick up the red block,9,postgrasp,136,141,5,1.0,1.0,6,8,0.3,0.7,8,0.3842464089393616,0.37578052282333374,0.37578052282333374,0.3842464089393616,0.008465886116027832,0.008465886116027832,0.6680207848548889,0.037577804177999496,0.18935313820838928
2026_08_18_00_54_32_747715_L3_left_C0,L3,C0,0.0,0.0,red,left,right,left,pick up the red block,9,postgrasp,136,141,5,1.0,1.0,7,8,0.3,0.7,8,0.37143370509147644,0.3522208333015442,0.3522208333015442,0.37143370509147644,0.01921287178993225,0.01921287178993225,0.6680207848548889,0.037577804177999496,0.18935313820838928
2026_08_18_00_54_32_747715_L3_left_C0,L3,C0,0.0,0.0,red,left,right,left,pick up the red block,9,postgrasp,136,141,5,1.0,1.0,8,8,0.3,0.7,8,0.40257346630096436,0.3888854384422302,0.3888854384422302,0.40257346630096436,0.01368802785873413,0.01368802785873413,0.6680207848548889,0.037577804177999496,0.18935313820838928
2026_08_18_00_54_32_747715_L3_left_C0,L3,C0,0.0,0.0,red,left,right,left,pick up the red block,9,postgrasp,136,141,5,1.0,1.0,9,8,0.3,0.7,8,0.3781094253063202,0.33630049228668213,0.33630049228668213,0.3781094253063202,0.04180893301963806,0.04180893301963806,0.6680207848548889,0.037577804177999496,0.18935313820838928
2026_08_18_00_55_01_843645_L3_left_C1,L3,C1,2.0,0.1694548757406934,red,left,right,left,pick up the red block,0,pregrasp,0,16,16,0.12121212121212122,0.10457516339869281,0,8,0.3,0.7,8,0.35626286268234253,0.2911553680896759,0.2911553680896759,0.35626286268234253,0.06510749459266663,0.06510749459266663,0.37314075231552124,0.023768117651343346,0.4784599244594574
2026_08_18_00_55_01_843645_L3_left_C1,L3,C1,2.0,0.1694548757406934,red,left,right,left,pick up the red block,0,pregrasp,0,16,16,0.12121212121212122,0.10457516339869281,1,8,0.3,0.7,8,0.34158143401145935,0.2818724811077118,0.2818724811077118,0.34158143401145935,0.05970895290374756,0.05970895290374756,0.37314075231552124,0.023768117651343346,0.4784599244594574
2026_08_18_00_55_01_843645_L3_left_C1,L3,C1,2.0,0.1694548757406934,red,left,right,left,pick up the red block,0,pregrasp,0,16,16,0.12121212121212122,0.10457516339869281,2,8,0.3,0.7,8,0.44667449593544006,0.36582380533218384,0.36582380533218384,0.44667449593544006,0.08085069060325623,0.08085069060325623,0.37314075231552124,0.023768117651343346,0.4784599244594574
2026_08_18_00_55_01_843645_L3_left_C1,L3,C1,2.0,0.1694548757406934,red,left,right,left,pick up the red block,0,pregrasp,0,16,16,0.12121212121212122,0.10457516339869281,3,8,0.3,0.7,8,0.4210706353187561,0.36907947063446045,0.36907947063446045,0.4210706353187561,0.051991164684295654,0.051991164684295654,0.37314075231552124,0.023768117651343346,0.4784599244594574
2026_08_18_00_55_01_843645_L3_left_C1,L3,C1,2.0,0.1694548757406934,red,left,right,left,pick up the red block,0,pregrasp,0,16,16,0.12121212121212122,0.10457516339869281,4,8,0.3,0.7,8,0.44900113344192505,0.38458913564682007,0.38458913564682007,0.44900113344192505,0.06441199779510498,0.06441199779510498,0.37314075231552124,0.023768117651343346,0.4784599244594574
2026_08_18_00_55_01_843645_L3_left_C1,L3,C1,2.0,0.1694548757406934,red,left,right,left,pick up the red block,0,pregrasp,0,16,16,0.12121212121212122,0.10457516339869281,5,8,0.3,0.7,8,0.3861308991909027,0.3443799912929535,0.3443799912929535,0.3861308991909027,0.04175090789794922,0.04175090789794922,0.37314075231552124,0.023768117651343346,0.4784599244594574
2026_08_18_00_55_01_843645_L3_left_C1,L3,C1,2.0,0.1694548757406934,red,left,right,left,pick up the red block,0,pregrasp,0,16,16,0.12121212121212122,0.10457516339869281,6,8,0.3,0.7,8,0.35993075370788574,0.2941426634788513,0.2941426634788513,0.35993075370788574,0.06578809022903442,0.06578809022903442,0.37314075231552124,0.023768117651343346,0.4784599244594574
2026_08_18_00_55_01_843645_L3_left_C1,L3,C1,2.0,0.1694548757406934,red,left,right,left,pick up the red block,0,pregrasp,0,16,16,0.12121212121212122,0.10457516339869281,7,8,0.3,0.7,8,0.3925427198410034,0.3285945951938629,0.3285945951938629,0.3925427198410034,0.0639481246471405,0.0639481246471405,0.37314075231552124,0.023768117651343346,0.4784599244594574
2026_08_18_00_55_01_843645_L3_left_C1,L3,C1,2.0,0.1694548757406934,red,left,right,left,pick up the red block,0,pregrasp,0,16,16,0.12121212121212122,0.10457516339869281,8,8,0.3,0.7,8,0.43132951855659485,0.37703827023506165,0.37703827023506165,0.43132951855659485,0.0542912483215332,0.0542912483215332,0.37314075231552124,0.023768117651343346,0.4784599244594574
2026_08_18_00_55_01_843645_L3_left_C1,L3,C1,2.0,0.1694548757406934,red,left,right,left,pick up the red block,0,pregrasp,0,16,16,0.12121212121212122,0.10457516339869281,9,8,0.3,0.7,8,0.39097175002098083,0.3177095651626587,0.3177095651626587,0.39097175002098083,0.07326218485832214,0.07326218485832214,0.37314075231552124,0.023768117651343346,0.4784599244594574
2026_08_18_00_55_01_843645_L3_left_C1,L3,C1,2.0,0.1694548757406934,red,left,right,left,pick up the red block,1,pregrasp,16,32,16,0.24242424242424243,0.20915032679738563,0,8,0.3,0.7,8,0.2750072181224823,0.3567643463611603,0.3567643463611603,0.2750072181224823,-0.08175712823867798,-0.08175712823867798,0.4038473963737488,0.0703820139169693,0.43927133083343506
2026_08_18_00_55_01_843645_L3_left_C1,L3,C1,2.0,0.1694548757406934,red,left,right,left,pick up the red block,1,pregrasp,16,32,16,0.24242424242424243,0.20915032679738563,1,8,0.3,0.7,8,0.3005144000053406,0.31427982449531555,0.31427982449531555,0.3005144000053406,-0.013765424489974976,-0.013765424489974976,0.4038473963737488,0.0703820139169693,0.43927133083343506
2026_08_18_00_55_01_843645_L3_left_C1,L3,C1,2.0,0.1694548757406934,red,left,right,left,pick up the red block,1,pregrasp,16,32,16,0.24242424242424243,0.20915032679738563,2,8,0.3,0.7,8,0.2943243384361267,0.3374953866004944,0.3374953866004944,0.2943243384361267,-0.043171048164367676,-0.043171048164367676,0.4038473963737488,0.0703820139169693,0.43927133083343506
2026_08_18_00_55_01_843645_L3_left_C1,L3,C1,2.0,0.1694548757406934,red,left,right,left,pick up the red block,1,pregrasp,16,32,16,0.24242424242424243,0.20915032679738563,3,8,0.3,0.7,8,0.20583312213420868,0.2310597002506256,0.2310597002506256,0.20583312213420868,-0.02522657811641693,-0.02522657811641693,0.4038473963737488,0.0703820139169693,0.43927133083343506
2026_08_18_00_55_01_843645_L3_left_C1,L3,C1,2.0,0.1694548757406934,red,left,right,left,pick up the red block,1,pregrasp,16,32,16,0.24242424242424243,0.20915032679738563,4,8,0.3,0.7,8,0.2536255717277527,0.28630155324935913,0.28630155324935913,0.2536255717277527,-0.032675981521606445,-0.032675981521606445,0.4038473963737488,0.0703820139169693,0.43927133083343506
2026_08_18_00_55_01_843645_L3_left_C1,L3,C1,2.0,0.1694548757406934,red,left,right,left,pick up the red block,1,pregrasp,16,32,16,0.24242424242424243,0.20915032679738563,5,8,0.3,0.7,8,0.25728920102119446,0.29316842555999756,0.29316842555999756,0.25728920102119446,-0.0358792245388031,-0.0358792245388031,0.4038473963737488,0.0703820139169693,0.43927133083343506
2026_08_18_00_55_01_843645_L3_left_C1,L3,C1,2.0,0.1694548757406934,red,left,right,left,pick up the red block,1,pregrasp,16,32,16,0.24242424242424243,0.20915032679738563,6,8,0.3,0.7,8,0.17011846601963043,0.21006210148334503,0.21006210148334503,0.17011846601963043,-0.0399436354637146,-0.0399436354637146,0.4038473963737488,0.0703820139169693,0.43927133083343506
2026_08_18_00_55_01_843645_L3_left_C1,L3,C1,2.0,0.1694548757406934,red,left,right,left,pick up the red block,1,pregrasp,16,32,16,0.24242424242424243,0.20915032679738563,7,8,0.3,0.7,8,0.16327741742134094,0.21153444051742554,0.21153444051742554,0.16327741742134094,-0.048257023096084595,-0.048257023096084595,0.4038473963737488,0.0703820139169693,0.43927133083343506
2026_08_18_00_55_01_843645_L3_left_C1,L3,C1,2.0,0.1694548757406934,red,left,right,left,pick up the red block,1,pregrasp,16,32,16,0.24242424242424243,0.20915032679738563,8,8,0.3,0.7,8,0.32101646065711975,0.3082488477230072,0.3082488477230072,0.32101646065711975,0.012767612934112549,0.012767612934112549,0.4038473963737488,0.0703820139169693,0.43927133083343506
2026_08_18_00_55_01_843645_L3_left_C1,L3,C1,2.0,0.1694548757406934,red,left,right,left,pick up the red block,1,pregrasp,16,32,16,0.24242424242424243,0.20915032679738563,9,8,0.3,0.7,8,0.273301899433136,0.33304423093795776,0.33304423093795776,0.273301899433136,-0.05974233150482178,-0.05974233150482178,0.4038473963737488,0.0703820139169693,0.43927133083343506
2026_08_18_00_55_01_843645_L3_left_C1,L3,C1,2.0,0.1694548757406934,red,left,right,left,pick up the red block,2,pregrasp,32,48,16,0.36363636363636365,0.3137254901960784,0,8,0.3,0.7,8,0.2574215531349182,0.20224334299564362,0.20224334299564362,0.2574215531349182,0.0551782101392746,0.0551782101392746,0.44933807849884033,0.09989716112613678,0.3961505889892578
2026_08_18_00_55_01_843645_L3_left_C1,L3,C1,2.0,0.1694548757406934,red,left,right,left,pick up the red block,2,pregrasp,32,48,16,0.36363636363636365,0.3137254901960784,1,8,0.3,0.7,8,0.2759118974208832,0.2341299057006836,0.2341299057006836,0.2759118974208832,0.041781991720199585,0.041781991720199585,0.44933807849884033,0.09989716112613678,0.3961505889892578
2026_08_18_00_55_01_843645_L3_left_C1,L3,C1,2.0,0.1694548757406934,red,left,right,left,pick up the red block,2,pregrasp,32,48,16,0.36363636363636365,0.3137254901960784,2,8,0.3,0.7,8,0.24690304696559906,0.20957912504673004,0.20957912504673004,0.24690304696559906,0.03732392191886902,0.03732392191886902,0.44933807849884033,0.09989716112613678,0.3961505889892578
2026_08_18_00_55_01_843645_L3_left_C1,L3,C1,2.0,0.1694548757406934,red,left,right,left,pick up the red block,2,pregrasp,32,48,16,0.36363636363636365,0.3137254901960784,3,8,0.3,0.7,8,0.33041512966156006,0.27738136053085327,0.27738136053085327,0.33041512966156006,0.05303376913070679,0.05303376913070679,0.44933807849884033,0.09989716112613678,0.3961505889892578
2026_08_18_00_55_01_843645_L3_left_C1,L3,C1,2.0,0.1694548757406934,red,left,right,left,pick up the red block,2,pregrasp,32,48,16,0.36363636363636365,0.3137254901960784,4,8,0.3,0.7,8,0.24949640035629272,0.2003597617149353,0.2003597617149353,0.24949640035629272,0.04913663864135742,0.04913663864135742,0.44933807849884033,0.09989716112613678,0.3961505889892578
2026_08_18_00_55_01_843645_L3_left_C1,L3,C1,2.0,0.1694548757406934,red,left,right,left,pick up the red block,2,pregrasp,32,48,16,0.36363636363636365,0.3137254901960784,5,8,0.3,0.7,8,0.2345840483903885,0.19507858157157898,0.19507858157157898,0.2345840483903885,0.03950546681880951,0.03950546681880951,0.44933807849884033,0.09989716112613678,0.3961505889892578
2026_08_18_00_55_01_843645_L3_left_C1,L3,C1,2.0,0.1694548757406934,red,left,right,left,pick up the red block,2,pregrasp,32,48,16,0.36363636363636365,0.3137254901960784,6,8,0.3,0.7,8,0.17890436947345734,0.1644468903541565,0.1644468903541565,0.17890436947345734,0.014457479119300842,0.014457479119300842,0.44933807849884033,0.09989716112613678,0.3961505889892578
2026_08_18_00_55_01_843645_L3_left_C1,L3,C1,2.0,0.1694548757406934,red,left,right,left,pick up the red block,2,pregrasp,32,48,16,0.36363636363636365,0.3137254901960784,7,8,0.3,0.7,8,0.27338483929634094,0.23646637797355652,0.23646637797355652,0.27338483929634094,0.036918461322784424,0.036918461322784424,0.44933807849884033,0.09989716112613678,0.3961505889892578
2026_08_18_00_55_01_843645_L3_left_C1,L3,C1,2.0,0.1694548757406934,red,left,right,left,pick up the red block,2,pregrasp,32,48,16,0.36363636363636365,0.3137254901960784,8,8,0.3,0.7,8,0.2667141854763031,0.21751751005649567,0.21751751005649567,0.2667141854763031,0.049196675419807434,0.049196675419807434,0.44933807849884033,0.09989716112613678,0.3961505889892578
2026_08_18_00_55_01_843645_L3_left_C1,L3,C1,2.0,0.1694548757406934,red,left,right,left,pick up the red block,2,pregrasp,32,48,16,0.36363636363636365,0.3137254901960784,9,8,0.3,0.7,8,0.3876670002937317,0.31778788566589355,0.31778788566589355,0.3876670002937317,0.06987911462783813,0.06987911462783813,0.44933807849884033,0.09989716112613678,0.3961505889892578
2026_08_18_00_55_01_843645_L3_left_C1,L3,C1,2.0,0.1694548757406934,red,left,right,left,pick up the red block,3,pregrasp,48,64,16,0.48484848484848486,0.41830065359477125,0,8,0.3,0.7,8,0.34183478355407715,0.27171459794044495,0.27171459794044495,0.34183478355407715,0.0701201856136322,0.0701201856136322,0.4987024962902069,0.11113292723894119,0.3484199643135071
2026_08_18_00_55_01_843645_L3_left_C1,L3,C1,2.0,0.1694548757406934,red,left,right,left,pick up the red block,3,pregrasp,48,64,16,0.48484848484848486,0.41830065359477125,1,8,0.3,0.7,8,0.21931037306785583,0.18292883038520813,0.18292883038520813,0.21931037306785583,0.036381542682647705,0.036381542682647705,0.4987024962902069,0.11113292723894119,0.3484199643135071
2026_08_18_00_55_01_843645_L3_left_C1,L3,C1,2.0,0.1694548757406934,red,left,right,left,pick up the red block,3,pregrasp,48,64,16,0.48484848484848486,0.41830065359477125,2,8,0.3,0.7,8,0.2238297164440155,0.16885824501514435,0.16885824501514435,0.2238297164440155,0.054971471428871155,0.054971471428871155,0.4987024962902069,0.11113292723894119,0.3484199643135071
2026_08_18_00_55_01_843645_L3_left_C1,L3,C1,2.0,0.1694548757406934,red,left,right,left,pick up the red block,3,pregrasp,48,64,16,0.48484848484848486,0.41830065359477125,3,8,0.3,0.7,8,0.26382917165756226,0.2144240438938141,0.2144240438938141,0.26382917165756226,0.04940512776374817,0.04940512776374817,0.4987024962902069,0.11113292723894119,0.3484199643135071
2026_08_18_00_55_01_843645_L3_left_C1,L3,C1,2.0,0.1694548757406934,red,left,right,left,pick up the red block,3,pregrasp,48,64,16,0.48484848484848486,0.41830065359477125,4,8,0.3,0.7,8,0.3378230929374695,0.2718455195426941,0.2718455195426941,0.3378230929374695,0.06597757339477539,0.06597757339477539,0.4987024962902069,0.11113292723894119,0.3484199643135071
2026_08_18_00_55_01_843645_L3_left_C1,L3,C1,2.0,0.1694548757406934,red,left,right,left,pick up the red block,3,pregrasp,48,64,16,0.48484848484848486,0.41830065359477125,5,8,0.3,0.7,8,0.3024200201034546,0.266719788312912,0.266719788312912,0.3024200201034546,0.0357002317905426,0.0357002317905426,0.4987024962902069,0.11113292723894119,0.3484199643135071
2026_08_18_00_55_01_843645_L3_left_C1,L3,C1,2.0,0.1694548757406934,red,left,right,left,pick up the red block,3,pregrasp,48,64,16,0.48484848484848486,0.41830065359477125,6,8,0.3,0.7,8,0.3299243450164795,0.27809441089630127,0.27809441089630127,0.3299243450164795,0.05182993412017822,0.05182993412017822,0.4987024962902069,0.11113292723894119,0.3484199643135071
2026_08_18_00_55_01_843645_L3_left_C1,L3,C1,2.0,0.1694548757406934,red,left,right,left,pick up the red block,3,pregrasp,48,64,16,0.48484848484848486,0.41830065359477125,7,8,0.3,0.7,8,0.25486549735069275,0.21077343821525574,0.21077343821525574,0.25486549735069275,0.04409205913543701,0.04409205913543701,0.4987024962902069,0.11113292723894119,0.3484199643135071
2026_08_18_00_55_01_843645_L3_left_C1,L3,C1,2.0,0.1694548757406934,red,left,right,left,pick up the red block,3,pregrasp,48,64,16,0.48484848484848486,0.41830065359477125,8,8,0.3,0.7,8,0.3262254297733307,0.2592563331127167,0.2592563331127167,0.3262254297733307,0.06696909666061401,0.06696909666061401,0.4987024962902069,0.11113292723894119,0.3484199643135071
2026_08_18_00_55_01_843645_L3_left_C1,L3,C1,2.0,0.1694548757406934,red,left,right,left,pick up the red block,3,pregrasp,48,64,16,0.48484848484848486,0.41830065359477125,9,8,0.3,0.7,8,0.19034720957279205,0.18498921394348145,0.18498921394348145,0.19034720957279205,0.005357995629310608,0.005357995629310608,0.4987024962902069,0.11113292723894119,0.3484199643135071
2026_08_18_00_55_01_843645_L3_left_C1,L3,C1,2.0,0.1694548757406934,red,left,right,left,pick up the red block,4,pregrasp,64,80,16,0.6060606060606061,0.5228758169934641,0,8,0.3,0.7,8,0.27803871035575867,0.28502383828163147,0.28502383828163147,0.27803871035575867,-0.006985127925872803,-0.006985127925872803,0.5481463670730591,0.10383964329957962,0.3011757433414459
2026_08_18_00_55_01_843645_L3_left_C1,L3,C1,2.0,0.1694548757406934,red,left,right,left,pick up the red block,4,pregrasp,64,80,16,0.6060606060606061,0.5228758169934641,1,8,0.3,0.7,8,0.20503078401088715,0.21979115903377533,0.21979115903377533,0.20503078401088715,-0.014760375022888184,-0.014760375022888184,0.5481463670730591,0.10383964329957962,0.3011757433414459
2026_08_18_00_55_01_843645_L3_left_C1,L3,C1,2.0,0.1694548757406934,red,left,right,left,pick up the red block,4,pregrasp,64,80,16,0.6060606060606061,0.5228758169934641,2,8,0.3,0.7,8,0.2302890568971634,0.2545713186264038,0.2545713186264038,0.2302890568971634,-0.024282261729240417,-0.024282261729240417,0.5481463670730591,0.10383964329957962,0.3011757433414459
2026_08_18_00_55_01_843645_L3_left_C1,L3,C1,2.0,0.1694548757406934,red,left,right,left,pick up the red block,4,pregrasp,64,80,16,0.6060606060606061,0.5228758169934641,3,8,0.3,0.7,8,0.18367134034633636,0.19138933718204498,0.19138933718204498,0.18367134034633636,-0.007717996835708618,-0.007717996835708618,0.5481463670730591,0.10383964329957962,0.3011757433414459
2026_08_18_00_55_01_843645_L3_left_C1,L3,C1,2.0,0.1694548757406934,red,left,right,left,pick up the red block,4,pregrasp,64,80,16,0.6060606060606061,0.5228758169934641,4,8,0.3,0.7,8,0.26289576292037964,0.2674262523651123,0.2674262523651123,0.26289576292037964,-0.004530489444732666,-0.004530489444732666,0.5481463670730591,0.10383964329957962,0.3011757433414459
2026_08_18_00_55_01_843645_L3_left_C1,L3,C1,2.0,0.1694548757406934,red,left,right,left,pick up the red block,4,pregrasp,64,80,16,0.6060606060606061,0.5228758169934641,5,8,0.3,0.7,8,0.2979733645915985,0.2924193739891052,0.2924193739891052,0.2979733645915985,0.005553990602493286,0.005553990602493286,0.5481463670730591,0.10383964329957962,0.3011757433414459
2026_08_18_00_55_01_843645_L3_left_C1,L3,C1,2.0,0.1694548757406934,red,left,right,left,pick up the red block,4,pregrasp,64,80,16,0.6060606060606061,0.5228758169934641,6,8,0.3,0.7,8,0.20302097499370575,0.19924692809581757,0.19924692809581757,0.20302097499370575,0.0037740468978881836,0.0037740468978881836,0.5481463670730591,0.10383964329957962,0.3011757433414459
2026_08_18_00_55_01_843645_L3_left_C1,L3,C1,2.0,0.1694548757406934,red,left,right,left,pick up the red block,4,pregrasp,64,80,16,0.6060606060606061,0.5228758169934641,7,8,0.3,0.7,8,0.16379353404045105,0.186433345079422,0.186433345079422,0.16379353404045105,-0.022639811038970947,-0.022639811038970947,0.5481463670730591,0.10383964329957962,0.3011757433414459
2026_08_18_00_55_01_843645_L3_left_C1,L3,C1,2.0,0.1694548757406934,red,left,right,left,pick up the red block,4,pregrasp,64,80,16,0.6060606060606061,0.5228758169934641,8,8,0.3,0.7,8,0.3904341459274292,0.36651134490966797,0.36651134490966797,0.3904341459274292,0.02392280101776123,0.02392280101776123,0.5481463670730591,0.10383964329957962,0.3011757433414459
2026_08_18_00_55_01_843645_L3_left_C1,L3,C1,2.0,0.1694548757406934,red,left,right,left,pick up the red block,4,pregrasp,64,80,16,0.6060606060606061,0.5228758169934641,9,8,0.3,0.7,8,0.4142550230026245,0.39272141456604004,0.39272141456604004,0.4142550230026245,0.021533608436584473,0.021533608436584473,0.5481463670730591,0.10383964329957962,0.3011757433414459
2026_08_18_00_55_01_843645_L3_left_C1,L3,C1,2.0,0.1694548757406934,red,left,right,left,pick up the red block,5,pregrasp,80,96,16,0.7272727272727273,0.6274509803921569,0,8,0.3,0.7,8,0.28714337944984436,0.3469293713569641,0.3469293713569641,0.28714337944984436,-0.05978599190711975,-0.05978599190711975,0.596831738948822,0.08435702323913574,0.2551853358745575
2026_08_18_00_55_01_843645_L3_left_C1,L3,C1,2.0,0.1694548757406934,red,left,right,left,pick up the red block,5,pregrasp,80,96,16,0.7272727272727273,0.6274509803921569,1,8,0.3,0.7,8,0.2181425839662552,0.25812897086143494,0.25812897086143494,0.2181425839662552,-0.03998638689517975,-0.03998638689517975,0.596831738948822,0.08435702323913574,0.2551853358745575
2026_08_18_00_55_01_843645_L3_left_C1,L3,C1,2.0,0.1694548757406934,red,left,right,left,pick up the red block,5,pregrasp,80,96,16,0.7272727272727273,0.6274509803921569,2,8,0.3,0.7,8,0.17430010437965393,0.2158277928829193,0.2158277928829193,0.17430010437965393,-0.04152768850326538,-0.04152768850326538,0.596831738948822,0.08435702323913574,0.2551853358745575
2026_08_18_00_55_01_843645_L3_left_C1,L3,C1,2.0,0.1694548757406934,red,left,right,left,pick up the red block,5,pregrasp,80,96,16,0.7272727272727273,0.6274509803921569,3,8,0.3,0.7,8,0.38507920503616333,0.4102895259857178,0.4102895259857178,0.38507920503616333,-0.025210320949554443,-0.025210320949554443,0.596831738948822,0.08435702323913574,0.2551853358745575
2026_08_18_00_55_01_843645_L3_left_C1,L3,C1,2.0,0.1694548757406934,red,left,right,left,pick up the red block,5,pregrasp,80,96,16,0.7272727272727273,0.6274509803921569,4,8,0.3,0.7,8,0.3771769404411316,0.40856876969337463,0.40856876969337463,0.3771769404411316,-0.03139182925224304,-0.03139182925224304,0.596831738948822,0.08435702323913574,0.2551853358745575
2026_08_18_00_55_01_843645_L3_left_C1,L3,C1,2.0,0.1694548757406934,red,left,right,left,pick up the red block,5,pregrasp,80,96,16,0.7272727272727273,0.6274509803921569,5,8,0.3,0.7,8,0.17504112422466278,0.20787131786346436,0.20787131786346436,0.17504112422466278,-0.032830193638801575,-0.032830193638801575,0.596831738948822,0.08435702323913574,0.2551853358745575
2026_08_18_00_55_01_843645_L3_left_C1,L3,C1,2.0,0.1694548757406934,red,left,right,left,pick up the red block,5,pregrasp,80,96,16,0.7272727272727273,0.6274509803921569,6,8,0.3,0.7,8,0.23941026628017426,0.27950048446655273,0.27950048446655273,0.23941026628017426,-0.04009021818637848,-0.04009021818637848,0.596831738948822,0.08435702323913574,0.2551853358745575
2026_08_18_00_55_01_843645_L3_left_C1,L3,C1,2.0,0.1694548757406934,red,left,right,left,pick up the red block,5,pregrasp,80,96,16,0.7272727272727273,0.6274509803921569,7,8,0.3,0.7,8,0.3540034294128418,0.378353476524353,0.378353476524353,0.3540034294128418,-0.02435004711151123,-0.02435004711151123,0.596831738948822,0.08435702323913574,0.2551853358745575
2026_08_18_00_55_01_843645_L3_left_C1,L3,C1,2.0,0.1694548757406934,red,left,right,left,pick up the red block,5,pregrasp,80,96,16,0.7272727272727273,0.6274509803921569,8,8,0.3,0.7,8,0.3645637631416321,0.37213870882987976,0.37213870882987976,0.3645637631416321,-0.007574945688247681,-0.007574945688247681,0.596831738948822,0.08435702323913574,0.2551853358745575
2026_08_18_00_55_01_843645_L3_left_C1,L3,C1,2.0,0.1694548757406934,red,left,right,left,pick up the red block,5,pregrasp,80,96,16,0.7272727272727273,0.6274509803921569,9,8,0.3,0.7,8,0.265889972448349,0.3089979588985443,0.3089979588985443,0.265889972448349,-0.04310798645019531,-0.04310798645019531,0.596831738948822,0.08435702323913574,0.2551853358745575
2026_08_18_00_55_01_843645_L3_left_C1,L3,C1,2.0,0.1694548757406934,red,left,right,left,pick up the red block,6,pregrasp,96,112,16,0.8484848484848485,0.7320261437908496,0,8,0.3,0.7,8,0.33872726559638977,0.3963586986064911,0.3963586986064911,0.33872726559638977,-0.05763143301010132,-0.05763143301010132,0.6440654993057251,0.0575903058052063,0.2105741649866104
2026_08_18_00_55_01_843645_L3_left_C1,L3,C1,2.0,0.1694548757406934,red,left,right,left,pick up the red block,6,pregrasp,96,112,16,0.8484848484848485,0.7320261437908496,1,8,0.3,0.7,8,0.2810365855693817,0.3530566394329071,0.3530566394329071,0.2810365855693817,-0.07202005386352539,-0.07202005386352539,0.6440654993057251,0.0575903058052063,0.2105741649866104
2026_08_18_00_55_01_843645_L3_left_C1,L3,C1,2.0,0.1694548757406934,red,left,right,left,pick up the red block,6,pregrasp,96,112,16,0.8484848484848485,0.7320261437908496,2,8,0.3,0.7,8,0.20554566383361816,0.24492821097373962,0.24492821097373962,0.20554566383361816,-0.03938254714012146,-0.03938254714012146,0.6440654993057251,0.0575903058052063,0.2105741649866104
2026_08_18_00_55_01_843645_L3_left_C1,L3,C1,2.0,0.1694548757406934,red,left,right,left,pick up the red block,6,pregrasp,96,112,16,0.8484848484848485,0.7320261437908496,3,8,0.3,0.7,8,0.15824422240257263,0.20184285938739777,0.20184285938739777,0.15824422240257263,-0.043598636984825134,-0.043598636984825134,0.6440654993057251,0.0575903058052063,0.2105741649866104
2026_08_18_00_55_01_843645_L3_left_C1,L3,C1,2.0,0.1694548757406934,red,left,right,left,pick up the red block,6,pregrasp,96,112,16,0.8484848484848485,0.7320261437908496,4,8,0.3,0.7,8,0.24317613244056702,0.2882470488548279,0.2882470488548279,0.24317613244056702,-0.045070916414260864,-0.045070916414260864,0.6440654993057251,0.0575903058052063,0.2105741649866104
2026_08_18_00_55_01_843645_L3_left_C1,L3,C1,2.0,0.1694548757406934,red,left,right,left,pick up the red block,6,pregrasp,96,112,16,0.8484848484848485,0.7320261437908496,5,8,0.3,0.7,8,0.15331599116325378,0.2350805699825287,0.2350805699825287,0.15331599116325378,-0.0817645788192749,-0.0817645788192749,0.6440654993057251,0.0575903058052063,0.2105741649866104
2026_08_18_00_55_01_843645_L3_left_C1,L3,C1,2.0,0.1694548757406934,red,left,right,left,pick up the red block,6,pregrasp,96,112,16,0.8484848484848485,0.7320261437908496,6,8,0.3,0.7,8,0.24884258210659027,0.30611005425453186,0.30611005425453186,0.24884258210659027,-0.05726747214794159,-0.05726747214794159,0.6440654993057251,0.0575903058052063,0.2105741649866104
2026_08_18_00_55_01_843645_L3_left_C1,L3,C1,2.0,0.1694548757406934,red,left,right,left,pick up the red block,6,pregrasp,96,112,16,0.8484848484848485,0.7320261437908496,7,8,0.3,0.7,8,0.2724035680294037,0.3554799556732178,0.3554799556732178,0.2724035680294037,-0.08307638764381409,-0.08307638764381409,0.6440654993057251,0.0575903058052063,0.2105741649866104
2026_08_18_00_55_01_843645_L3_left_C1,L3,C1,2.0,0.1694548757406934,red,left,right,left,pick up the red block,6,pregrasp,96,112,16,0.8484848484848485,0.7320261437908496,8,8,0.3,0.7,8,0.26185306906700134,0.35536882281303406,0.35536882281303406,0.26185306906700134,-0.09351575374603271,-0.09351575374603271,0.6440654993057251,0.0575903058052063,0.2105741649866104
2026_08_18_00_55_01_843645_L3_left_C1,L3,C1,2.0,0.1694548757406934,red,left,right,left,pick up the red block,6,pregrasp,96,112,16,0.8484848484848485,0.7320261437908496,9,8,0.3,0.7,8,0.19909855723381042,0.24632854759693146,0.24632854759693146,0.19909855723381042,-0.04722999036312103,-0.04722999036312103,0.6440654993057251,0.0575903058052063,0.2105741649866104
2026_08_18_00_55_01_843645_L3_left_C1,L3,C1,2.0,0.1694548757406934,red,left,right,left,pick up the red block,7,pregrasp,112,128,16,0.9696969696969697,0.8366013071895425,0,8,0.3,0.7,8,0.2501889765262604,0.20209893584251404,0.20209893584251404,0.2501889765262604,0.04809004068374634,0.04809004068374634,0.666901707649231,0.0455833375453949,0.18924447894096375
2026_08_18_00_55_01_843645_L3_left_C1,L3,C1,2.0,0.1694548757406934,red,left,right,left,pick up the red block,7,pregrasp,112,128,16,0.9696969696969697,0.8366013071895425,1,8,0.3,0.7,8,0.3665945529937744,0.322427898645401,0.322427898645401,0.3665945529937744,0.04416665434837341,0.04416665434837341,0.666901707649231,0.0455833375453949,0.18924447894096375
2026_08_18_00_55_01_843645_L3_left_C1,L3,C1,2.0,0.1694548757406934,red,left,right,left,pick up the red block,7,pregrasp,112,128,16,0.9696969696969697,0.8366013071895425,2,8,0.3,0.7,8,0.3082847595214844,0.26228445768356323,0.26228445768356323,0.3082847595214844,0.04600030183792114,0.04600030183792114,0.666901707649231,0.0455833375453949,0.18924447894096375
2026_08_18_00_55_01_843645_L3_left_C1,L3,C1,2.0,0.1694548757406934,red,left,right,left,pick up the red block,7,pregrasp,112,128,16,0.9696969696969697,0.8366013071895425,3,8,0.3,0.7,8,0.24819383025169373,0.18858231604099274,0.18858231604099274,0.24819383025169373,0.05961151421070099,0.05961151421070099,0.666901707649231,0.0455833375453949,0.18924447894096375
2026_08_18_00_55_01_843645_L3_left_C1,L3,C1,2.0,0.1694548757406934,red,left,right,left,pick up the red block,7,pregrasp,112,128,16,0.9696969696969697,0.8366013071895425,4,8,0.3,0.7,8,0.24896468222141266,0.20080889761447906,0.20080889761447906,0.24896468222141266,0.048155784606933594,0.048155784606933594,0.666901707649231,0.0455833375453949,0.18924447894096375
2026_08_18_00_55_01_843645_L3_left_C1,L3,C1,2.0,0.1694548757406934,red,left,right,left,pick up the red block,7,pregrasp,112,128,16,0.9696969696969697,0.8366013071895425,5,8,0.3,0.7,8,0.24942530691623688,0.20165544748306274,0.20165544748306274,0.24942530691623688,0.04776985943317413,0.04776985943317413,0.666901707649231,0.0455833375453949,0.18924447894096375
2026_08_18_00_55_01_843645_L3_left_C1,L3,C1,2.0,0.1694548757406934,red,left,right,left,pick up the red block,7,pregrasp,112,128,16,0.9696969696969697,0.8366013071895425,6,8,0.3,0.7,8,0.27921175956726074,0.2119726985692978,0.2119726985692978,0.27921175956726074,0.06723906099796295,0.06723906099796295,0.666901707649231,0.0455833375453949,0.18924447894096375
2026_08_18_00_55_01_843645_L3_left_C1,L3,C1,2.0,0.1694548757406934,red,left,right,left,pick up the red block,7,pregrasp,112,128,16,0.9696969696969697,0.8366013071895425,7,8,0.3,0.7,8,0.2949843108654022,0.2440188080072403,0.2440188080072403,0.2949843108654022,0.050965502858161926,0.050965502858161926,0.666901707649231,0.0455833375453949,0.18924447894096375
2026_08_18_00_55_01_843645_L3_left_C1,L3,C1,2.0,0.1694548757406934,red,left,right,left,pick up the red block,7,pregrasp,112,128,16,0.9696969696969697,0.8366013071895425,8,8,0.3,0.7,8,0.2167397439479828,0.17542918026447296,0.17542918026447296,0.2167397439479828,0.04131056368350983,0.04131056368350983,0.666901707649231,0.0455833375453949,0.18924447894096375
2026_08_18_00_55_01_843645_L3_left_C1,L3,C1,2.0,0.1694548757406934,red,left,right,left,pick up the red block,7,pregrasp,112,128,16,0.9696969696969697,0.8366013071895425,9,8,0.3,0.7,8,0.3154332935810089,0.2805873155593872,0.2805873155593872,0.3154332935810089,0.034845978021621704,0.034845978021621704,0.666901707649231,0.0455833375453949,0.18924447894096375
2026_08_18_00_55_01_843645_L3_left_C1,L3,C1,2.0,0.1694548757406934,red,left,right,left,pick up the red block,8,pregrasp,128,132,4,1.0,0.8627450980392157,0,8,0.3,0.7,8,0.4164625108242035,0.3416248857975006,0.3416248857975006,0.4164625108242035,0.07483762502670288,0.07483762502670288,0.6669310331344604,0.04557722806930542,0.18925757706165314
2026_08_18_00_55_01_843645_L3_left_C1,L3,C1,2.0,0.1694548757406934,red,left,right,left,pick up the red block,8,pregrasp,128,132,4,1.0,0.8627450980392157,1,8,0.3,0.7,8,0.3595399260520935,0.2801830768585205,0.2801830768585205,0.3595399260520935,0.079356849193573,0.079356849193573,0.6669310331344604,0.04557722806930542,0.18925757706165314
2026_08_18_00_55_01_843645_L3_left_C1,L3,C1,2.0,0.1694548757406934,red,left,right,left,pick up the red block,8,pregrasp,128,132,4,1.0,0.8627450980392157,2,8,0.3,0.7,8,0.25311756134033203,0.1898874193429947,0.1898874193429947,0.25311756134033203,0.06323014199733734,0.06323014199733734,0.6669310331344604,0.04557722806930542,0.18925757706165314
2026_08_18_00_55_01_843645_L3_left_C1,L3,C1,2.0,0.1694548757406934,red,left,right,left,pick up the red block,8,pregrasp,128,132,4,1.0,0.8627450980392157,3,8,0.3,0.7,8,0.19982275366783142,0.12845498323440552,0.12845498323440552,0.19982275366783142,0.0713677704334259,0.0713677704334259,0.6669310331344604,0.04557722806930542,0.18925757706165314
2026_08_18_00_55_01_843645_L3_left_C1,L3,C1,2.0,0.1694548757406934,red,left,right,left,pick up the red block,8,pregrasp,128,132,4,1.0,0.8627450980392157,4,8,0.3,0.7,8,0.3277798295021057,0.2920597791671753,0.2920597791671753,0.3277798295021057,0.03572005033493042,0.03572005033493042,0.6669310331344604,0.04557722806930542,0.18925757706165314
2026_08_18_00_55_01_843645_L3_left_C1,L3,C1,2.0,0.1694548757406934,red,left,right,left,pick up the red block,8,pregrasp,128,132,4,1.0,0.8627450980392157,5,8,0.3,0.7,8,0.2883736491203308,0.2378956526517868,0.2378956526517868,0.2883736491203308,0.050477996468544006,0.050477996468544006,0.6669310331344604,0.04557722806930542,0.18925757706165314
2026_08_18_00_55_01_843645_L3_left_C1,L3,C1,2.0,0.1694548757406934,red,left,right,left,pick up the red block,8,pregrasp,128,132,4,1.0,0.8627450980392157,6,8,0.3,0.7,8,0.23355048894882202,0.14270548522472382,0.14270548522472382,0.23355048894882202,0.0908450037240982,0.0908450037240982,0.6669310331344604,0.04557722806930542,0.18925757706165314
2026_08_18_00_55_01_843645_L3_left_C1,L3,C1,2.0,0.1694548757406934,red,left,right,left,pick up the red block,8,pregrasp,128,132,4,1.0,0.8627450980392157,7,8,0.3,0.7,8,0.35397353768348694,0.27488547563552856,0.27488547563552856,0.35397353768348694,0.07908806204795837,0.07908806204795837,0.6669310331344604,0.04557722806930542,0.18925757706165314
2026_08_18_00_55_01_843645_L3_left_C1,L3,C1,2.0,0.1694548757406934,red,left,right,left,pick up the red block,8,pregrasp,128,132,4,1.0,0.8627450980392157,8,8,0.3,0.7,8,0.24261346459388733,0.18472371995449066,0.18472371995449066,0.24261346459388733,0.05788974463939667,0.05788974463939667,0.6669310331344604,0.04557722806930542,0.18925757706165314
2026_08_18_00_55_01_843645_L3_left_C1,L3,C1,2.0,0.1694548757406934,red,left,right,left,pick up the red block,8,pregrasp,128,132,4,1.0,0.8627450980392157,9,8,0.3,0.7,8,0.32721811532974243,0.2882871627807617,0.2882871627807617,0.32721811532974243,0.03893095254898071,0.03893095254898071,0.6669310331344604,0.04557722806930542,0.18925757706165314
2026_08_18_00_55_01_843645_L3_left_C1,L3,C1,2.0,0.1694548757406934,red,left,right,left,pick up the red block,9,postgrasp,132,148,16,1.0,0.9673202614379085,0,8,0.3,0.7,8,0.41310808062553406,0.3367939591407776,0.3367939591407776,0.41310808062553406,0.07631412148475647,0.07631412148475647,0.6674745678901672,0.04517792537808418,0.189780592918396
2026_08_18_00_55_01_843645_L3_left_C1,L3,C1,2.0,0.1694548757406934,red,left,right,left,pick up the red block,9,postgrasp,132,148,16,1.0,0.9673202614379085,1,8,0.3,0.7,8,0.417202889919281,0.3451584577560425,0.3451584577560425,0.417202889919281,0.07204443216323853,0.07204443216323853,0.6674745678901672,0.04517792537808418,0.189780592918396
2026_08_18_00_55_01_843645_L3_left_C1,L3,C1,2.0,0.1694548757406934,red,left,right,left,pick up the red block,9,postgrasp,132,148,16,1.0,0.9673202614379085,2,8,0.3,0.7,8,0.4338906705379486,0.34215450286865234,0.34215450286865234,0.4338906705379486,0.09173616766929626,0.09173616766929626,0.6674745678901672,0.04517792537808418,0.189780592918396
2026_08_18_00_55_01_843645_L3_left_C1,L3,C1,2.0,0.1694548757406934,red,left,right,left,pick up the red block,9,postgrasp,132,148,16,1.0,0.9673202614379085,3,8,0.3,0.7,8,0.4771113693714142,0.37229806184768677,0.37229806184768677,0.4771113693714142,0.10481330752372742,0.10481330752372742,0.6674745678901672,0.04517792537808418,0.189780592918396
2026_08_18_00_55_01_843645_L3_left_C1,L3,C1,2.0,0.1694548757406934,red,left,right,left,pick up the red block,9,postgrasp,132,148,16,1.0,0.9673202614379085,4,8,0.3,0.7,8,0.369659423828125,0.3084959089756012,0.3084959089756012,0.369659423828125,0.061163514852523804,0.061163514852523804,0.6674745678901672,0.04517792537808418,0.189780592918396
2026_08_18_00_55_01_843645_L3_left_C1,L3,C1,2.0,0.1694548757406934,red,left,right,left,pick up the red block,9,postgrasp,132,148,16,1.0,0.9673202614379085,5,8,0.3,0.7,8,0.4472242295742035,0.3702816069126129,0.3702816069126129,0.4472242295742035,0.07694262266159058,0.07694262266159058,0.6674745678901672,0.04517792537808418,0.189780592918396
2026_08_18_00_55_01_843645_L3_left_C1,L3,C1,2.0,0.1694548757406934,red,left,right,left,pick up the red block,9,postgrasp,132,148,16,1.0,0.9673202614379085,6,8,0.3,0.7,8,0.372475266456604,0.3006061613559723,0.3006061613559723,0.372475266456604,0.07186910510063171,0.07186910510063171,0.6674745678901672,0.04517792537808418,0.189780592918396
2026_08_18_00_55_01_843645_L3_left_C1,L3,C1,2.0,0.1694548757406934,red,left,right,left,pick up the red block,9,postgrasp,132,148,16,1.0,0.9673202614379085,7,8,0.3,0.7,8,0.43628302216529846,0.35092052817344666,0.35092052817344666,0.43628302216529846,0.0853624939918518,0.0853624939918518,0.6674745678901672,0.04517792537808418,0.189780592918396
2026_08_18_00_55_01_843645_L3_left_C1,L3,C1,2.0,0.1694548757406934,red,left,right,left,pick up the red block,9,postgrasp,132,148,16,1.0,0.9673202614379085,8,8,0.3,0.7,8,0.43552839756011963,0.3529040515422821,0.3529040515422821,0.43552839756011963,0.08262434601783752,0.08262434601783752,0.6674745678901672,0.04517792537808418,0.189780592918396
2026_08_18_00_55_01_843645_L3_left_C1,L3,C1,2.0,0.1694548757406934,red,left,right,left,pick up the red block,9,postgrasp,132,148,16,1.0,0.9673202614379085,9,8,0.3,0.7,8,0.444696843624115,0.3724113404750824,0.3724113404750824,0.444696843624115,0.07228550314903259,0.07228550314903259,0.6674745678901672,0.04517792537808418,0.189780592918396
2026_08_18_00_55_01_843645_L3_left_C1,L3,C1,2.0,0.1694548757406934,red,left,right,left,pick up the red block,10,postgrasp,148,153,5,1.0,1.0,0,8,0.3,0.7,8,0.2962179183959961,0.27287331223487854,0.27287331223487854,0.2962179183959961,0.023344606161117554,0.023344606161117554,0.6674746870994568,0.04517439752817154,0.18977776169776917
2026_08_18_00_55_01_843645_L3_left_C1,L3,C1,2.0,0.1694548757406934,red,left,right,left,pick up the red block,10,postgrasp,148,153,5,1.0,1.0,1,8,0.3,0.7,8,0.3568328619003296,0.32030466198921204,0.32030466198921204,0.3568328619003296,0.036528199911117554,0.036528199911117554,0.6674746870994568,0.04517439752817154,0.18977776169776917
2026_08_18_00_55_01_843645_L3_left_C1,L3,C1,2.0,0.1694548757406934,red,left,right,left,pick up the red block,10,postgrasp,148,153,5,1.0,1.0,2,8,0.3,0.7,8,0.32854411005973816,0.3269275426864624,0.3269275426864624,0.32854411005973816,0.0016165673732757568,0.0016165673732757568,0.6674746870994568,0.04517439752817154,0.18977776169776917
2026_08_18_00_55_01_843645_L3_left_C1,L3,C1,2.0,0.1694548757406934,red,left,right,left,pick up the red block,10,postgrasp,148,153,5,1.0,1.0,3,8,0.3,0.7,8,0.31395089626312256,0.26106369495391846,0.26106369495391846,0.31395089626312256,0.0528872013092041,0.0528872013092041,0.6674746870994568,0.04517439752817154,0.18977776169776917
2026_08_18_00_55_01_843645_L3_left_C1,L3,C1,2.0,0.1694548757406934,red,left,right,left,pick up the red block,10,postgrasp,148,153,5,1.0,1.0,4,8,0.3,0.7,8,0.3740469515323639,0.31483644247055054,0.31483644247055054,0.3740469515323639,0.059210509061813354,0.059210509061813354,0.6674746870994568,0.04517439752817154,0.18977776169776917
2026_08_18_00_55_01_843645_L3_left_C1,L3,C1,2.0,0.1694548757406934,red,left,right,left,pick up the red block,10,postgrasp,148,153,5,1.0,1.0,5,8,0.3,0.7,8,0.2983193099498749,0.31646648049354553,0.31646648049354553,0.2983193099498749,-0.018147170543670654,-0.018147170543670654,0.6674746870994568,0.04517439752817154,0.18977776169776917
2026_08_18_00_55_01_843645_L3_left_C1,L3,C1,2.0,0.1694548757406934,red,left,right,left,pick up the red block,10,postgrasp,148,153,5,1.0,1.0,6,8,0.3,0.7,8,0.34478655457496643,0.30814746022224426,0.30814746022224426,0.34478655457496643,0.03663909435272217,0.03663909435272217,0.6674746870994568,0.04517439752817154,0.18977776169776917
2026_08_18_00_55_01_843645_L3_left_C1,L3,C1,2.0,0.1694548757406934,red,left,right,left,pick up the red block,10,postgrasp,148,153,5,1.0,1.0,7,8,0.3,0.7,8,0.2975659966468811,0.3401595652103424,0.3401595652103424,0.2975659966468811,-0.042593568563461304,-0.042593568563461304,0.6674746870994568,0.04517439752817154,0.18977776169776917
2026_08_18_00_55_01_843645_L3_left_C1,L3,C1,2.0,0.1694548757406934,red,left,right,left,pick up the red block,10,postgrasp,148,153,5,1.0,1.0,8,8,0.3,0.7,8,0.27869126200675964,0.37811902165412903,0.37811902165412903,0.27869126200675964,-0.09942775964736938,-0.09942775964736938,0.6674746870994568,0.04517439752817154,0.18977776169776917
2026_08_18_00_55_01_843645_L3_left_C1,L3,C1,2.0,0.1694548757406934,red,left,right,left,pick up the red block,10,postgrasp,148,153,5,1.0,1.0,9,8,0.3,0.7,8,0.3639839291572571,0.44746699929237366,0.44746699929237366,0.3639839291572571,-0.08348307013511658,-0.08348307013511658,0.6674746870994568,0.04517439752817154,0.18977776169776917
2026_08_18_00_55_32_860317_L3_left_C2,L3,C2,4.0,0.3389097514813868,red,left,right,left,pick up the red block,0,pregrasp,0,16,16,0.09142857142857143,0.08163265306122448,0,8,0.3,0.7,8,0.26469528675079346,0.20781727135181427,0.20781727135181427,0.26469528675079346,0.05687801539897919,0.05687801539897919,0.36861270666122437,0.028996635228395462,0.48447126150131226
2026_08_18_00_55_32_860317_L3_left_C2,L3,C2,4.0,0.3389097514813868,red,left,right,left,pick up the red block,0,pregrasp,0,16,16,0.09142857142857143,0.08163265306122448,1,8,0.3,0.7,8,0.3449961543083191,0.25488775968551636,0.25488775968551636,0.3449961543083191,0.09010839462280273,0.09010839462280273,0.36861270666122437,0.028996635228395462,0.48447126150131226
2026_08_18_00_55_32_860317_L3_left_C2,L3,C2,4.0,0.3389097514813868,red,left,right,left,pick up the red block,0,pregrasp,0,16,16,0.09142857142857143,0.08163265306122448,2,8,0.3,0.7,8,0.4485132098197937,0.38427144289016724,0.38427144289016724,0.4485132098197937,0.06424176692962646,0.06424176692962646,0.36861270666122437,0.028996635228395462,0.48447126150131226
2026_08_18_00_55_32_860317_L3_left_C2,L3,C2,4.0,0.3389097514813868,red,left,right,left,pick up the red block,0,pregrasp,0,16,16,0.09142857142857143,0.08163265306122448,3,8,0.3,0.7,8,0.37005889415740967,0.28199756145477295,0.28199756145477295,0.37005889415740967,0.08806133270263672,0.08806133270263672,0.36861270666122437,0.028996635228395462,0.48447126150131226
2026_08_18_00_55_32_860317_L3_left_C2,L3,C2,4.0,0.3389097514813868,red,left,right,left,pick up the red block,0,pregrasp,0,16,16,0.09142857142857143,0.08163265306122448,4,8,0.3,0.7,8,0.29457801580429077,0.24896442890167236,0.24896442890167236,0.29457801580429077,0.04561358690261841,0.04561358690261841,0.36861270666122437,0.028996635228395462,0.48447126150131226
2026_08_18_00_55_32_860317_L3_left_C2,L3,C2,4.0,0.3389097514813868,red,left,right,left,pick up the red block,0,pregrasp,0,16,16,0.09142857142857143,0.08163265306122448,5,8,0.3,0.7,8,0.32113394141197205,0.2561368942260742,0.2561368942260742,0.32113394141197205,0.06499704718589783,0.06499704718589783,0.36861270666122437,0.028996635228395462,0.48447126150131226
2026_08_18_00_55_32_860317_L3_left_C2,L3,C2,4.0,0.3389097514813868,red,left,right,left,pick up the red block,0,pregrasp,0,16,16,0.09142857142857143,0.08163265306122448,6,8,0.3,0.7,8,0.35419556498527527,0.2852335572242737,0.2852335572242737,0.35419556498527527,0.06896200776100159,0.06896200776100159,0.36861270666122437,0.028996635228395462,0.48447126150131226
2026_08_18_00_55_32_860317_L3_left_C2,L3,C2,4.0,0.3389097514813868,red,left,right,left,pick up the red block,0,pregrasp,0,16,16,0.09142857142857143,0.08163265306122448,7,8,0.3,0.7,8,0.376904159784317,0.2989453673362732,0.2989453673362732,0.376904159784317,0.07795879244804382,0.07795879244804382,0.36861270666122437,0.028996635228395462,0.48447126150131226
2026_08_18_00_55_32_860317_L3_left_C2,L3,C2,4.0,0.3389097514813868,red,left,right,left,pick up the red block,0,pregrasp,0,16,16,0.09142857142857143,0.08163265306122448,8,8,0.3,0.7,8,0.4005752205848694,0.328658789396286,0.328658789396286,0.4005752205848694,0.07191643118858337,0.07191643118858337,0.36861270666122437,0.028996635228395462,0.48447126150131226
2026_08_18_00_55_32_860317_L3_left_C2,L3,C2,4.0,0.3389097514813868,red,left,right,left,pick up the red block,0,pregrasp,0,16,16,0.09142857142857143,0.08163265306122448,9,8,0.3,0.7,8,0.32652387022972107,0.21586032211780548,0.21586032211780548,0.32652387022972107,0.11066354811191559,0.11066354811191559,0.36861270666122437,0.028996635228395462,0.48447126150131226
2026_08_18_00_55_32_860317_L3_left_C2,L3,C2,4.0,0.3389097514813868,red,left,right,left,pick up the red block,1,pregrasp,16,32,16,0.18285714285714286,0.16326530612244897,0,8,0.3,0.7,8,0.3209368586540222,0.3353949785232544,0.3353949785232544,0.3209368586540222,-0.014458119869232178,-0.014458119869232178,0.38241538405418396,0.09175372123718262,0.46000251173973083
2026_08_18_00_55_32_860317_L3_left_C2,L3,C2,4.0,0.3389097514813868,red,left,right,left,pick up the red block,1,pregrasp,16,32,16,0.18285714285714286,0.16326530612244897,1,8,0.3,0.7,8,0.240249365568161,0.2617909610271454,0.2617909610271454,0.240249365568161,-0.021541595458984375,-0.021541595458984375,0.38241538405418396,0.09175372123718262,0.46000251173973083
2026_08_18_00_55_32_860317_L3_left_C2,L3,C2,4.0,0.3389097514813868,red,left,right,left,pick up the red block,1,pregrasp,16,32,16,0.18285714285714286,0.16326530612244897,2,8,0.3,0.7,8,0.2316281497478485,0.2788832187652588,0.2788832187652588,0.2316281497478485,-0.04725506901741028,-0.04725506901741028,0.38241538405418396,0.09175372123718262,0.46000251173973083
2026_08_18_00_55_32_860317_L3_left_C2,L3,C2,4.0,0.3389097514813868,red,left,right,left,pick up the red block,1,pregrasp,16,32,16,0.18285714285714286,0.16326530612244897,3,8,0.3,0.7,8,0.29030928015708923,0.3267742693424225,0.3267742693424225,0.29030928015708923,-0.03646498918533325,-0.03646498918533325,0.38241538405418396,0.09175372123718262,0.46000251173973083
2026_08_18_00_55_32_860317_L3_left_C2,L3,C2,4.0,0.3389097514813868,red,left,right,left,pick up the red block,1,pregrasp,16,32,16,0.18285714285714286,0.16326530612244897,4,8,0.3,0.7,8,0.2661624252796173,0.31656530499458313,0.31656530499458313,0.2661624252796173,-0.05040287971496582,-0.05040287971496582,0.38241538405418396,0.09175372123718262,0.46000251173973083
2026_08_18_00_55_32_860317_L3_left_C2,L3,C2,4.0,0.3389097514813868,red,left,right,left,pick up the red block,1,pregrasp,16,32,16,0.18285714285714286,0.16326530612244897,5,8,0.3,0.7,8,0.21382704377174377,0.2074570655822754,0.2074570655822754,0.21382704377174377,0.006369978189468384,0.006369978189468384,0.38241538405418396,0.09175372123718262,0.46000251173973083
2026_08_18_00_55_32_860317_L3_left_C2,L3,C2,4.0,0.3389097514813868,red,left,right,left,pick up the red block,1,pregrasp,16,32,16,0.18285714285714286,0.16326530612244897,6,8,0.3,0.7,8,0.25814563035964966,0.30176278948783875,0.30176278948783875,0.25814563035964966,-0.04361715912818909,-0.04361715912818909,0.38241538405418396,0.09175372123718262,0.46000251173973083
2026_08_18_00_55_32_860317_L3_left_C2,L3,C2,4.0,0.3389097514813868,red,left,right,left,pick up the red block,1,pregrasp,16,32,16,0.18285714285714286,0.16326530612244897,7,8,0.3,0.7,8,0.2980286777019501,0.32665541768074036,0.32665541768074036,0.2980286777019501,-0.028626739978790283,-0.028626739978790283,0.38241538405418396,0.09175372123718262,0.46000251173973083
2026_08_18_00_55_32_860317_L3_left_C2,L3,C2,4.0,0.3389097514813868,red,left,right,left,pick up the red block,1,pregrasp,16,32,16,0.18285714285714286,0.16326530612244897,8,8,0.3,0.7,8,0.28733623027801514,0.2993526756763458,0.2993526756763458,0.28733623027801514,-0.012016445398330688,-0.012016445398330688,0.38241538405418396,0.09175372123718262,0.46000251173973083
2026_08_18_00_55_32_860317_L3_left_C2,L3,C2,4.0,0.3389097514813868,red,left,right,left,pick up the red block,1,pregrasp,16,32,16,0.18285714285714286,0.16326530612244897,9,8,0.3,0.7,8,0.3083856701850891,0.3367704749107361,0.3367704749107361,0.3083856701850891,-0.028384804725646973,-0.028384804725646973,0.38241538405418396,0.09175372123718262,0.46000251173973083
2026_08_18_00_55_32_860317_L3_left_C2,L3,C2,4.0,0.3389097514813868,red,left,right,left,pick up the red block,2,pregrasp,32,48,16,0.2742857142857143,0.24489795918367346,0,8,0.3,0.7,8,0.27809080481529236,0.24453838169574738,0.24453838169574738,0.27809080481529236,0.03355242311954498,0.03355242311954498,0.40943393111228943,0.14951172471046448,0.4347926080226898
2026_08_18_00_55_32_860317_L3_left_C2,L3,C2,4.0,0.3389097514813868,red,left,right,left,pick up the red block,2,pregrasp,32,48,16,0.2742857142857143,0.24489795918367346,1,8,0.3,0.7,8,0.28694581985473633,0.24068883061408997,0.24068883061408997,0.28694581985473633,0.04625698924064636,0.04625698924064636,0.40943393111228943,0.14951172471046448,0.4347926080226898
2026_08_18_00_55_32_860317_L3_left_C2,L3,C2,4.0,0.3389097514813868,red,left,right,left,pick up the red block,2,pregrasp,32,48,16,0.2742857142857143,0.24489795918367346,2,8,0.3,0.7,8,0.277658075094223,0.24541324377059937,0.24541324377059937,0.277658075094223,0.03224483132362366,0.03224483132362366,0.40943393111228943,0.14951172471046448,0.4347926080226898
2026_08_18_00_55_32_860317_L3_left_C2,L3,C2,4.0,0.3389097514813868,red,left,right,left,pick up the red block,2,pregrasp,32,48,16,0.2742857142857143,0.24489795918367346,3,8,0.3,0.7,8,0.3762791156768799,0.3302726745605469,0.3302726745605469,0.3762791156768799,0.04600644111633301,0.04600644111633301,0.40943393111228943,0.14951172471046448,0.4347926080226898
2026_08_18_00_55_32_860317_L3_left_C2,L3,C2,4.0,0.3389097514813868,red,left,right,left,pick up the red block,2,pregrasp,32,48,16,0.2742857142857143,0.24489795918367346,4,8,0.3,0.7,8,0.27647876739501953,0.22013135254383087,0.22013135254383087,0.27647876739501953,0.05634741485118866,0.05634741485118866,0.40943393111228943,0.14951172471046448,0.4347926080226898
2026_08_18_00_55_32_860317_L3_left_C2,L3,C2,4.0,0.3389097514813868,red,left,right,left,pick up the red block,2,pregrasp,32,48,16,0.2742857142857143,0.24489795918367346,5,8,0.3,0.7,8,0.3205189108848572,0.2918348014354706,0.2918348014354706,0.3205189108848572,0.028684109449386597,0.028684109449386597,0.40943393111228943,0.14951172471046448,0.4347926080226898
2026_08_18_00_55_32_860317_L3_left_C2,L3,C2,4.0,0.3389097514813868,red,left,right,left,pick up the red block,2,pregrasp,32,48,16,0.2742857142857143,0.24489795918367346,6,8,0.3,0.7,8,0.37245044112205505,0.3329813480377197,0.3329813480377197,0.37245044112205505,0.03946909308433533,0.03946909308433533,0.40943393111228943,0.14951172471046448,0.4347926080226898
2026_08_18_00_55_32_860317_L3_left_C2,L3,C2,4.0,0.3389097514813868,red,left,right,left,pick up the red block,2,pregrasp,32,48,16,0.2742857142857143,0.24489795918367346,7,8,0.3,0.7,8,0.35932737588882446,0.2943708002567291,0.2943708002567291,0.35932737588882446,0.06495657563209534,0.06495657563209534,0.40943393111228943,0.14951172471046448,0.4347926080226898
2026_08_18_00_55_32_860317_L3_left_C2,L3,C2,4.0,0.3389097514813868,red,left,right,left,pick up the red block,2,pregrasp,32,48,16,0.2742857142857143,0.24489795918367346,8,8,0.3,0.7,8,0.22997623682022095,0.18204547464847565,0.18204547464847565,0.22997623682022095,0.0479307621717453,0.0479307621717453,0.40943393111228943,0.14951172471046448,0.4347926080226898
2026_08_18_00_55_32_860317_L3_left_C2,L3,C2,4.0,0.3389097514813868,red,left,right,left,pick up the red block,2,pregrasp,32,48,16,0.2742857142857143,0.24489795918367346,9,8,0.3,0.7,8,0.2707112431526184,0.2368166446685791,0.2368166446685791,0.2707112431526184,0.03389459848403931,0.03389459848403931,0.40943393111228943,0.14951172471046448,0.4347926080226898
2026_08_18_00_55_32_860317_L3_left_C2,L3,C2,4.0,0.3389097514813868,red,left,right,left,pick up the red block,3,pregrasp,48,64,16,0.3657142857142857,0.32653061224489793,0,8,0.3,0.7,8,0.3278864622116089,0.30111163854599,0.30111163854599,0.3278864622116089,0.026774823665618896,0.026774823665618896,0.44861117005348206,0.19357816874980927,0.39808720350265503
2026_08_18_00_55_32_860317_L3_left_C2,L3,C2,4.0,0.3389097514813868,red,left,right,left,pick up the red block,3,pregrasp,48,64,16,0.3657142857142857,0.32653061224489793,1,8,0.3,0.7,8,0.24313466250896454,0.23275840282440186,0.23275840282440186,0.24313466250896454,0.010376259684562683,0.010376259684562683,0.44861117005348206,0.19357816874980927,0.39808720350265503
2026_08_18_00_55_32_860317_L3_left_C2,L3,C2,4.0,0.3389097514813868,red,left,right,left,pick up the red block,3,pregrasp,48,64,16,0.3657142857142857,0.32653061224489793,2,8,0.3,0.7,8,0.37915998697280884,0.3285196125507355,0.3285196125507355,0.37915998697280884,0.050640374422073364,0.050640374422073364,0.44861117005348206,0.19357816874980927,0.39808720350265503
2026_08_18_00_55_32_860317_L3_left_C2,L3,C2,4.0,0.3389097514813868,red,left,right,left,pick up the red block,3,pregrasp,48,64,16,0.3657142857142857,0.32653061224489793,3,8,0.3,0.7,8,0.2991747260093689,0.2568686008453369,0.2568686008453369,0.2991747260093689,0.04230612516403198,0.04230612516403198,0.44861117005348206,0.19357816874980927,0.39808720350265503
2026_08_18_00_55_32_860317_L3_left_C2,L3,C2,4.0,0.3389097514813868,red,left,right,left,pick up the red block,3,pregrasp,48,64,16,0.3657142857142857,0.32653061224489793,4,8,0.3,0.7,8,0.39938876032829285,0.34696856141090393,0.34696856141090393,0.39938876032829285,0.052420198917388916,0.052420198917388916,0.44861117005348206,0.19357816874980927,0.39808720350265503
2026_08_18_00_55_32_860317_L3_left_C2,L3,C2,4.0,0.3389097514813868,red,left,right,left,pick up the red block,3,pregrasp,48,64,16,0.3657142857142857,0.32653061224489793,5,8,0.3,0.7,8,0.32376235723495483,0.26589781045913696,0.26589781045913696,0.32376235723495483,0.05786454677581787,0.05786454677581787,0.44861117005348206,0.19357816874980927,0.39808720350265503
2026_08_18_00_55_32_860317_L3_left_C2,L3,C2,4.0,0.3389097514813868,red,left,right,left,pick up the red block,3,pregrasp,48,64,16,0.3657142857142857,0.32653061224489793,6,8,0.3,0.7,8,0.28155872225761414,0.22746162116527557,0.22746162116527557,0.28155872225761414,0.05409710109233856,0.05409710109233856,0.44861117005348206,0.19357816874980927,0.39808720350265503
2026_08_18_00_55_32_860317_L3_left_C2,L3,C2,4.0,0.3389097514813868,red,left,right,left,pick up the red block,3,pregrasp,48,64,16,0.3657142857142857,0.32653061224489793,7,8,0.3,0.7,8,0.2647051215171814,0.24735568463802338,0.24735568463802338,0.2647051215171814,0.01734943687915802,0.01734943687915802,0.44861117005348206,0.19357816874980927,0.39808720350265503
2026_08_18_00_55_32_860317_L3_left_C2,L3,C2,4.0,0.3389097514813868,red,left,right,left,pick up the red block,3,pregrasp,48,64,16,0.3657142857142857,0.32653061224489793,8,8,0.3,0.7,8,0.21454249322414398,0.17928004264831543,0.17928004264831543,0.21454249322414398,0.03526245057582855,0.03526245057582855,0.44861117005348206,0.19357816874980927,0.39808720350265503
2026_08_18_00_55_32_860317_L3_left_C2,L3,C2,4.0,0.3389097514813868,red,left,right,left,pick up the red block,3,pregrasp,48,64,16,0.3657142857142857,0.32653061224489793,9,8,0.3,0.7,8,0.3530628979206085,0.31807753443717957,0.31807753443717957,0.3530628979206085,0.034985363483428955,0.034985363483428955,0.44861117005348206,0.19357816874980927,0.39808720350265503
2026_08_18_00_55_32_860317_L3_left_C2,L3,C2,4.0,0.3389097514813868,red,left,right,left,pick up the red block,4,pregrasp,64,80,16,0.45714285714285713,0.40816326530612246,0,8,0.3,0.7,8,0.3013180196285248,0.2822359502315521,0.2822359502315521,0.3013180196285248,0.019082069396972656,0.019082069396972656,0.4935399889945984,0.2071520984172821,0.35405904054641724
2026_08_18_00_55_32_860317_L3_left_C2,L3,C2,4.0,0.3389097514813868,red,left,right,left,pick up the red block,4,pregrasp,64,80,16,0.45714285714285713,0.40816326530612246,1,8,0.3,0.7,8,0.232020303606987,0.22929613292217255,0.22929613292217255,0.232020303606987,0.002724170684814453,0.002724170684814453,0.4935399889945984,0.2071520984172821,0.35405904054641724
2026_08_18_00_55_32_860317_L3_left_C2,L3,C2,4.0,0.3389097514813868,red,left,right,left,pick up the red block,4,pregrasp,64,80,16,0.45714285714285713,0.40816326530612246,2,8,0.3,0.7,8,0.33776724338531494,0.34947267174720764,0.34947267174720764,0.33776724338531494,-0.0117054283618927,-0.0117054283618927,0.4935399889945984,0.2071520984172821,0.35405904054641724
2026_08_18_00_55_32_860317_L3_left_C2,L3,C2,4.0,0.3389097514813868,red,left,right,left,pick up the red block,4,pregrasp,64,80,16,0.45714285714285713,0.40816326530612246,3,8,0.3,0.7,8,0.25174781680107117,0.2697998285293579,0.2697998285293579,0.25174781680107117,-0.018052011728286743,-0.018052011728286743,0.4935399889945984,0.2071520984172821,0.35405904054641724
2026_08_18_00_55_32_860317_L3_left_C2,L3,C2,4.0,0.3389097514813868,red,left,right,left,pick up the red block,4,pregrasp,64,80,16,0.45714285714285713,0.40816326530612246,4,8,0.3,0.7,8,0.21116866171360016,0.20042240619659424,0.20042240619659424,0.21116866171360016,0.01074625551700592,0.01074625551700592,0.4935399889945984,0.2071520984172821,0.35405904054641724
2026_08_18_00_55_32_860317_L3_left_C2,L3,C2,4.0,0.3389097514813868,red,left,right,left,pick up the red block,4,pregrasp,64,80,16,0.45714285714285713,0.40816326530612246,5,8,0.3,0.7,8,0.20917345583438873,0.19774404168128967,0.19774404168128967,0.20917345583438873,0.01142941415309906,0.01142941415309906,0.4935399889945984,0.2071520984172821,0.35405904054641724
2026_08_18_00_55_32_860317_L3_left_C2,L3,C2,4.0,0.3389097514813868,red,left,right,left,pick up the red block,4,pregrasp,64,80,16,0.45714285714285713,0.40816326530612246,6,8,0.3,0.7,8,0.295165479183197,0.2674672603607178,0.2674672603607178,0.295165479183197,0.027698218822479248,0.027698218822479248,0.4935399889945984,0.2071520984172821,0.35405904054641724
2026_08_18_00_55_32_860317_L3_left_C2,L3,C2,4.0,0.3389097514813868,red,left,right,left,pick up the red block,4,pregrasp,64,80,16,0.45714285714285713,0.40816326530612246,7,8,0.3,0.7,8,0.2786411643028259,0.2611655294895172,0.2611655294895172,0.2786411643028259,0.017475634813308716,0.017475634813308716,0.4935399889945984,0.2071520984172821,0.35405904054641724
2026_08_18_00_55_32_860317_L3_left_C2,L3,C2,4.0,0.3389097514813868,red,left,right,left,pick up the red block,4,pregrasp,64,80,16,0.45714285714285713,0.40816326530612246,8,8,0.3,0.7,8,0.28787824511528015,0.28182849287986755,0.28182849287986755,0.28787824511528015,0.006049752235412598,0.006049752235412598,0.4935399889945984,0.2071520984172821,0.35405904054641724
2026_08_18_00_55_32_860317_L3_left_C2,L3,C2,4.0,0.3389097514813868,red,left,right,left,pick up the red block,4,pregrasp,64,80,16,0.45714285714285713,0.40816326530612246,9,8,0.3,0.7,8,0.30712443590164185,0.32728084921836853,0.32728084921836853,0.30712443590164185,-0.020156413316726685,-0.020156413316726685,0.4935399889945984,0.2071520984172821,0.35405904054641724
2026_08_18_00_55_32_860317_L3_left_C2,L3,C2,4.0,0.3389097514813868,red,left,right,left,pick up the red block,5,pregrasp,80,96,16,0.5485714285714286,0.4897959183673469,0,8,0.3,0.7,8,0.24456870555877686,0.23630082607269287,0.23630082607269287,0.24456870555877686,0.008267879486083984,0.008267879486083984,0.540493905544281,0.1865803301334381,0.3085733652114868
2026_08_18_00_55_32_860317_L3_left_C2,L3,C2,4.0,0.3389097514813868,red,left,right,left,pick up the red block,5,pregrasp,80,96,16,0.5485714285714286,0.4897959183673469,1,8,0.3,0.7,8,0.16616109013557434,0.16587622463703156,0.16587622463703156,0.16616109013557434,0.00028486549854278564,0.00028486549854278564,0.540493905544281,0.1865803301334381,0.3085733652114868
2026_08_18_00_55_32_860317_L3_left_C2,L3,C2,4.0,0.3389097514813868,red,left,right,left,pick up the red block,5,pregrasp,80,96,16,0.5485714285714286,0.4897959183673469,2,8,0.3,0.7,8,0.24229680001735687,0.24121586978435516,0.24121586978435516,0.24229680001735687,0.001080930233001709,0.001080930233001709,0.540493905544281,0.1865803301334381,0.3085733652114868
2026_08_18_00_55_32_860317_L3_left_C2,L3,C2,4.0,0.3389097514813868,red,left,right,left,pick up the red block,5,pregrasp,80,96,16,0.5485714285714286,0.4897959183673469,3,8,0.3,0.7,8,0.31884801387786865,0.30629751086235046,0.30629751086235046,0.31884801387786865,0.012550503015518188,0.012550503015518188,0.540493905544281,0.1865803301334381,0.3085733652114868
2026_08_18_00_55_32_860317_L3_left_C2,L3,C2,4.0,0.3389097514813868,red,left,right,left,pick up the red block,5,pregrasp,80,96,16,0.5485714285714286,0.4897959183673469,4,8,0.3,0.7,8,0.3096665143966675,0.30672770738601685,0.30672770738601685,0.3096665143966675,0.0029388070106506348,0.0029388070106506348,0.540493905544281,0.1865803301334381,0.3085733652114868
2026_08_18_00_55_32_860317_L3_left_C2,L3,C2,4.0,0.3389097514813868,red,left,right,left,pick up the red block,5,pregrasp,80,96,16,0.5485714285714286,0.4897959183673469,5,8,0.3,0.7,8,0.24258823692798615,0.22975903749465942,0.22975903749465942,0.24258823692798615,0.012829199433326721,0.012829199433326721,0.540493905544281,0.1865803301334381,0.3085733652114868
2026_08_18_00_55_32_860317_L3_left_C2,L3,C2,4.0,0.3389097514813868,red,left,right,left,pick up the red block,5,pregrasp,80,96,16,0.5485714285714286,0.4897959183673469,6,8,0.3,0.7,8,0.28927814960479736,0.27529823780059814,0.27529823780059814,0.28927814960479736,0.013979911804199219,0.013979911804199219,0.540493905544281,0.1865803301334381,0.3085733652114868
2026_08_18_00_55_32_860317_L3_left_C2,L3,C2,4.0,0.3389097514813868,red,left,right,left,pick up the red block,5,pregrasp,80,96,16,0.5485714285714286,0.4897959183673469,7,8,0.3,0.7,8,0.24553178250789642,0.24046707153320312,0.24046707153320312,0.24553178250789642,0.005064710974693298,0.005064710974693298,0.540493905544281,0.1865803301334381,0.3085733652114868
2026_08_18_00_55_32_860317_L3_left_C2,L3,C2,4.0,0.3389097514813868,red,left,right,left,pick up the red block,5,pregrasp,80,96,16,0.5485714285714286,0.4897959183673469,8,8,0.3,0.7,8,0.22882863879203796,0.2241082340478897,0.2241082340478897,0.22882863879203796,0.004720404744148254,0.004720404744148254,0.540493905544281,0.1865803301334381,0.3085733652114868
2026_08_18_00_55_32_860317_L3_left_C2,L3,C2,4.0,0.3389097514813868,red,left,right,left,pick up the red block,5,pregrasp,80,96,16,0.5485714285714286,0.4897959183673469,9,8,0.3,0.7,8,0.3212790787220001,0.297574907541275,0.297574907541275,0.3212790787220001,0.023704171180725098,0.023704171180725098,0.540493905544281,0.1865803301334381,0.3085733652114868
2026_08_18_00_55_32_860317_L3_left_C2,L3,C2,4.0,0.3389097514813868,red,left,right,left,pick up the red block,6,pregrasp,96,112,16,0.64,0.5714285714285714,0,8,0.3,0.7,8,0.11082028597593307,0.14249303936958313,0.14249303936958313,0.11082028597593307,-0.031672753393650055,-0.031672753393650055,0.5829413533210754,0.1485113650560379,0.2686828374862671
2026_08_18_00_55_32_860317_L3_left_C2,L3,C2,4.0,0.3389097514813868,red,left,right,left,pick up the red block,6,pregrasp,96,112,16,0.64,0.5714285714285714,1,8,0.3,0.7,8,0.2290799617767334,0.25019004940986633,0.25019004940986633,0.2290799617767334,-0.021110087633132935,-0.021110087633132935,0.5829413533210754,0.1485113650560379,0.2686828374862671
2026_08_18_00_55_32_860317_L3_left_C2,L3,C2,4.0,0.3389097514813868,red,left,right,left,pick up the red block,6,pregrasp,96,112,16,0.64,0.5714285714285714,2,8,0.3,0.7,8,0.19606487452983856,0.21975857019424438,0.21975857019424438,0.19606487452983856,-0.023693695664405823,-0.023693695664405823,0.5829413533210754,0.1485113650560379,0.2686828374862671
2026_08_18_00_55_32_860317_L3_left_C2,L3,C2,4.0,0.3389097514813868,red,left,right,left,pick up the red block,6,pregrasp,96,112,16,0.64,0.5714285714285714,3,8,0.3,0.7,8,0.1973254531621933,0.2199125587940216,0.2199125587940216,0.1973254531621933,-0.022587105631828308,-0.022587105631828308,0.5829413533210754,0.1485113650560379,0.2686828374862671
2026_08_18_00_55_32_860317_L3_left_C2,L3,C2,4.0,0.3389097514813868,red,left,right,left,pick up the red block,6,pregrasp,96,112,16,0.64,0.5714285714285714,4,8,0.3,0.7,8,0.26557832956314087,0.28056085109710693,0.28056085109710693,0.26557832956314087,-0.014982521533966064,-0.014982521533966064,0.5829413533210754,0.1485113650560379,0.2686828374862671
2026_08_18_00_55_32_860317_L3_left_C2,L3,C2,4.0,0.3389097514813868,red,left,right,left,pick up the red block,6,pregrasp,96,112,16,0.64,0.5714285714285714,5,8,0.3,0.7,8,0.15601570904254913,0.17939254641532898,0.17939254641532898,0.15601570904254913,-0.023376837372779846,-0.023376837372779846,0.5829413533210754,0.1485113650560379,0.2686828374862671
2026_08_18_00_55_32_860317_L3_left_C2,L3,C2,4.0,0.3389097514813868,red,left,right,left,pick up the red block,6,pregrasp,96,112,16,0.64,0.5714285714285714,6,8,0.3,0.7,8,0.31300562620162964,0.33755263686180115,0.33755263686180115,0.31300562620162964,-0.02454701066017151,-0.02454701066017151,0.5829413533210754,0.1485113650560379,0.2686828374862671
2026_08_18_00_55_32_860317_L3_left_C2,L3,C2,4.0,0.3389097514813868,red,left,right,left,pick up the red block,6,pregrasp,96,112,16,0.64,0.5714285714285714,7,8,0.3,0.7,8,0.1979210078716278,0.2223612666130066,0.2223612666130066,0.1979210078716278,-0.024440258741378784,-0.024440258741378784,0.5829413533210754,0.1485113650560379,0.2686828374862671
2026_08_18_00_55_32_860317_L3_left_C2,L3,C2,4.0,0.3389097514813868,red,left,right,left,pick up the red block,6,pregrasp,96,112,16,0.64,0.5714285714285714,8,8,0.3,0.7,8,0.18823839724063873,0.21176162362098694,0.21176162362098694,0.18823839724063873,-0.023523226380348206,-0.023523226380348206,0.5829413533210754,0.1485113650560379,0.2686828374862671
2026_08_18_00_55_32_860317_L3_left_C2,L3,C2,4.0,0.3389097514813868,red,left,right,left,pick up the red block,6,pregrasp,96,112,16,0.64,0.5714285714285714,9,8,0.3,0.7,8,0.15270353853702545,0.1809246838092804,0.1809246838092804,0.15270353853702545,-0.028221145272254944,-0.028221145272254944,0.5829413533210754,0.1485113650560379,0.2686828374862671
2026_08_18_00_55_32_860317_L3_left_C2,L3,C2,4.0,0.3389097514813868,red,left,right,left,pick up the red block,7,pregrasp,112,128,16,0.7314285714285714,0.6530612244897959,0,8,0.3,0.7,8,0.35178428888320923,0.3549885153770447,0.3549885153770447,0.35178428888320923,-0.0032042264938354492,-0.0032042264938354492,0.621480405330658,0.1031448021531105,0.2324872761964798
2026_08_18_00_55_32_860317_L3_left_C2,L3,C2,4.0,0.3389097514813868,red,left,right,left,pick up the red block,7,pregrasp,112,128,16,0.7314285714285714,0.6530612244897959,1,8,0.3,0.7,8,0.3398023843765259,0.3466644585132599,0.3466644585132599,0.3398023843765259,-0.006862074136734009,-0.006862074136734009,0.621480405330658,0.1031448021531105,0.2324872761964798
2026_08_18_00_55_32_860317_L3_left_C2,L3,C2,4.0,0.3389097514813868,red,left,right,left,pick up the red block,7,pregrasp,112,128,16,0.7314285714285714,0.6530612244897959,2,8,0.3,0.7,8,0.29666730761528015,0.3126564025878906,0.3126564025878906,0.29666730761528015,-0.015989094972610474,-0.015989094972610474,0.621480405330658,0.1031448021531105,0.2324872761964798
2026_08_18_00_55_32_860317_L3_left_C2,L3,C2,4.0,0.3389097514813868,red,left,right,left,pick up the red block,7,pregrasp,112,128,16,0.7314285714285714,0.6530612244897959,3,8,0.3,0.7,8,0.20549316704273224,0.21028321981430054,0.21028321981430054,0.20549316704273224,-0.004790052771568298,-0.004790052771568298,0.621480405330658,0.1031448021531105,0.2324872761964798
2026_08_18_00_55_32_860317_L3_left_C2,L3,C2,4.0,0.3389097514813868,red,left,right,left,pick up the red block,7,pregrasp,112,128,16,0.7314285714285714,0.6530612244897959,4,8,0.3,0.7,8,0.26124536991119385,0.2702755630016327,0.2702755630016327,0.26124536991119385,-0.009030193090438843,-0.009030193090438843,0.621480405330658,0.1031448021531105,0.2324872761964798
2026_08_18_00_55_32_860317_L3_left_C2,L3,C2,4.0,0.3389097514813868,red,left,right,left,pick up the red block,7,pregrasp,112,128,16,0.7314285714285714,0.6530612244897959,5,8,0.3,0.7,8,0.2339663952589035,0.23647083342075348,0.23647083342075348,0.2339663952589035,-0.0025044381618499756,-0.0025044381618499756,0.621480405330658,0.1031448021531105,0.2324872761964798
2026_08_18_00_55_32_860317_L3_left_C2,L3,C2,4.0,0.3389097514813868,red,left,right,left,pick up the red block,7,pregrasp,112,128,16,0.7314285714285714,0.6530612244897959,6,8,0.3,0.7,8,0.2828390896320343,0.2844250500202179,0.2844250500202179,0.2828390896320343,-0.0015859603881835938,-0.0015859603881835938,0.621480405330658,0.1031448021531105,0.2324872761964798
2026_08_18_00_55_32_860317_L3_left_C2,L3,C2,4.0,0.3389097514813868,red,left,right,left,pick up the red block,7,pregrasp,112,128,16,0.7314285714285714,0.6530612244897959,7,8,0.3,0.7,8,0.16722196340560913,0.17888902127742767,0.17888902127742767,0.16722196340560913,-0.011667057871818542,-0.011667057871818542,0.621480405330658,0.1031448021531105,0.2324872761964798
2026_08_18_00_55_32_860317_L3_left_C2,L3,C2,4.0,0.3389097514813868,red,left,right,left,pick up the red block,7,pregrasp,112,128,16,0.7314285714285714,0.6530612244897959,8,8,0.3,0.7,8,0.2448216825723648,0.25781121850013733,0.25781121850013733,0.2448216825723648,-0.012989535927772522,-0.012989535927772522,0.621480405330658,0.1031448021531105,0.2324872761964798
2026_08_18_00_55_32_860317_L3_left_C2,L3,C2,4.0,0.3389097514813868,red,left,right,left,pick up the red block,7,pregrasp,112,128,16,0.7314285714285714,0.6530612244897959,9,8,0.3,0.7,8,0.2974224388599396,0.29323312640190125,0.29323312640190125,0.2974224388599396,0.00418931245803833,0.00418931245803833,0.621480405330658,0.1031448021531105,0.2324872761964798
2026_08_18_00_55_32_860317_L3_left_C2,L3,C2,4.0,0.3389097514813868,red,left,right,left,pick up the red block,8,pregrasp,128,144,16,0.8228571428571428,0.7346938775510204,0,8,0.3,0.7,8,0.28451618552207947,0.29970675706863403,0.29970675706863403,0.28451618552207947,-0.015190571546554565,-0.015190571546554565,0.6583803296089172,0.05492030456662178,0.1974526345729828
2026_08_18_00_55_32_860317_L3_left_C2,L3,C2,4.0,0.3389097514813868,red,left,right,left,pick up the red block,8,pregrasp,128,144,16,0.8228571428571428,0.7346938775510204,1,8,0.3,0.7,8,0.31472378969192505,0.33359748125076294,0.33359748125076294,0.31472378969192505,-0.01887369155883789,-0.01887369155883789,0.6583803296089172,0.05492030456662178,0.1974526345729828
2026_08_18_00_55_32_860317_L3_left_C2,L3,C2,4.0,0.3389097514813868,red,left,right,left,pick up the red block,8,pregrasp,128,144,16,0.8228571428571428,0.7346938775510204,2,8,0.3,0.7,8,0.37179601192474365,0.3826216459274292,0.3826216459274292,0.37179601192474365,-0.010825634002685547,-0.010825634002685547,0.6583803296089172,0.05492030456662178,0.1974526345729828
2026_08_18_00_55_32_860317_L3_left_C2,L3,C2,4.0,0.3389097514813868,red,left,right,left,pick up the red block,8,pregrasp,128,144,16,0.8228571428571428,0.7346938775510204,3,8,0.3,0.7,8,0.3792848289012909,0.3937382400035858,0.3937382400035858,0.3792848289012909,-0.014453411102294922,-0.014453411102294922,0.6583803296089172,0.05492030456662178,0.1974526345729828
2026_08_18_00_55_32_860317_L3_left_C2,L3,C2,4.0,0.3389097514813868,red,left,right,left,pick up the red block,8,pregrasp,128,144,16,0.8228571428571428,0.7346938775510204,4,8,0.3,0.7,8,0.4497314989566803,0.47361212968826294,0.47361212968826294,0.4497314989566803,-0.02388063073158264,-0.02388063073158264,0.6583803296089172,0.05492030456662178,0.1974526345729828
2026_08_18_00_55_32_860317_L3_left_C2,L3,C2,4.0,0.3389097514813868,red,left,right,left,pick up the red block,8,pregrasp,128,144,16,0.8228571428571428,0.7346938775510204,5,8,0.3,0.7,8,0.2932591736316681,0.31333082914352417,0.31333082914352417,0.2932591736316681,-0.02007165551185608,-0.02007165551185608,0.6583803296089172,0.05492030456662178,0.1974526345729828
2026_08_18_00_55_32_860317_L3_left_C2,L3,C2,4.0,0.3389097514813868,red,left,right,left,pick up the red block,8,pregrasp,128,144,16,0.8228571428571428,0.7346938775510204,6,8,0.3,0.7,8,0.42949432134628296,0.4500104486942291,0.4500104486942291,0.42949432134628296,-0.020516127347946167,-0.020516127347946167,0.6583803296089172,0.05492030456662178,0.1974526345729828
2026_08_18_00_55_32_860317_L3_left_C2,L3,C2,4.0,0.3389097514813868,red,left,right,left,pick up the red block,8,pregrasp,128,144,16,0.8228571428571428,0.7346938775510204,7,8,0.3,0.7,8,0.2937876284122467,0.30451908707618713,0.30451908707618713,0.2937876284122467,-0.01073145866394043,-0.01073145866394043,0.6583803296089172,0.05492030456662178,0.1974526345729828
2026_08_18_00_55_32_860317_L3_left_C2,L3,C2,4.0,0.3389097514813868,red,left,right,left,pick up the red block,8,pregrasp,128,144,16,0.8228571428571428,0.7346938775510204,8,8,0.3,0.7,8,0.4072265326976776,0.42074400186538696,0.42074400186538696,0.4072265326976776,-0.01351746916770935,-0.01351746916770935,0.6583803296089172,0.05492030456662178,0.1974526345729828
2026_08_18_00_55_32_860317_L3_left_C2,L3,C2,4.0,0.3389097514813868,red,left,right,left,pick up the red block,8,pregrasp,128,144,16,0.8228571428571428,0.7346938775510204,9,8,0.3,0.7,8,0.29663270711898804,0.31392642855644226,0.31392642855644226,0.29663270711898804,-0.017293721437454224,-0.017293721437454224,0.6583803296089172,0.05492030456662178,0.1974526345729828
2026_08_18_00_55_32_860317_L3_left_C2,L3,C2,4.0,0.3389097514813868,red,left,right,left,pick up the red block,9,pregrasp,144,160,16,0.9142857142857143,0.8163265306122449,0,8,0.3,0.7,8,0.30997198820114136,0.25163933634757996,0.25163933634757996,0.30997198820114136,0.0583326518535614,0.0583326518535614,0.6673097610473633,0.04556037485599518,0.18960975110530853
2026_08_18_00_55_32_860317_L3_left_C2,L3,C2,4.0,0.3389097514813868,red,left,right,left,pick up the red block,9,pregrasp,144,160,16,0.9142857142857143,0.8163265306122449,1,8,0.3,0.7,8,0.358481764793396,0.29662811756134033,0.29662811756134033,0.358481764793396,0.061853647232055664,0.061853647232055664,0.6673097610473633,0.04556037485599518,0.18960975110530853
2026_08_18_00_55_32_860317_L3_left_C2,L3,C2,4.0,0.3389097514813868,red,left,right,left,pick up the red block,9,pregrasp,144,160,16,0.9142857142857143,0.8163265306122449,2,8,0.3,0.7,8,0.33703240752220154,0.2652781903743744,0.2652781903743744,0.33703240752220154,0.07175421714782715,0.07175421714782715,0.6673097610473633,0.04556037485599518,0.18960975110530853
2026_08_18_00_55_32_860317_L3_left_C2,L3,C2,4.0,0.3389097514813868,red,left,right,left,pick up the red block,9,pregrasp,144,160,16,0.9142857142857143,0.8163265306122449,3,8,0.3,0.7,8,0.3775220811367035,0.3061124086380005,0.3061124086380005,0.3775220811367035,0.071409672498703,0.071409672498703,0.6673097610473633,0.04556037485599518,0.18960975110530853
2026_08_18_00_55_32_860317_L3_left_C2,L3,C2,4.0,0.3389097514813868,red,left,right,left,pick up the red block,9,pregrasp,144,160,16,0.9142857142857143,0.8163265306122449,4,8,0.3,0.7,8,0.3969198763370514,0.3238207697868347,0.3238207697868347,0.3969198763370514,0.07309910655021667,0.07309910655021667,0.6673097610473633,0.04556037485599518,0.18960975110530853
2026_08_18_00_55_32_860317_L3_left_C2,L3,C2,4.0,0.3389097514813868,red,left,right,left,pick up the red block,9,pregrasp,144,160,16,0.9142857142857143,0.8163265306122449,5,8,0.3,0.7,8,0.3762688934803009,0.32488584518432617,0.32488584518432617,0.3762688934803009,0.05138304829597473,0.05138304829597473,0.6673097610473633,0.04556037485599518,0.18960975110530853
2026_08_18_00_55_32_860317_L3_left_C2,L3,C2,4.0,0.3389097514813868,red,left,right,left,pick up the red block,9,pregrasp,144,160,16,0.9142857142857143,0.8163265306122449,6,8,0.3,0.7,8,0.30703699588775635,0.23443257808685303,0.23443257808685303,0.30703699588775635,0.07260441780090332,0.07260441780090332,0.6673097610473633,0.04556037485599518,0.18960975110530853
2026_08_18_00_55_32_860317_L3_left_C2,L3,C2,4.0,0.3389097514813868,red,left,right,left,pick up the red block,9,pregrasp,144,160,16,0.9142857142857143,0.8163265306122449,7,8,0.3,0.7,8,0.3467884361743927,0.27677956223487854,0.27677956223487854,0.3467884361743927,0.07000887393951416,0.07000887393951416,0.6673097610473633,0.04556037485599518,0.18960975110530853
2026_08_18_00_55_32_860317_L3_left_C2,L3,C2,4.0,0.3389097514813868,red,left,right,left,pick up the red block,9,pregrasp,144,160,16,0.9142857142857143,0.8163265306122449,8,8,0.3,0.7,8,0.2759069800376892,0.21330925822257996,0.21330925822257996,0.2759069800376892,0.06259772181510925,0.06259772181510925,0.6673097610473633,0.04556037485599518,0.18960975110530853
2026_08_18_00_55_32_860317_L3_left_C2,L3,C2,4.0,0.3389097514813868,red,left,right,left,pick up the red block,9,pregrasp,144,160,16,0.9142857142857143,0.8163265306122449,9,8,0.3,0.7,8,0.29218345880508423,0.23226773738861084,0.23226773738861084,0.29218345880508423,0.05991572141647339,0.05991572141647339,0.6673097610473633,0.04556037485599518,0.18960975110530853
2026_08_18_00_55_32_860317_L3_left_C2,L3,C2,4.0,0.3389097514813868,red,left,right,left,pick up the red block,10,pregrasp,160,175,15,1.0,0.8928571428571429,0,8,0.3,0.7,8,0.19685907661914825,0.18863508105278015,0.18863508105278015,0.19685907661914825,0.008223995566368103,0.008223995566368103,0.6673097610473633,0.04556037485599518,0.18960975110530853
2026_08_18_00_55_32_860317_L3_left_C2,L3,C2,4.0,0.3389097514813868,red,left,right,left,pick up the red block,10,pregrasp,160,175,15,1.0,0.8928571428571429,1,8,0.3,0.7,8,0.27775996923446655,0.2607557475566864,0.2607557475566864,0.27775996923446655,0.01700422167778015,0.01700422167778015,0.6673097610473633,0.04556037485599518,0.18960975110530853
2026_08_18_00_55_32_860317_L3_left_C2,L3,C2,4.0,0.3389097514813868,red,left,right,left,pick up the red block,10,pregrasp,160,175,15,1.0,0.8928571428571429,2,8,0.3,0.7,8,0.30218613147735596,0.30392003059387207,0.30392003059387207,0.30218613147735596,-0.0017338991165161133,-0.0017338991165161133,0.6673097610473633,0.04556037485599518,0.18960975110530853
2026_08_18_00_55_32_860317_L3_left_C2,L3,C2,4.0,0.3389097514813868,red,left,right,left,pick up the red block,10,pregrasp,160,175,15,1.0,0.8928571428571429,3,8,0.3,0.7,8,0.23672090470790863,0.22128400206565857,0.22128400206565857,0.23672090470790863,0.015436902642250061,0.015436902642250061,0.6673097610473633,0.04556037485599518,0.18960975110530853
2026_08_18_00_55_32_860317_L3_left_C2,L3,C2,4.0,0.3389097514813868,red,left,right,left,pick up the red block,10,pregrasp,160,175,15,1.0,0.8928571428571429,4,8,0.3,0.7,8,0.3059554994106293,0.27310711145401,0.27310711145401,0.3059554994106293,0.03284838795661926,0.03284838795661926,0.6673097610473633,0.04556037485599518,0.18960975110530853
2026_08_18_00_55_32_860317_L3_left_C2,L3,C2,4.0,0.3389097514813868,red,left,right,left,pick up the red block,10,pregrasp,160,175,15,1.0,0.8928571428571429,5,8,0.3,0.7,8,0.26193419098854065,0.23643697798252106,0.23643697798252106,0.26193419098854065,0.025497213006019592,0.025497213006019592,0.6673097610473633,0.04556037485599518,0.18960975110530853
2026_08_18_00_55_32_860317_L3_left_C2,L3,C2,4.0,0.3389097514813868,red,left,right,left,pick up the red block,10,pregrasp,160,175,15,1.0,0.8928571428571429,6,8,0.3,0.7,8,0.3075405955314636,0.2770330011844635,0.2770330011844635,0.3075405955314636,0.030507594347000122,0.030507594347000122,0.6673097610473633,0.04556037485599518,0.18960975110530853
2026_08_18_00_55_32_860317_L3_left_C2,L3,C2,4.0,0.3389097514813868,red,left,right,left,pick up the red block,10,pregrasp,160,175,15,1.0,0.8928571428571429,7,8,0.3,0.7,8,0.26037904620170593,0.22504039108753204,0.22504039108753204,0.26037904620170593,0.03533865511417389,0.03533865511417389,0.6673097610473633,0.04556037485599518,0.18960975110530853
2026_08_18_00_55_32_860317_L3_left_C2,L3,C2,4.0,0.3389097514813868,red,left,right,left,pick up the red block,10,pregrasp,160,175,15,1.0,0.8928571428571429,8,8,0.3,0.7,8,0.2714228928089142,0.27720004320144653,0.27720004320144653,0.2714228928089142,-0.005777150392532349,-0.005777150392532349,0.6673097610473633,0.04556037485599518,0.18960975110530853
2026_08_18_00_55_32_860317_L3_left_C2,L3,C2,4.0,0.3389097514813868,red,left,right,left,pick up the red block,10,pregrasp,160,175,15,1.0,0.8928571428571429,9,8,0.3,0.7,8,0.23404577374458313,0.21107147634029388,0.21107147634029388,0.23404577374458313,0.022974297404289246,0.022974297404289246,0.6673097610473633,0.04556037485599518,0.18960975110530853
2026_08_18_00_55_32_860317_L3_left_C2,L3,C2,4.0,0.3389097514813868,red,left,right,left,pick up the red block,11,postgrasp,175,191,16,1.0,0.9744897959183674,0,8,0.3,0.7,8,0.3716091513633728,0.2991364300251007,0.2991364300251007,0.3716091513633728,0.0724727213382721,0.0724727213382721,0.6677286624908447,0.04548312723636627,0.18986965715885162
2026_08_18_00_55_32_860317_L3_left_C2,L3,C2,4.0,0.3389097514813868,red,left,right,left,pick up the red block,11,postgrasp,175,191,16,1.0,0.9744897959183674,1,8,0.3,0.7,8,0.3511626422405243,0.30916160345077515,0.30916160345077515,0.3511626422405243,0.042001038789749146,0.042001038789749146,0.6677286624908447,0.04548312723636627,0.18986965715885162
2026_08_18_00_55_32_860317_L3_left_C2,L3,C2,4.0,0.3389097514813868,red,left,right,left,pick up the red block,11,postgrasp,175,191,16,1.0,0.9744897959183674,2,8,0.3,0.7,8,0.37593668699264526,0.3177992105484009,0.3177992105484009,0.37593668699264526,0.058137476444244385,0.058137476444244385,0.6677286624908447,0.04548312723636627,0.18986965715885162
2026_08_18_00_55_32_860317_L3_left_C2,L3,C2,4.0,0.3389097514813868,red,left,right,left,pick up the red block,11,postgrasp,175,191,16,1.0,0.9744897959183674,3,8,0.3,0.7,8,0.3524859845638275,0.2877058982849121,0.2877058982849121,0.3524859845638275,0.0647800862789154,0.0647800862789154,0.6677286624908447,0.04548312723636627,0.18986965715885162
2026_08_18_00_55_32_860317_L3_left_C2,L3,C2,4.0,0.3389097514813868,red,left,right,left,pick up the red block,11,postgrasp,175,191,16,1.0,0.9744897959183674,4,8,0.3,0.7,8,0.3488302528858185,0.29386240243911743,0.29386240243911743,0.3488302528858185,0.05496785044670105,0.05496785044670105,0.6677286624908447,0.04548312723636627,0.18986965715885162
2026_08_18_00_55_32_860317_L3_left_C2,L3,C2,4.0,0.3389097514813868,red,left,right,left,pick up the red block,11,postgrasp,175,191,16,1.0,0.9744897959183674,5,8,0.3,0.7,8,0.38596415519714355,0.32431933283805847,0.32431933283805847,0.38596415519714355,0.06164482235908508,0.06164482235908508,0.6677286624908447,0.04548312723636627,0.18986965715885162
2026_08_18_00_55_32_860317_L3_left_C2,L3,C2,4.0,0.3389097514813868,red,left,right,left,pick up the red block,11,postgrasp,175,191,16,1.0,0.9744897959183674,6,8,0.3,0.7,8,0.3968203067779541,0.3409760296344757,0.3409760296344757,0.3968203067779541,0.055844277143478394,0.055844277143478394,0.6677286624908447,0.04548312723636627,0.18986965715885162
2026_08_18_00_55_32_860317_L3_left_C2,L3,C2,4.0,0.3389097514813868,red,left,right,left,pick up the red block,11,postgrasp,175,191,16,1.0,0.9744897959183674,7,8,0.3,0.7,8,0.3837687373161316,0.3088529109954834,0.3088529109954834,0.3837687373161316,0.0749158263206482,0.0749158263206482,0.6677286624908447,0.04548312723636627,0.18986965715885162
2026_08_18_00_55_32_860317_L3_left_C2,L3,C2,4.0,0.3389097514813868,red,left,right,left,pick up the red block,11,postgrasp,175,191,16,1.0,0.9744897959183674,8,8,0.3,0.7,8,0.41977810859680176,0.33844923973083496,0.33844923973083496,0.41977810859680176,0.0813288688659668,0.0813288688659668,0.6677286624908447,0.04548312723636627,0.18986965715885162
2026_08_18_00_55_32_860317_L3_left_C2,L3,C2,4.0,0.3389097514813868,red,left,right,left,pick up the red block,11,postgrasp,175,191,16,1.0,0.9744897959183674,9,8,0.3,0.7,8,0.4626879394054413,0.3728070557117462,0.3728070557117462,0.4626879394054413,0.08988088369369507,0.08988088369369507,0.6677286624908447,0.04548312723636627,0.18986965715885162
2026_08_18_00_55_32_860317_L3_left_C2,L3,C2,4.0,0.3389097514813868,red,left,right,left,pick up the red block,12,postgrasp,191,196,5,1.0,1.0,0,8,0.3,0.7,8,0.3112693727016449,0.3410513401031494,0.3410513401031494,0.3112693727016449,-0.029781967401504517,-0.029781967401504517,0.6677447557449341,0.04548204317688942,0.1898639053106308
2026_08_18_00_55_32_860317_L3_left_C2,L3,C2,4.0,0.3389097514813868,red,left,right,left,pick up the red block,12,postgrasp,191,196,5,1.0,1.0,1,8,0.3,0.7,8,0.3621070683002472,0.32935211062431335,0.32935211062431335,0.3621070683002472,0.03275495767593384,0.03275495767593384,0.6677447557449341,0.04548204317688942,0.1898639053106308
2026_08_18_00_55_32_860317_L3_left_C2,L3,C2,4.0,0.3389097514813868,red,left,right,left,pick up the red block,12,postgrasp,191,196,5,1.0,1.0,2,8,0.3,0.7,8,0.37104523181915283,0.3451364040374756,0.3451364040374756,0.37104523181915283,0.025908827781677246,0.025908827781677246,0.6677447557449341,0.04548204317688942,0.1898639053106308
2026_08_18_00_55_32_860317_L3_left_C2,L3,C2,4.0,0.3389097514813868,red,left,right,left,pick up the red block,12,postgrasp,191,196,5,1.0,1.0,3,8,0.3,0.7,8,0.44606685638427734,0.43013226985931396,0.43013226985931396,0.44606685638427734,0.01593458652496338,0.01593458652496338,0.6677447557449341,0.04548204317688942,0.1898639053106308
2026_08_18_00_55_32_860317_L3_left_C2,L3,C2,4.0,0.3389097514813868,red,left,right,left,pick up the red block,12,postgrasp,191,196,5,1.0,1.0,4,8,0.3,0.7,8,0.31604650616645813,0.37397482991218567,0.37397482991218567,0.31604650616645813,-0.05792832374572754,-0.05792832374572754,0.6677447557449341,0.04548204317688942,0.1898639053106308
2026_08_18_00_55_32_860317_L3_left_C2,L3,C2,4.0,0.3389097514813868,red,left,right,left,pick up the red block,12,postgrasp,191,196,5,1.0,1.0,5,8,0.3,0.7,8,0.4273914098739624,0.49355292320251465,0.49355292320251465,0.4273914098739624,-0.06616151332855225,-0.06616151332855225,0.6677447557449341,0.04548204317688942,0.1898639053106308
2026_08_18_00_55_32_860317_L3_left_C2,L3,C2,4.0,0.3389097514813868,red,left,right,left,pick up the red block,12,postgrasp,191,196,5,1.0,1.0,6,8,0.3,0.7,8,0.32042911648750305,0.37034159898757935,0.37034159898757935,0.32042911648750305,-0.049912482500076294,-0.049912482500076294,0.6677447557449341,0.04548204317688942,0.1898639053106308
2026_08_18_00_55_32_860317_L3_left_C2,L3,C2,4.0,0.3389097514813868,red,left,right,left,pick up the red block,12,postgrasp,191,196,5,1.0,1.0,7,8,0.3,0.7,8,0.33211567997932434,0.4314334988594055,0.4314334988594055,0.33211567997932434,-0.09931781888008118,-0.09931781888008118,0.6677447557449341,0.04548204317688942,0.1898639053106308
2026_08_18_00_55_32_860317_L3_left_C2,L3,C2,4.0,0.3389097514813868,red,left,right,left,pick up the red block,12,postgrasp,191,196,5,1.0,1.0,8,8,0.3,0.7,8,0.41304174065589905,0.46472030878067017,0.46472030878067017,0.41304174065589905,-0.05167856812477112,-0.05167856812477112,0.6677447557449341,0.04548204317688942,0.1898639053106308
2026_08_18_00_55_32_860317_L3_left_C2,L3,C2,4.0,0.3389097514813868,red,left,right,left,pick up the red block,12,postgrasp,191,196,5,1.0,1.0,9,8,0.3,0.7,8,0.29830899834632874,0.35510534048080444,0.35510534048080444,0.29830899834632874,-0.05679634213447571,-0.05679634213447571,0.6677447557449341,0.04548204317688942,0.1898639053106308
2026_08_18_00_56_19_492037_L3_right_C0,L3,C0,0.0,0.0,red,right,left,right,pick up the red block,0,pregrasp,0,16,16,0.13333333333333333,0.11347517730496454,0,8,0.3,0.7,8,0.2912517488002777,0.31356868147850037,0.31356868147850037,0.2912517488002777,-0.022316932678222656,-0.022316932678222656,0.38300463557243347,0.002904314547777176,0.4676609933376312
2026_08_18_00_56_19_492037_L3_right_C0,L3,C0,0.0,0.0,red,right,left,right,pick up the red block,0,pregrasp,0,16,16,0.13333333333333333,0.11347517730496454,1,8,0.3,0.7,8,0.38691526651382446,0.42715391516685486,0.42715391516685486,0.38691526651382446,-0.040238648653030396,-0.040238648653030396,0.38300463557243347,0.002904314547777176,0.4676609933376312
2026_08_18_00_56_19_492037_L3_right_C0,L3,C0,0.0,0.0,red,right,left,right,pick up the red block,0,pregrasp,0,16,16,0.13333333333333333,0.11347517730496454,2,8,0.3,0.7,8,0.2752639055252075,0.30962735414505005,0.30962735414505005,0.2752639055252075,-0.03436344861984253,-0.03436344861984253,0.38300463557243347,0.002904314547777176,0.4676609933376312
2026_08_18_00_56_19_492037_L3_right_C0,L3,C0,0.0,0.0,red,right,left,right,pick up the red block,0,pregrasp,0,16,16,0.13333333333333333,0.11347517730496454,3,8,0.3,0.7,8,0.3083367943763733,0.33987104892730713,0.33987104892730713,0.3083367943763733,-0.03153425455093384,-0.03153425455093384,0.38300463557243347,0.002904314547777176,0.4676609933376312
2026_08_18_00_56_19_492037_L3_right_C0,L3,C0,0.0,0.0,red,right,left,right,pick up the red block,0,pregrasp,0,16,16,0.13333333333333333,0.11347517730496454,4,8,0.3,0.7,8,0.25694555044174194,0.28592056035995483,0.28592056035995483,0.25694555044174194,-0.02897500991821289,-0.02897500991821289,0.38300463557243347,0.002904314547777176,0.4676609933376312
2026_08_18_00_56_19_492037_L3_right_C0,L3,C0,0.0,0.0,red,right,left,right,pick up the red block,0,pregrasp,0,16,16,0.13333333333333333,0.11347517730496454,5,8,0.3,0.7,8,0.2782672047615051,0.30021315813064575,0.30021315813064575,0.2782672047615051,-0.021945953369140625,-0.021945953369140625,0.38300463557243347,0.002904314547777176,0.4676609933376312
2026_08_18_00_56_19_492037_L3_right_C0,L3,C0,0.0,0.0,red,right,left,right,pick up the red block,0,pregrasp,0,16,16,0.13333333333333333,0.11347517730496454,6,8,0.3,0.7,8,0.2446688562631607,0.27952995896339417,0.27952995896339417,0.2446688562631607,-0.03486110270023346,-0.03486110270023346,0.38300463557243347,0.002904314547777176,0.4676609933376312
2026_08_18_00_56_19_492037_L3_right_C0,L3,C0,0.0,0.0,red,right,left,right,pick up the red block,0,pregrasp,0,16,16,0.13333333333333333,0.11347517730496454,7,8,0.3,0.7,8,0.37535321712493896,0.4272453784942627,0.4272453784942627,0.37535321712493896,-0.05189216136932373,-0.05189216136932373,0.38300463557243347,0.002904314547777176,0.4676609933376312
2026_08_18_00_56_19_492037_L3_right_C0,L3,C0,0.0,0.0,red,right,left,right,pick up the red block,0,pregrasp,0,16,16,0.13333333333333333,0.11347517730496454,8,8,0.3,0.7,8,0.2846115231513977,0.33439621329307556,0.33439621329307556,0.2846115231513977,-0.049784690141677856,-0.049784690141677856,0.38300463557243347,0.002904314547777176,0.4676609933376312
2026_08_18_00_56_19_492037_L3_right_C0,L3,C0,0.0,0.0,red,right,left,right,pick up the red block,0,pregrasp,0,16,16,0.13333333333333333,0.11347517730496454,9,8,0.3,0.7,8,0.295083224773407,0.33932673931121826,0.33932673931121826,0.295083224773407,-0.04424351453781128,-0.04424351453781128,0.38300463557243347,0.002904314547777176,0.4676609933376312
2026_08_18_00_56_19_492037_L3_right_C0,L3,C0,0.0,0.0,red,right,left,right,pick up the red block,1,pregrasp,16,32,16,0.26666666666666666,0.22695035460992907,0,8,0.3,0.7,8,0.37489449977874756,0.21793776750564575,0.21793776750564575,0.37489449977874756,0.1569567322731018,0.1569567322731018,0.427300363779068,-0.0050901444628834724,0.41503700613975525
2026_08_18_00_56_19_492037_L3_right_C0,L3,C0,0.0,0.0,red,right,left,right,pick up the red block,1,pregrasp,16,32,16,0.26666666666666666,0.22695035460992907,1,8,0.3,0.7,8,0.3796600103378296,0.2562403976917267,0.2562403976917267,0.3796600103378296,0.1234196126461029,0.1234196126461029,0.427300363779068,-0.0050901444628834724,0.41503700613975525
2026_08_18_00_56_19_492037_L3_right_C0,L3,C0,0.0,0.0,red,right,left,right,pick up the red block,1,pregrasp,16,32,16,0.26666666666666666,0.22695035460992907,2,8,0.3,0.7,8,0.2798110842704773,0.23270833492279053,0.23270833492279053,0.2798110842704773,0.04710274934768677,0.04710274934768677,0.427300363779068,-0.0050901444628834724,0.41503700613975525
2026_08_18_00_56_19_492037_L3_right_C0,L3,C0,0.0,0.0,red,right,left,right,pick up the red block,1,pregrasp,16,32,16,0.26666666666666666,0.22695035460992907,3,8,0.3,0.7,8,0.34120023250579834,0.20667089521884918,0.20667089521884918,0.34120023250579834,0.13452933728694916,0.13452933728694916,0.427300363779068,-0.0050901444628834724,0.41503700613975525
2026_08_18_00_56_19_492037_L3_right_C0,L3,C0,0.0,0.0,red,right,left,right,pick up the red block,1,pregrasp,16,32,16,0.26666666666666666,0.22695035460992907,4,8,0.3,0.7,8,0.31303197145462036,0.23243428766727448,0.23243428766727448,0.31303197145462036,0.08059768378734589,0.08059768378734589,0.427300363779068,-0.0050901444628834724,0.41503700613975525
2026_08_18_00_56_19_492037_L3_right_C0,L3,C0,0.0,0.0,red,right,left,right,pick up the red block,1,pregrasp,16,32,16,0.26666666666666666,0.22695035460992907,5,8,0.3,0.7,8,0.44549933075904846,0.3097119629383087,0.3097119629383087,0.44549933075904846,0.13578736782073975,0.13578736782073975,0.427300363779068,-0.0050901444628834724,0.41503700613975525
2026_08_18_00_56_19_492037_L3_right_C0,L3,C0,0.0,0.0,red,right,left,right,pick up the red block,1,pregrasp,16,32,16,0.26666666666666666,0.22695035460992907,6,8,0.3,0.7,8,0.3424213230609894,0.2864099144935608,0.2864099144935608,0.3424213230609894,0.05601140856742859,0.05601140856742859,0.427300363779068,-0.0050901444628834724,0.41503700613975525
2026_08_18_00_56_19_492037_L3_right_C0,L3,C0,0.0,0.0,red,right,left,right,pick up the red block,1,pregrasp,16,32,16,0.26666666666666666,0.22695035460992907,7,8,0.3,0.7,8,0.40370973944664,0.27583253383636475,0.27583253383636475,0.40370973944664,0.12787720561027527,0.12787720561027527,0.427300363779068,-0.0050901444628834724,0.41503700613975525
2026_08_18_00_56_19_492037_L3_right_C0,L3,C0,0.0,0.0,red,right,left,right,pick up the red block,1,pregrasp,16,32,16,0.26666666666666666,0.22695035460992907,8,8,0.3,0.7,8,0.2904985845088959,0.20698654651641846,0.20698654651641846,0.2904985845088959,0.08351203799247742,0.08351203799247742,0.427300363779068,-0.0050901444628834724,0.41503700613975525
2026_08_18_00_56_19_492037_L3_right_C0,L3,C0,0.0,0.0,red,right,left,right,pick up the red block,1,pregrasp,16,32,16,0.26666666666666666,0.22695035460992907,9,8,0.3,0.7,8,0.3987058699131012,0.29459699988365173,0.29459699988365173,0.3987058699131012,0.10410887002944946,0.10410887002944946,0.427300363779068,-0.0050901444628834724,0.41503700613975525
2026_08_18_00_56_19_492037_L3_right_C0,L3,C0,0.0,0.0,red,right,left,right,pick up the red block,2,pregrasp,32,48,16,0.4,0.3404255319148936,0,8,0.3,0.7,8,0.36956843733787537,0.21143361926078796,0.21143361926078796,0.36956843733787537,0.1581348180770874,0.1581348180770874,0.477576345205307,-0.012082882225513458,0.36780381202697754
2026_08_18_00_56_19_492037_L3_right_C0,L3,C0,0.0,0.0,red,right,left,right,pick up the red block,2,pregrasp,32,48,16,0.4,0.3404255319148936,1,8,0.3,0.7,8,0.5246955156326294,0.3442181348800659,0.3442181348800659,0.5246955156326294,0.18047738075256348,0.18047738075256348,0.477576345205307,-0.012082882225513458,0.36780381202697754
2026_08_18_00_56_19_492037_L3_right_C0,L3,C0,0.0,0.0,red,right,left,right,pick up the red block,2,pregrasp,32,48,16,0.4,0.3404255319148936,2,8,0.3,0.7,8,0.5543020367622375,0.40072646737098694,0.40072646737098694,0.5543020367622375,0.1535755693912506,0.1535755693912506,0.477576345205307,-0.012082882225513458,0.36780381202697754
2026_08_18_00_56_19_492037_L3_right_C0,L3,C0,0.0,0.0,red,right,left,right,pick up the red block,2,pregrasp,32,48,16,0.4,0.3404255319148936,3,8,0.3,0.7,8,0.35943087935447693,0.1546638458967209,0.1546638458967209,0.35943087935447693,0.20476703345775604,0.20476703345775604,0.477576345205307,-0.012082882225513458,0.36780381202697754
2026_08_18_00_56_19_492037_L3_right_C0,L3,C0,0.0,0.0,red,right,left,right,pick up the red block,2,pregrasp,32,48,16,0.4,0.3404255319148936,4,8,0.3,0.7,8,0.4574658274650574,0.3004210293292999,0.3004210293292999,0.4574658274650574,0.15704479813575745,0.15704479813575745,0.477576345205307,-0.012082882225513458,0.36780381202697754
2026_08_18_00_56_19_492037_L3_right_C0,L3,C0,0.0,0.0,red,right,left,right,pick up the red block,2,pregrasp,32,48,16,0.4,0.3404255319148936,5,8,0.3,0.7,8,0.4502091705799103,0.2757452130317688,0.2757452130317688,0.4502091705799103,0.17446395754814148,0.17446395754814148,0.477576345205307,-0.012082882225513458,0.36780381202697754
2026_08_18_00_56_19_492037_L3_right_C0,L3,C0,0.0,0.0,red,right,left,right,pick up the red block,2,pregrasp,32,48,16,0.4,0.3404255319148936,6,8,0.3,0.7,8,0.415227472782135,0.24002809822559357,0.24002809822559357,0.415227472782135,0.17519937455654144,0.17519937455654144,0.477576345205307,-0.012082882225513458,0.36780381202697754
2026_08_18_00_56_19_492037_L3_right_C0,L3,C0,0.0,0.0,red,right,left,right,pick up the red block,2,pregrasp,32,48,16,0.4,0.3404255319148936,7,8,0.3,0.7,8,0.33744725584983826,0.1668689101934433,0.1668689101934433,0.33744725584983826,0.17057834565639496,0.17057834565639496,0.477576345205307,-0.012082882225513458,0.36780381202697754
2026_08_18_00_56_19_492037_L3_right_C0,L3,C0,0.0,0.0,red,right,left,right,pick up the red block,2,pregrasp,32,48,16,0.4,0.3404255319148936,8,8,0.3,0.7,8,0.4300113916397095,0.2535799443721771,0.2535799443721771,0.4300113916397095,0.17643144726753235,0.17643144726753235,0.477576345205307,-0.012082882225513458,0.36780381202697754
2026_08_18_00_56_19_492037_L3_right_C0,L3,C0,0.0,0.0,red,right,left,right,pick up the red block,2,pregrasp,32,48,16,0.4,0.3404255319148936,9,8,0.3,0.7,8,0.4401794373989105,0.30382439494132996,0.30382439494132996,0.4401794373989105,0.13635504245758057,0.13635504245758057,0.477576345205307,-0.012082882225513458,0.36780381202697754
2026_08_18_00_56_19_492037_L3_right_C0,L3,C0,0.0,0.0,red,right,left,right,pick up the red block,3,pregrasp,48,64,16,0.5333333333333333,0.45390070921985815,0,8,0.3,0.7,8,0.4111163318157196,0.23803482949733734,0.23803482949733734,0.4111163318157196,0.17308150231838226,0.17308150231838226,0.5283117890357971,-0.018828600645065308,0.3204621970653534
2026_08_18_00_56_19_492037_L3_right_C0,L3,C0,0.0,0.0,red,right,left,right,pick up the red block,3,pregrasp,48,64,16,0.5333333333333333,0.45390070921985815,1,8,0.3,0.7,8,0.35484981536865234,0.19455544650554657,0.19455544650554657,0.35484981536865234,0.16029436886310577,0.16029436886310577,0.5283117890357971,-0.018828600645065308,0.3204621970653534
2026_08_18_00_56_19_492037_L3_right_C0,L3,C0,0.0,0.0,red,right,left,right,pick up the red block,3,pregrasp,48,64,16,0.5333333333333333,0.45390070921985815,2,8,0.3,0.7,8,0.39318034052848816,0.23277053236961365,0.23277053236961365,0.39318034052848816,0.1604098081588745,0.1604098081588745,0.5283117890357971,-0.018828600645065308,0.3204621970653534
2026_08_18_00_56_19_492037_L3_right_C0,L3,C0,0.0,0.0,red,right,left,right,pick up the red block,3,pregrasp,48,64,16,0.5333333333333333,0.45390070921985815,3,8,0.3,0.7,8,0.40692663192749023,0.27655690908432007,0.27655690908432007,0.40692663192749023,0.13036972284317017,0.13036972284317017,0.5283117890357971,-0.018828600645065308,0.3204621970653534
2026_08_18_00_56_19_492037_L3_right_C0,L3,C0,0.0,0.0,red,right,left,right,pick up the red block,3,pregrasp,48,64,16,0.5333333333333333,0.45390070921985815,4,8,0.3,0.7,8,0.34434881806373596,0.1881992071866989,0.1881992071866989,0.34434881806373596,0.15614961087703705,0.15614961087703705,0.5283117890357971,-0.018828600645065308,0.3204621970653534
2026_08_18_00_56_19_492037_L3_right_C0,L3,C0,0.0,0.0,red,right,left,right,pick up the red block,3,pregrasp,48,64,16,0.5333333333333333,0.45390070921985815,5,8,0.3,0.7,8,0.38397443294525146,0.22230635583400726,0.22230635583400726,0.38397443294525146,0.1616680771112442,0.1616680771112442,0.5283117890357971,-0.018828600645065308,0.3204621970653534
2026_08_18_00_56_19_492037_L3_right_C0,L3,C0,0.0,0.0,red,right,left,right,pick up the red block,3,pregrasp,48,64,16,0.5333333333333333,0.45390070921985815,6,8,0.3,0.7,8,0.31628644466400146,0.1715611070394516,0.1715611070394516,0.31628644466400146,0.14472533762454987,0.14472533762454987,0.5283117890357971,-0.018828600645065308,0.3204621970653534
2026_08_18_00_56_19_492037_L3_right_C0,L3,C0,0.0,0.0,red,right,left,right,pick up the red block,3,pregrasp,48,64,16,0.5333333333333333,0.45390070921985815,7,8,0.3,0.7,8,0.38011300563812256,0.21107998490333557,0.21107998490333557,0.38011300563812256,0.169033020734787,0.169033020734787,0.5283117890357971,-0.018828600645065308,0.3204621970653534
2026_08_18_00_56_19_492037_L3_right_C0,L3,C0,0.0,0.0,red,right,left,right,pick up the red block,3,pregrasp,48,64,16,0.5333333333333333,0.45390070921985815,8,8,0.3,0.7,8,0.4571918547153473,0.31837138533592224,0.31837138533592224,0.4571918547153473,0.13882046937942505,0.13882046937942505,0.5283117890357971,-0.018828600645065308,0.3204621970653534
2026_08_18_00_56_19_492037_L3_right_C0,L3,C0,0.0,0.0,red,right,left,right,pick up the red block,3,pregrasp,48,64,16,0.5333333333333333,0.45390070921985815,9,8,0.3,0.7,8,0.3455444574356079,0.15818758308887482,0.15818758308887482,0.3455444574356079,0.1873568743467331,0.1873568743467331,0.5283117890357971,-0.018828600645065308,0.3204621970653534
2026_08_18_00_56_19_492037_L3_right_C0,L3,C0,0.0,0.0,red,right,left,right,pick up the red block,4,pregrasp,64,80,16,0.6666666666666666,0.5673758865248227,0,8,0.3,0.7,8,0.30341002345085144,0.2770003378391266,0.2770003378391266,0.30341002345085144,0.026409685611724854,0.026409685611724854,0.5789881348609924,-0.026126015931367874,0.27299004793167114
2026_08_18_00_56_19_492037_L3_right_C0,L3,C0,0.0,0.0,red,right,left,right,pick up the red block,4,pregrasp,64,80,16,0.6666666666666666,0.5673758865248227,1,8,0.3,0.7,8,0.2410196214914322,0.21876615285873413,0.21876615285873413,0.2410196214914322,0.02225346863269806,0.02225346863269806,0.5789881348609924,-0.026126015931367874,0.27299004793167114
2026_08_18_00_56_19_492037_L3_right_C0,L3,C0,0.0,0.0,red,right,left,right,pick up the red block,4,pregrasp,64,80,16,0.6666666666666666,0.5673758865248227,2,8,0.3,0.7,8,0.3109546899795532,0.28997695446014404,0.28997695446014404,0.3109546899795532,0.02097773551940918,0.02097773551940918,0.5789881348609924,-0.026126015931367874,0.27299004793167114
2026_08_18_00_56_19_492037_L3_right_C0,L3,C0,0.0,0.0,red,right,left,right,pick up the red block,4,pregrasp,64,80,16,0.6666666666666666,0.5673758865248227,3,8,0.3,0.7,8,0.33045345544815063,0.3125063478946686,0.3125063478946686,0.33045345544815063,0.017947107553482056,0.017947107553482056,0.5789881348609924,-0.026126015931367874,0.27299004793167114
2026_08_18_00_56_19_492037_L3_right_C0,L3,C0,0.0,0.0,red,right,left,right,pick up the red block,4,pregrasp,64,80,16,0.6666666666666666,0.5673758865248227,4,8,0.3,0.7,8,0.2549068331718445,0.23327676951885223,0.23327676951885223,0.2549068331718445,0.02163006365299225,0.02163006365299225,0.5789881348609924,-0.026126015931367874,0.27299004793167114
2026_08_18_00_56_19_492037_L3_right_C0,L3,C0,0.0,0.0,red,right,left,right,pick up the red block,4,pregrasp,64,80,16,0.6666666666666666,0.5673758865248227,5,8,0.3,0.7,8,0.28783607482910156,0.2585938572883606,0.2585938572883606,0.28783607482910156,0.029242217540740967,0.029242217540740967,0.5789881348609924,-0.026126015931367874,0.27299004793167114
2026_08_18_00_56_19_492037_L3_right_C0,L3,C0,0.0,0.0,red,right,left,right,pick up the red block,4,pregrasp,64,80,16,0.6666666666666666,0.5673758865248227,6,8,0.3,0.7,8,0.25421053171157837,0.22675929963588715,0.22675929963588715,0.25421053171157837,0.027451232075691223,0.027451232075691223,0.5789881348609924,-0.026126015931367874,0.27299004793167114
2026_08_18_00_56_19_492037_L3_right_C0,L3,C0,0.0,0.0,red,right,left,right,pick up the red block,4,pregrasp,64,80,16,0.6666666666666666,0.5673758865248227,7,8,0.3,0.7,8,0.25899985432624817,0.23488593101501465,0.23488593101501465,0.25899985432624817,0.02411392331123352,0.02411392331123352,0.5789881348609924,-0.026126015931367874,0.27299004793167114
2026_08_18_00_56_19_492037_L3_right_C0,L3,C0,0.0,0.0,red,right,left,right,pick up the red block,4,pregrasp,64,80,16,0.6666666666666666,0.5673758865248227,8,8,0.3,0.7,8,0.21116647124290466,0.18672394752502441,0.18672394752502441,0.21116647124290466,0.02444252371788025,0.02444252371788025,0.5789881348609924,-0.026126015931367874,0.27299004793167114
2026_08_18_00_56_19_492037_L3_right_C0,L3,C0,0.0,0.0,red,right,left,right,pick up the red block,4,pregrasp,64,80,16,0.6666666666666666,0.5673758865248227,9,8,0.3,0.7,8,0.27032217383384705,0.24917560815811157,0.24917560815811157,0.27032217383384705,0.021146565675735474,0.021146565675735474,0.5789881348609924,-0.026126015931367874,0.27299004793167114
2026_08_18_00_56_19_492037_L3_right_C0,L3,C0,0.0,0.0,red,right,left,right,pick up the red block,5,pregrasp,80,96,16,0.8,0.6808510638297872,0,8,0.3,0.7,8,0.24920469522476196,0.2276928424835205,0.2276928424835205,0.24920469522476196,0.021511852741241455,0.021511852741241455,0.6294604539871216,-0.03545784205198288,0.22462382912635803
2026_08_18_00_56_19_492037_L3_right_C0,L3,C0,0.0,0.0,red,right,left,right,pick up the red block,5,pregrasp,80,96,16,0.8,0.6808510638297872,1,8,0.3,0.7,8,0.4004640579223633,0.3856721818447113,0.3856721818447113,0.4004640579223633,0.014791876077651978,0.014791876077651978,0.6294604539871216,-0.03545784205198288,0.22462382912635803
2026_08_18_00_56_19_492037_L3_right_C0,L3,C0,0.0,0.0,red,right,left,right,pick up the red block,5,pregrasp,80,96,16,0.8,0.6808510638297872,2,8,0.3,0.7,8,0.38188013434410095,0.3467654883861542,0.3467654883861542,0.38188013434410095,0.03511464595794678,0.03511464595794678,0.6294604539871216,-0.03545784205198288,0.22462382912635803
2026_08_18_00_56_19_492037_L3_right_C0,L3,C0,0.0,0.0,red,right,left,right,pick up the red block,5,pregrasp,80,96,16,0.8,0.6808510638297872,3,8,0.3,0.7,8,0.2981698215007782,0.2941617965698242,0.2941617965698242,0.2981698215007782,0.0040080249309539795,0.0040080249309539795,0.6294604539871216,-0.03545784205198288,0.22462382912635803
2026_08_18_00_56_19_492037_L3_right_C0,L3,C0,0.0,0.0,red,right,left,right,pick up the red block,5,pregrasp,80,96,16,0.8,0.6808510638297872,4,8,0.3,0.7,8,0.28651249408721924,0.26355597376823425,0.26355597376823425,0.28651249408721924,0.022956520318984985,0.022956520318984985,0.6294604539871216,-0.03545784205198288,0.22462382912635803
2026_08_18_00_56_19_492037_L3_right_C0,L3,C0,0.0,0.0,red,right,left,right,pick up the red block,5,pregrasp,80,96,16,0.8,0.6808510638297872,5,8,0.3,0.7,8,0.24677631258964539,0.22054579854011536,0.22054579854011536,0.24677631258964539,0.02623051404953003,0.02623051404953003,0.6294604539871216,-0.03545784205198288,0.22462382912635803
2026_08_18_00_56_19_492037_L3_right_C0,L3,C0,0.0,0.0,red,right,left,right,pick up the red block,5,pregrasp,80,96,16,0.8,0.6808510638297872,6,8,0.3,0.7,8,0.3417038321495056,0.3297854959964752,0.3297854959964752,0.3417038321495056,0.011918336153030396,0.011918336153030396,0.6294604539871216,-0.03545784205198288,0.22462382912635803
2026_08_18_00_56_19_492037_L3_right_C0,L3,C0,0.0,0.0,red,right,left,right,pick up the red block,5,pregrasp,80,96,16,0.8,0.6808510638297872,7,8,0.3,0.7,8,0.27008017897605896,0.239707350730896,0.239707350730896,0.27008017897605896,0.030372828245162964,0.030372828245162964,0.6294604539871216,-0.03545784205198288,0.22462382912635803
2026_08_18_00_56_19_492037_L3_right_C0,L3,C0,0.0,0.0,red,right,left,right,pick up the red block,5,pregrasp,80,96,16,0.8,0.6808510638297872,8,8,0.3,0.7,8,0.2611094117164612,0.2395825833082199,0.2395825833082199,0.2611094117164612,0.021526828408241272,0.021526828408241272,0.6294604539871216,-0.03545784205198288,0.22462382912635803
2026_08_18_00_56_19_492037_L3_right_C0,L3,C0,0.0,0.0,red,right,left,right,pick up the red block,5,pregrasp,80,96,16,0.8,0.6808510638297872,9,8,0.3,0.7,8,0.3952283263206482,0.3783179223537445,0.3783179223537445,0.3952283263206482,0.016910403966903687,0.016910403966903687,0.6294604539871216,-0.03545784205198288,0.22462382912635803
2026_08_18_00_56_19_492037_L3_right_C0,L3,C0,0.0,0.0,red,right,left,right,pick up the red block,6,pregrasp,96,112,16,0.9333333333333333,0.7943262411347518,0,8,0.3,0.7,8,0.325223445892334,0.2922947108745575,0.2922947108745575,0.325223445892334,0.03292873501777649,0.03292873501777649,0.666978120803833,-0.03957858681678772,0.18872563540935516
2026_08_18_00_56_19_492037_L3_right_C0,L3,C0,0.0,0.0,red,right,left,right,pick up the red block,6,pregrasp,96,112,16,0.9333333333333333,0.7943262411347518,1,8,0.3,0.7,8,0.2473801225423813,0.21098481118679047,0.21098481118679047,0.2473801225423813,0.03639531135559082,0.03639531135559082,0.666978120803833,-0.03957858681678772,0.18872563540935516
2026_08_18_00_56_19_492037_L3_right_C0,L3,C0,0.0,0.0,red,right,left,right,pick up the red block,6,pregrasp,96,112,16,0.9333333333333333,0.7943262411347518,2,8,0.3,0.7,8,0.282687783241272,0.24283646047115326,0.24283646047115326,0.282687783241272,0.03985132277011871,0.03985132277011871,0.666978120803833,-0.03957858681678772,0.18872563540935516
2026_08_18_00_56_19_492037_L3_right_C0,L3,C0,0.0,0.0,red,right,left,right,pick up the red block,6,pregrasp,96,112,16,0.9333333333333333,0.7943262411347518,3,8,0.3,0.7,8,0.20039638876914978,0.16288454830646515,0.16288454830646515,0.20039638876914978,0.03751184046268463,0.03751184046268463,0.666978120803833,-0.03957858681678772,0.18872563540935516
2026_08_18_00_56_19_492037_L3_right_C0,L3,C0,0.0,0.0,red,right,left,right,pick up the red block,6,pregrasp,96,112,16,0.9333333333333333,0.7943262411347518,4,8,0.3,0.7,8,0.312201589345932,0.24652719497680664,0.24652719497680664,0.312201589345932,0.06567439436912537,0.06567439436912537,0.666978120803833,-0.03957858681678772,0.18872563540935516
2026_08_18_00_56_19_492037_L3_right_C0,L3,C0,0.0,0.0,red,right,left,right,pick up the red block,6,pregrasp,96,112,16,0.9333333333333333,0.7943262411347518,5,8,0.3,0.7,8,0.2778906226158142,0.245624840259552,0.245624840259552,0.2778906226158142,0.03226578235626221,0.03226578235626221,0.666978120803833,-0.03957858681678772,0.18872563540935516
2026_08_18_00_56_19_492037_L3_right_C0,L3,C0,0.0,0.0,red,right,left,right,pick up the red block,6,pregrasp,96,112,16,0.9333333333333333,0.7943262411347518,6,8,0.3,0.7,8,0.18893393874168396,0.15292003750801086,0.15292003750801086,0.18893393874168396,0.036013901233673096,0.036013901233673096,0.666978120803833,-0.03957858681678772,0.18872563540935516
2026_08_18_00_56_19_492037_L3_right_C0,L3,C0,0.0,0.0,red,right,left,right,pick up the red block,6,pregrasp,96,112,16,0.9333333333333333,0.7943262411347518,7,8,0.3,0.7,8,0.20371076464653015,0.14495524764060974,0.14495524764060974,0.20371076464653015,0.05875551700592041,0.05875551700592041,0.666978120803833,-0.03957858681678772,0.18872563540935516
2026_08_18_00_56_19_492037_L3_right_C0,L3,C0,0.0,0.0,red,right,left,right,pick up the red block,6,pregrasp,96,112,16,0.9333333333333333,0.7943262411347518,8,8,0.3,0.7,8,0.21515406668186188,0.15943372249603271,0.15943372249603271,0.21515406668186188,0.05572034418582916,0.05572034418582916,0.666978120803833,-0.03957858681678772,0.18872563540935516
2026_08_18_00_56_19_492037_L3_right_C0,L3,C0,0.0,0.0,red,right,left,right,pick up the red block,6,pregrasp,96,112,16,0.9333333333333333,0.7943262411347518,9,8,0.3,0.7,8,0.24245169758796692,0.19190092384815216,0.19190092384815216,0.24245169758796692,0.05055077373981476,0.05055077373981476,0.666978120803833,-0.03957858681678772,0.18872563540935516
2026_08_18_00_56_19_492037_L3_right_C0,L3,C0,0.0,0.0,red,right,left,right,pick up the red block,7,pregrasp,112,120,8,1.0,0.851063829787234,0,8,0.3,0.7,8,0.22832848131656647,0.22939789295196533,0.22939789295196533,0.22832848131656647,-0.0010694116353988647,-0.0010694116353988647,0.6673331260681152,-0.03953440114855766,0.18883733451366425
2026_08_18_00_56_19_492037_L3_right_C0,L3,C0,0.0,0.0,red,right,left,right,pick up the red block,7,pregrasp,112,120,8,1.0,0.851063829787234,1,8,0.3,0.7,8,0.26125192642211914,0.26140978932380676,0.26140978932380676,0.26125192642211914,-0.00015786290168762207,-0.00015786290168762207,0.6673331260681152,-0.03953440114855766,0.18883733451366425
2026_08_18_00_56_19_492037_L3_right_C0,L3,C0,0.0,0.0,red,right,left,right,pick up the red block,7,pregrasp,112,120,8,1.0,0.851063829787234,2,8,0.3,0.7,8,0.18675574660301208,0.18119840323925018,0.18119840323925018,0.18675574660301208,0.005557343363761902,0.005557343363761902,0.6673331260681152,-0.03953440114855766,0.18883733451366425
2026_08_18_00_56_19_492037_L3_right_C0,L3,C0,0.0,0.0,red,right,left,right,pick up the red block,7,pregrasp,112,120,8,1.0,0.851063829787234,3,8,0.3,0.7,8,0.16816802322864532,0.1755072921514511,0.1755072921514511,0.16816802322864532,-0.007339268922805786,-0.007339268922805786,0.6673331260681152,-0.03953440114855766,0.18883733451366425
2026_08_18_00_56_19_492037_L3_right_C0,L3,C0,0.0,0.0,red,right,left,right,pick up the red block,7,pregrasp,112,120,8,1.0,0.851063829787234,4,8,0.3,0.7,8,0.19878554344177246,0.19882732629776,0.19882732629776,0.19878554344177246,-4.178285598754883e-05,-4.178285598754883e-05,0.6673331260681152,-0.03953440114855766,0.18883733451366425
2026_08_18_00_56_19_492037_L3_right_C0,L3,C0,0.0,0.0,red,right,left,right,pick up the red block,7,pregrasp,112,120,8,1.0,0.851063829787234,5,8,0.3,0.7,8,0.1972234845161438,0.19419540464878082,0.19419540464878082,0.1972234845161438,0.003028079867362976,0.003028079867362976,0.6673331260681152,-0.03953440114855766,0.18883733451366425
2026_08_18_00_56_19_492037_L3_right_C0,L3,C0,0.0,0.0,red,right,left,right,pick up the red block,7,pregrasp,112,120,8,1.0,0.851063829787234,6,8,0.3,0.7,8,0.27367979288101196,0.2707717716693878,0.2707717716693878,0.27367979288101196,0.0029080212116241455,0.0029080212116241455,0.6673331260681152,-0.03953440114855766,0.18883733451366425
2026_08_18_00_56_19_492037_L3_right_C0,L3,C0,0.0,0.0,red,right,left,right,pick up the red block,7,pregrasp,112,120,8,1.0,0.851063829787234,7,8,0.3,0.7,8,0.10122807323932648,0.1024264469742775,0.1024264469742775,0.10122807323932648,-0.0011983737349510193,-0.0011983737349510193,0.6673331260681152,-0.03953440114855766,0.18883733451366425
2026_08_18_00_56_19_492037_L3_right_C0,L3,C0,0.0,0.0,red,right,left,right,pick up the red block,7,pregrasp,112,120,8,1.0,0.851063829787234,8,8,0.3,0.7,8,0.19125759601593018,0.18636147677898407,0.18636147677898407,0.19125759601593018,0.004896119236946106,0.004896119236946106,0.6673331260681152,-0.03953440114855766,0.18883733451366425
2026_08_18_00_56_19_492037_L3_right_C0,L3,C0,0.0,0.0,red,right,left,right,pick up the red block,7,pregrasp,112,120,8,1.0,0.851063829787234,9,8,0.3,0.7,8,0.16810503602027893,0.16655753552913666,0.16655753552913666,0.16810503602027893,0.001547500491142273,0.001547500491142273,0.6673331260681152,-0.03953440114855766,0.18883733451366425
2026_08_18_00_56_19_492037_L3_right_C0,L3,C0,0.0,0.0,red,right,left,right,pick up the red block,8,postgrasp,120,136,16,1.0,0.9645390070921985,0,8,0.3,0.7,8,0.3212810158729553,0.33000054955482483,0.33000054955482483,0.3212810158729553,-0.008719533681869507,-0.008719533681869507,0.6679441332817078,-0.03962864354252815,0.18927785754203796
2026_08_18_00_56_19_492037_L3_right_C0,L3,C0,0.0,0.0,red,right,left,right,pick up the red block,8,postgrasp,120,136,16,1.0,0.9645390070921985,1,8,0.3,0.7,8,0.3347628712654114,0.3523795008659363,0.3523795008659363,0.3347628712654114,-0.017616629600524902,-0.017616629600524902,0.6679441332817078,-0.03962864354252815,0.18927785754203796
2026_08_18_00_56_19_492037_L3_right_C0,L3,C0,0.0,0.0,red,right,left,right,pick up the red block,8,postgrasp,120,136,16,1.0,0.9645390070921985,2,8,0.3,0.7,8,0.39438679814338684,0.41490107774734497,0.41490107774734497,0.39438679814338684,-0.02051427960395813,-0.02051427960395813,0.6679441332817078,-0.03962864354252815,0.18927785754203796
2026_08_18_00_56_19_492037_L3_right_C0,L3,C0,0.0,0.0,red,right,left,right,pick up the red block,8,postgrasp,120,136,16,1.0,0.9645390070921985,3,8,0.3,0.7,8,0.41311952471733093,0.40837159752845764,0.40837159752845764,0.41311952471733093,0.004747927188873291,0.004747927188873291,0.6679441332817078,-0.03962864354252815,0.18927785754203796
2026_08_18_00_56_19_492037_L3_right_C0,L3,C0,0.0,0.0,red,right,left,right,pick up the red block,8,postgrasp,120,136,16,1.0,0.9645390070921985,4,8,0.3,0.7,8,0.37699246406555176,0.38717374205589294,0.38717374205589294,0.37699246406555176,-0.010181277990341187,-0.010181277990341187,0.6679441332817078,-0.03962864354252815,0.18927785754203796
2026_08_18_00_56_19_492037_L3_right_C0,L3,C0,0.0,0.0,red,right,left,right,pick up the red block,8,postgrasp,120,136,16,1.0,0.9645390070921985,5,8,0.3,0.7,8,0.345670223236084,0.3495030999183655,0.3495030999183655,0.345670223236084,-0.003832876682281494,-0.003832876682281494,0.6679441332817078,-0.03962864354252815,0.18927785754203796
2026_08_18_00_56_19_492037_L3_right_C0,L3,C0,0.0,0.0,red,right,left,right,pick up the red block,8,postgrasp,120,136,16,1.0,0.9645390070921985,6,8,0.3,0.7,8,0.28937414288520813,0.2935113310813904,0.2935113310813904,0.28937414288520813,-0.004137188196182251,-0.004137188196182251,0.6679441332817078,-0.03962864354252815,0.18927785754203796
2026_08_18_00_56_19_492037_L3_right_C0,L3,C0,0.0,0.0,red,right,left,right,pick up the red block,8,postgrasp,120,136,16,1.0,0.9645390070921985,7,8,0.3,0.7,8,0.37993255257606506,0.38585618138313293,0.38585618138313293,0.37993255257606506,-0.005923628807067871,-0.005923628807067871,0.6679441332817078,-0.03962864354252815,0.18927785754203796
2026_08_18_00_56_19_492037_L3_right_C0,L3,C0,0.0,0.0,red,right,left,right,pick up the red block,8,postgrasp,120,136,16,1.0,0.9645390070921985,8,8,0.3,0.7,8,0.3606105446815491,0.35779571533203125,0.35779571533203125,0.3606105446815491,0.0028148293495178223,0.0028148293495178223,0.6679441332817078,-0.03962864354252815,0.18927785754203796
2026_08_18_00_56_19_492037_L3_right_C0,L3,C0,0.0,0.0,red,right,left,right,pick up the red block,8,postgrasp,120,136,16,1.0,0.9645390070921985,9,8,0.3,0.7,8,0.40587735176086426,0.4105641841888428,0.4105641841888428,0.40587735176086426,-0.004686832427978516,-0.004686832427978516,0.6679441332817078,-0.03962864354252815,0.18927785754203796
2026_08_18_00_56_19_492037_L3_right_C0,L3,C0,0.0,0.0,red,right,left,right,pick up the red block,9,postgrasp,136,141,5,1.0,1.0,0,8,0.3,0.7,8,0.22086293995380402,0.2097824513912201,0.2097824513912201,0.22086293995380402,0.011080488562583923,0.011080488562583923,0.6679518818855286,-0.03962956368923187,0.18927915394306183
2026_08_18_00_56_19_492037_L3_right_C0,L3,C0,0.0,0.0,red,right,left,right,pick up the red block,9,postgrasp,136,141,5,1.0,1.0,1,8,0.3,0.7,8,0.18023090064525604,0.17019854485988617,0.17019854485988617,0.18023090064525604,0.010032355785369873,0.010032355785369873,0.6679518818855286,-0.03962956368923187,0.18927915394306183
2026_08_18_00_56_19_492037_L3_right_C0,L3,C0,0.0,0.0,red,right,left,right,pick up the red block,9,postgrasp,136,141,5,1.0,1.0,2,8,0.3,0.7,8,0.2594115734100342,0.24218574166297913,0.24218574166297913,0.2594115734100342,0.017225831747055054,0.017225831747055054,0.6679518818855286,-0.03962956368923187,0.18927915394306183
2026_08_18_00_56_19_492037_L3_right_C0,L3,C0,0.0,0.0,red,right,left,right,pick up the red block,9,postgrasp,136,141,5,1.0,1.0,3,8,0.3,0.7,8,0.2167934775352478,0.20347550511360168,0.20347550511360168,0.2167934775352478,0.013317972421646118,0.013317972421646118,0.6679518818855286,-0.03962956368923187,0.18927915394306183
2026_08_18_00_56_19_492037_L3_right_C0,L3,C0,0.0,0.0,red,right,left,right,pick up the red block,9,postgrasp,136,141,5,1.0,1.0,4,8,0.3,0.7,8,0.22261588275432587,0.20797047019004822,0.20797047019004822,0.22261588275432587,0.014645412564277649,0.014645412564277649,0.6679518818855286,-0.03962956368923187,0.18927915394306183
2026_08_18_00_56_19_492037_L3_right_C0,L3,C0,0.0,0.0,red,right,left,right,pick up the red block,9,postgrasp,136,141,5,1.0,1.0,5,8,0.3,0.7,8,0.2780662178993225,0.2630598843097687,0.2630598843097687,0.2780662178993225,0.015006333589553833,0.015006333589553833,0.6679518818855286,-0.03962956368923187,0.18927915394306183
2026_08_18_00_56_19_492037_L3_right_C0,L3,C0,0.0,0.0,red,right,left,right,pick up the red block,9,postgrasp,136,141,5,1.0,1.0,6,8,0.3,0.7,8,0.2693185806274414,0.25586217641830444,0.25586217641830444,0.2693185806274414,0.013456404209136963,0.013456404209136963,0.6679518818855286,-0.03962956368923187,0.18927915394306183
2026_08_18_00_56_19_492037_L3_right_C0,L3,C0,0.0,0.0,red,right,left,right,pick up the red block,9,postgrasp,136,141,5,1.0,1.0,7,8,0.3,0.7,8,0.2974178194999695,0.28297799825668335,0.28297799825668335,0.2974178194999695,0.014439821243286133,0.014439821243286133,0.6679518818855286,-0.03962956368923187,0.18927915394306183
2026_08_18_00_56_19_492037_L3_right_C0,L3,C0,0.0,0.0,red,right,left,right,pick up the red block,9,postgrasp,136,141,5,1.0,1.0,8,8,0.3,0.7,8,0.20924516022205353,0.2223452925682068,0.2223452925682068,0.20924516022205353,-0.01310013234615326,-0.01310013234615326,0.6679518818855286,-0.03962956368923187,0.18927915394306183
2026_08_18_00_56_19_492037_L3_right_C0,L3,C0,0.0,0.0,red,right,left,right,pick up the red block,9,postgrasp,136,141,5,1.0,1.0,9,8,0.3,0.7,8,0.2640593349933624,0.25693994760513306,0.25693994760513306,0.2640593349933624,0.00711938738822937,0.00711938738822937,0.6679518818855286,-0.03962956368923187,0.18927915394306183
2026_08_18_00_56_48_148319_L3_right_C1,L3,C1,2.0,0.1694548757406934,red,right,left,right,pick up the red block,0,pregrasp,0,16,16,0.12121212121212122,0.10457516339869281,0,8,0.3,0.7,8,0.22632548213005066,0.2944414019584656,0.2944414019584656,0.22632548213005066,-0.06811591982841492,-0.06811591982841492,0.3729608952999115,-0.025423092767596245,0.4784579575061798
2026_08_18_00_56_48_148319_L3_right_C1,L3,C1,2.0,0.1694548757406934,red,right,left,right,pick up the red block,0,pregrasp,0,16,16,0.12121212121212122,0.10457516339869281,1,8,0.3,0.7,8,0.3346219062805176,0.40439143776893616,0.40439143776893616,0.3346219062805176,-0.06976953148841858,-0.06976953148841858,0.3729608952999115,-0.025423092767596245,0.4784579575061798
2026_08_18_00_56_48_148319_L3_right_C1,L3,C1,2.0,0.1694548757406934,red,right,left,right,pick up the red block,0,pregrasp,0,16,16,0.12121212121212122,0.10457516339869281,2,8,0.3,0.7,8,0.2702294886112213,0.3272591531276703,0.3272591531276703,0.2702294886112213,-0.057029664516448975,-0.057029664516448975,0.3729608952999115,-0.025423092767596245,0.4784579575061798
2026_08_18_00_56_48_148319_L3_right_C1,L3,C1,2.0,0.1694548757406934,red,right,left,right,pick up the red block,0,pregrasp,0,16,16,0.12121212121212122,0.10457516339869281,3,8,0.3,0.7,8,0.35964664816856384,0.3952445089817047,0.3952445089817047,0.35964664816856384,-0.03559786081314087,-0.03559786081314087,0.3729608952999115,-0.025423092767596245,0.4784579575061798
2026_08_18_00_56_48_148319_L3_right_C1,L3,C1,2.0,0.1694548757406934,red,right,left,right,pick up the red block,0,pregrasp,0,16,16,0.12121212121212122,0.10457516339869281,4,8,0.3,0.7,8,0.30468761920928955,0.3872188925743103,0.3872188925743103,0.30468761920928955,-0.08253127336502075,-0.08253127336502075,0.3729608952999115,-0.025423092767596245,0.4784579575061798
2026_08_18_00_56_48_148319_L3_right_C1,L3,C1,2.0,0.1694548757406934,red,right,left,right,pick up the red block,0,pregrasp,0,16,16,0.12121212121212122,0.10457516339869281,5,8,0.3,0.7,8,0.4208981692790985,0.4508495330810547,0.4508495330810547,0.4208981692790985,-0.029951363801956177,-0.029951363801956177,0.3729608952999115,-0.025423092767596245,0.4784579575061798
2026_08_18_00_56_48_148319_L3_right_C1,L3,C1,2.0,0.1694548757406934,red,right,left,right,pick up the red block,0,pregrasp,0,16,16,0.12121212121212122,0.10457516339869281,6,8,0.3,0.7,8,0.22910580039024353,0.2921324372291565,0.2921324372291565,0.22910580039024353,-0.06302663683891296,-0.06302663683891296,0.3729608952999115,-0.025423092767596245,0.4784579575061798
2026_08_18_00_56_48_148319_L3_right_C1,L3,C1,2.0,0.1694548757406934,red,right,left,right,pick up the red block,0,pregrasp,0,16,16,0.12121212121212122,0.10457516339869281,7,8,0.3,0.7,8,0.34423696994781494,0.39819449186325073,0.39819449186325073,0.34423696994781494,-0.05395752191543579,-0.05395752191543579,0.3729608952999115,-0.025423092767596245,0.4784579575061798
2026_08_18_00_56_48_148319_L3_right_C1,L3,C1,2.0,0.1694548757406934,red,right,left,right,pick up the red block,0,pregrasp,0,16,16,0.12121212121212122,0.10457516339869281,8,8,0.3,0.7,8,0.30633315443992615,0.3696955442428589,0.3696955442428589,0.30633315443992615,-0.06336238980293274,-0.06336238980293274,0.3729608952999115,-0.025423092767596245,0.4784579575061798
2026_08_18_00_56_48_148319_L3_right_C1,L3,C1,2.0,0.1694548757406934,red,right,left,right,pick up the red block,0,pregrasp,0,16,16,0.12121212121212122,0.10457516339869281,9,8,0.3,0.7,8,0.25223076343536377,0.3156874477863312,0.3156874477863312,0.25223076343536377,-0.06345668435096741,-0.06345668435096741,0.3729608952999115,-0.025423092767596245,0.4784579575061798
2026_08_18_00_56_48_148319_L3_right_C1,L3,C1,2.0,0.1694548757406934,red,right,left,right,pick up the red block,1,pregrasp,16,32,16,0.24242424242424243,0.20915032679738563,0,8,0.3,0.7,8,0.3791396915912628,0.27671167254447937,0.27671167254447937,0.3791396915912628,0.10242801904678345,0.10242801904678345,0.4035109281539917,-0.07220179587602615,0.4392828047275543
2026_08_18_00_56_48_148319_L3_right_C1,L3,C1,2.0,0.1694548757406934,red,right,left,right,pick up the red block,1,pregrasp,16,32,16,0.24242424242424243,0.20915032679738563,1,8,0.3,0.7,8,0.21205416321754456,0.16810722649097443,0.16810722649097443,0.21205416321754456,0.04394693672657013,0.04394693672657013,0.4035109281539917,-0.07220179587602615,0.4392828047275543
2026_08_18_00_56_48_148319_L3_right_C1,L3,C1,2.0,0.1694548757406934,red,right,left,right,pick up the red block,1,pregrasp,16,32,16,0.24242424242424243,0.20915032679738563,2,8,0.3,0.7,8,0.27671465277671814,0.211483895778656,0.211483895778656,0.27671465277671814,0.06523075699806213,0.06523075699806213,0.4035109281539917,-0.07220179587602615,0.4392828047275543
2026_08_18_00_56_48_148319_L3_right_C1,L3,C1,2.0,0.1694548757406934,red,right,left,right,pick up the red block,1,pregrasp,16,32,16,0.24242424242424243,0.20915032679738563,3,8,0.3,0.7,8,0.3499102294445038,0.29533517360687256,0.29533517360687256,0.3499102294445038,0.054575055837631226,0.054575055837631226,0.4035109281539917,-0.07220179587602615,0.4392828047275543
2026_08_18_00_56_48_148319_L3_right_C1,L3,C1,2.0,0.1694548757406934,red,right,left,right,pick up the red block,1,pregrasp,16,32,16,0.24242424242424243,0.20915032679738563,4,8,0.3,0.7,8,0.3666324019432068,0.309623658657074,0.309623658657074,0.3666324019432068,0.05700874328613281,0.05700874328613281,0.4035109281539917,-0.07220179587602615,0.4392828047275543
2026_08_18_00_56_48_148319_L3_right_C1,L3,C1,2.0,0.1694548757406934,red,right,left,right,pick up the red block,1,pregrasp,16,32,16,0.24242424242424243,0.20915032679738563,5,8,0.3,0.7,8,0.3752319812774658,0.30916640162467957,0.30916640162467957,0.3752319812774658,0.06606557965278625,0.06606557965278625,0.4035109281539917,-0.07220179587602615,0.4392828047275543
2026_08_18_00_56_48_148319_L3_right_C1,L3,C1,2.0,0.1694548757406934,red,right,left,right,pick up the red block,1,pregrasp,16,32,16,0.24242424242424243,0.20915032679738563,6,8,0.3,0.7,8,0.3166551887989044,0.26662197709083557,0.26662197709083557,0.3166551887989044,0.05003321170806885,0.05003321170806885,0.4035109281539917,-0.07220179587602615,0.4392828047275543
2026_08_18_00_56_48_148319_L3_right_C1,L3,C1,2.0,0.1694548757406934,red,right,left,right,pick up the red block,1,pregrasp,16,32,16,0.24242424242424243,0.20915032679738563,7,8,0.3,0.7,8,0.39321428537368774,0.2969400882720947,0.2969400882720947,0.39321428537368774,0.09627419710159302,0.09627419710159302,0.4035109281539917,-0.07220179587602615,0.4392828047275543
2026_08_18_00_56_48_148319_L3_right_C1,L3,C1,2.0,0.1694548757406934,red,right,left,right,pick up the red block,1,pregrasp,16,32,16,0.24242424242424243,0.20915032679738563,8,8,0.3,0.7,8,0.29917922616004944,0.2607952952384949,0.2607952952384949,0.29917922616004944,0.038383930921554565,0.038383930921554565,0.4035109281539917,-0.07220179587602615,0.4392828047275543
2026_08_18_00_56_48_148319_L3_right_C1,L3,C1,2.0,0.1694548757406934,red,right,left,right,pick up the red block,1,pregrasp,16,32,16,0.24242424242424243,0.20915032679738563,9,8,0.3,0.7,8,0.37758952379226685,0.2598839998245239,0.2598839998245239,0.37758952379226685,0.11770552396774292,0.11770552396774292,0.4035109281539917,-0.07220179587602615,0.4392828047275543
2026_08_18_00_56_48_148319_L3_right_C1,L3,C1,2.0,0.1694548757406934,red,right,left,right,pick up the red block,2,pregrasp,32,48,16,0.36363636363636365,0.3137254901960784,0,8,0.3,0.7,8,0.3393346965312958,0.2744044065475464,0.2744044065475464,0.3393346965312958,0.06493028998374939,0.06493028998374939,0.4487106204032898,-0.10186780989170074,0.39636021852493286
2026_08_18_00_56_48_148319_L3_right_C1,L3,C1,2.0,0.1694548757406934,red,right,left,right,pick up the red block,2,pregrasp,32,48,16,0.36363636363636365,0.3137254901960784,1,8,0.3,0.7,8,0.2795761525630951,0.22718021273612976,0.22718021273612976,0.2795761525630951,0.05239593982696533,0.05239593982696533,0.4487106204032898,-0.10186780989170074,0.39636021852493286
2026_08_18_00_56_48_148319_L3_right_C1,L3,C1,2.0,0.1694548757406934,red,right,left,right,pick up the red block,2,pregrasp,32,48,16,0.36363636363636365,0.3137254901960784,2,8,0.3,0.7,8,0.27105632424354553,0.21605408191680908,0.21605408191680908,0.27105632424354553,0.05500224232673645,0.05500224232673645,0.4487106204032898,-0.10186780989170074,0.39636021852493286
2026_08_18_00_56_48_148319_L3_right_C1,L3,C1,2.0,0.1694548757406934,red,right,left,right,pick up the red block,2,pregrasp,32,48,16,0.36363636363636365,0.3137254901960784,3,8,0.3,0.7,8,0.24124720692634583,0.18193286657333374,0.18193286657333374,0.24124720692634583,0.059314340353012085,0.059314340353012085,0.4487106204032898,-0.10186780989170074,0.39636021852493286
2026_08_18_00_56_48_148319_L3_right_C1,L3,C1,2.0,0.1694548757406934,red,right,left,right,pick up the red block,2,pregrasp,32,48,16,0.36363636363636365,0.3137254901960784,4,8,0.3,0.7,8,0.2635258436203003,0.1976260095834732,0.1976260095834732,0.2635258436203003,0.06589983403682709,0.06589983403682709,0.4487106204032898,-0.10186780989170074,0.39636021852493286
2026_08_18_00_56_48_148319_L3_right_C1,L3,C1,2.0,0.1694548757406934,red,right,left,right,pick up the red block,2,pregrasp,32,48,16,0.36363636363636365,0.3137254901960784,5,8,0.3,0.7,8,0.24046653509140015,0.18770360946655273,0.18770360946655273,0.24046653509140015,0.05276292562484741,0.05276292562484741,0.4487106204032898,-0.10186780989170074,0.39636021852493286
2026_08_18_00_56_48_148319_L3_right_C1,L3,C1,2.0,0.1694548757406934,red,right,left,right,pick up the red block,2,pregrasp,32,48,16,0.36363636363636365,0.3137254901960784,6,8,0.3,0.7,8,0.21150079369544983,0.17348173260688782,0.17348173260688782,0.21150079369544983,0.03801906108856201,0.03801906108856201,0.4487106204032898,-0.10186780989170074,0.39636021852493286
2026_08_18_00_56_48_148319_L3_right_C1,L3,C1,2.0,0.1694548757406934,red,right,left,right,pick up the red block,2,pregrasp,32,48,16,0.36363636363636365,0.3137254901960784,7,8,0.3,0.7,8,0.26388639211654663,0.21661725640296936,0.21661725640296936,0.26388639211654663,0.04726913571357727,0.04726913571357727,0.4487106204032898,-0.10186780989170074,0.39636021852493286
2026_08_18_00_56_48_148319_L3_right_C1,L3,C1,2.0,0.1694548757406934,red,right,left,right,pick up the red block,2,pregrasp,32,48,16,0.36363636363636365,0.3137254901960784,8,8,0.3,0.7,8,0.3828633725643158,0.3221468925476074,0.3221468925476074,0.3828633725643158,0.060716480016708374,0.060716480016708374,0.4487106204032898,-0.10186780989170074,0.39636021852493286
2026_08_18_00_56_48_148319_L3_right_C1,L3,C1,2.0,0.1694548757406934,red,right,left,right,pick up the red block,2,pregrasp,32,48,16,0.36363636363636365,0.3137254901960784,9,8,0.3,0.7,8,0.320681095123291,0.2712669372558594,0.2712669372558594,0.320681095123291,0.04941415786743164,0.04941415786743164,0.4487106204032898,-0.10186780989170074,0.39636021852493286
2026_08_18_00_56_48_148319_L3_right_C1,L3,C1,2.0,0.1694548757406934,red,right,left,right,pick up the red block,3,pregrasp,48,64,16,0.48484848484848486,0.41830065359477125,0,8,0.3,0.7,8,0.41628384590148926,0.33577436208724976,0.33577436208724976,0.41628384590148926,0.0805094838142395,0.0805094838142395,0.49819499254226685,-0.11269152164459229,0.3486998677253723
2026_08_18_00_56_48_148319_L3_right_C1,L3,C1,2.0,0.1694548757406934,red,right,left,right,pick up the red block,3,pregrasp,48,64,16,0.48484848484848486,0.41830065359477125,1,8,0.3,0.7,8,0.3927232027053833,0.31777411699295044,0.31777411699295044,0.3927232027053833,0.07494908571243286,0.07494908571243286,0.49819499254226685,-0.11269152164459229,0.3486998677253723
2026_08_18_00_56_48_148319_L3_right_C1,L3,C1,2.0,0.1694548757406934,red,right,left,right,pick up the red block,3,pregrasp,48,64,16,0.48484848484848486,0.41830065359477125,2,8,0.3,0.7,8,0.44300538301467896,0.3215736746788025,0.3215736746788025,0.44300538301467896,0.12143170833587646,0.12143170833587646,0.49819499254226685,-0.11269152164459229,0.3486998677253723
2026_08_18_00_56_48_148319_L3_right_C1,L3,C1,2.0,0.1694548757406934,red,right,left,right,pick up the red block,3,pregrasp,48,64,16,0.48484848484848486,0.41830065359477125,3,8,0.3,0.7,8,0.2579839825630188,0.15482819080352783,0.15482819080352783,0.2579839825630188,0.10315579175949097,0.10315579175949097,0.49819499254226685,-0.11269152164459229,0.3486998677253723
2026_08_18_00_56_48_148319_L3_right_C1,L3,C1,2.0,0.1694548757406934,red,right,left,right,pick up the red block,3,pregrasp,48,64,16,0.48484848484848486,0.41830065359477125,4,8,0.3,0.7,8,0.33093419671058655,0.23196640610694885,0.23196640610694885,0.33093419671058655,0.0989677906036377,0.0989677906036377,0.49819499254226685,-0.11269152164459229,0.3486998677253723
2026_08_18_00_56_48_148319_L3_right_C1,L3,C1,2.0,0.1694548757406934,red,right,left,right,pick up the red block,3,pregrasp,48,64,16,0.48484848484848486,0.41830065359477125,5,8,0.3,0.7,8,0.3228166401386261,0.21379569172859192,0.21379569172859192,0.3228166401386261,0.10902094841003418,0.10902094841003418,0.49819499254226685,-0.11269152164459229,0.3486998677253723
2026_08_18_00_56_48_148319_L3_right_C1,L3,C1,2.0,0.1694548757406934,red,right,left,right,pick up the red block,3,pregrasp,48,64,16,0.48484848484848486,0.41830065359477125,6,8,0.3,0.7,8,0.4104388356208801,0.30894991755485535,0.30894991755485535,0.4104388356208801,0.10148891806602478,0.10148891806602478,0.49819499254226685,-0.11269152164459229,0.3486998677253723
2026_08_18_00_56_48_148319_L3_right_C1,L3,C1,2.0,0.1694548757406934,red,right,left,right,pick up the red block,3,pregrasp,48,64,16,0.48484848484848486,0.41830065359477125,7,8,0.3,0.7,8,0.31668031215667725,0.21792298555374146,0.21792298555374146,0.31668031215667725,0.09875732660293579,0.09875732660293579,0.49819499254226685,-0.11269152164459229,0.3486998677253723
2026_08_18_00_56_48_148319_L3_right_C1,L3,C1,2.0,0.1694548757406934,red,right,left,right,pick up the red block,3,pregrasp,48,64,16,0.48484848484848486,0.41830065359477125,8,8,0.3,0.7,8,0.34793686866760254,0.24329838156700134,0.24329838156700134,0.34793686866760254,0.1046384871006012,0.1046384871006012,0.49819499254226685,-0.11269152164459229,0.3486998677253723
2026_08_18_00_56_48_148319_L3_right_C1,L3,C1,2.0,0.1694548757406934,red,right,left,right,pick up the red block,3,pregrasp,48,64,16,0.48484848484848486,0.41830065359477125,9,8,0.3,0.7,8,0.37256866693496704,0.2636728584766388,0.2636728584766388,0.37256866693496704,0.10889580845832825,0.10889580845832825,0.49819499254226685,-0.11269152164459229,0.3486998677253723
2026_08_18_00_56_48_148319_L3_right_C1,L3,C1,2.0,0.1694548757406934,red,right,left,right,pick up the red block,4,pregrasp,64,80,16,0.6060606060606061,0.5228758169934641,0,8,0.3,0.7,8,0.28339287638664246,0.25050193071365356,0.25050193071365356,0.28339287638664246,0.03289094567298889,0.03289094567298889,0.5479249358177185,-0.10367710143327713,0.3016980290412903
2026_08_18_00_56_48_148319_L3_right_C1,L3,C1,2.0,0.1694548757406934,red,right,left,right,pick up the red block,4,pregrasp,64,80,16,0.6060606060606061,0.5228758169934641,1,8,0.3,0.7,8,0.3888009488582611,0.345693975687027,0.345693975687027,0.3888009488582611,0.04310697317123413,0.04310697317123413,0.5479249358177185,-0.10367710143327713,0.3016980290412903
2026_08_18_00_56_48_148319_L3_right_C1,L3,C1,2.0,0.1694548757406934,red,right,left,right,pick up the red block,4,pregrasp,64,80,16,0.6060606060606061,0.5228758169934641,2,8,0.3,0.7,8,0.3206135630607605,0.2758772373199463,0.2758772373199463,0.3206135630607605,0.04473632574081421,0.04473632574081421,0.5479249358177185,-0.10367710143327713,0.3016980290412903
2026_08_18_00_56_48_148319_L3_right_C1,L3,C1,2.0,0.1694548757406934,red,right,left,right,pick up the red block,4,pregrasp,64,80,16,0.6060606060606061,0.5228758169934641,3,8,0.3,0.7,8,0.3816377520561218,0.3390008807182312,0.3390008807182312,0.3816377520561218,0.042636871337890625,0.042636871337890625,0.5479249358177185,-0.10367710143327713,0.3016980290412903
2026_08_18_00_56_48_148319_L3_right_C1,L3,C1,2.0,0.1694548757406934,red,right,left,right,pick up the red block,4,pregrasp,64,80,16,0.6060606060606061,0.5228758169934641,4,8,0.3,0.7,8,0.40967032313346863,0.37390202283859253,0.37390202283859253,0.40967032313346863,0.0357683002948761,0.0357683002948761,0.5479249358177185,-0.10367710143327713,0.3016980290412903
2026_08_18_00_56_48_148319_L3_right_C1,L3,C1,2.0,0.1694548757406934,red,right,left,right,pick up the red block,4,pregrasp,64,80,16,0.6060606060606061,0.5228758169934641,5,8,0.3,0.7,8,0.36113977432250977,0.34106504917144775,0.34106504917144775,0.36113977432250977,0.02007472515106201,0.02007472515106201,0.5479249358177185,-0.10367710143327713,0.3016980290412903
2026_08_18_00_56_48_148319_L3_right_C1,L3,C1,2.0,0.1694548757406934,red,right,left,right,pick up the red block,4,pregrasp,64,80,16,0.6060606060606061,0.5228758169934641,6,8,0.3,0.7,8,0.3507247865200043,0.3150883913040161,0.3150883913040161,0.3507247865200043,0.03563639521598816,0.03563639521598816,0.5479249358177185,-0.10367710143327713,0.3016980290412903
2026_08_18_00_56_48_148319_L3_right_C1,L3,C1,2.0,0.1694548757406934,red,right,left,right,pick up the red block,4,pregrasp,64,80,16,0.6060606060606061,0.5228758169934641,7,8,0.3,0.7,8,0.41170668601989746,0.379116952419281,0.379116952419281,0.41170668601989746,0.032589733600616455,0.032589733600616455,0.5479249358177185,-0.10367710143327713,0.3016980290412903
2026_08_18_00_56_48_148319_L3_right_C1,L3,C1,2.0,0.1694548757406934,red,right,left,right,pick up the red block,4,pregrasp,64,80,16,0.6060606060606061,0.5228758169934641,8,8,0.3,0.7,8,0.29508697986602783,0.26631608605384827,0.26631608605384827,0.29508697986602783,0.028770893812179565,0.028770893812179565,0.5479249358177185,-0.10367710143327713,0.3016980290412903
2026_08_18_00_56_48_148319_L3_right_C1,L3,C1,2.0,0.1694548757406934,red,right,left,right,pick up the red block,4,pregrasp,64,80,16,0.6060606060606061,0.5228758169934641,9,8,0.3,0.7,8,0.2679656147956848,0.23485754430294037,0.23485754430294037,0.2679656147956848,0.033108070492744446,0.033108070492744446,0.5479249358177185,-0.10367710143327713,0.3016980290412903
2026_08_18_00_56_48_148319_L3_right_C1,L3,C1,2.0,0.1694548757406934,red,right,left,right,pick up the red block,5,pregrasp,80,96,16,0.7272727272727273,0.6274509803921569,0,8,0.3,0.7,8,0.12793798744678497,0.1035003811120987,0.1035003811120987,0.12793798744678497,0.02443760633468628,0.02443760633468628,0.5968225598335266,-0.08324765413999557,0.2555839717388153
2026_08_18_00_56_48_148319_L3_right_C1,L3,C1,2.0,0.1694548757406934,red,right,left,right,pick up the red block,5,pregrasp,80,96,16,0.7272727272727273,0.6274509803921569,1,8,0.3,0.7,8,0.32002609968185425,0.26237326860427856,0.26237326860427856,0.32002609968185425,0.057652831077575684,0.057652831077575684,0.5968225598335266,-0.08324765413999557,0.2555839717388153
2026_08_18_00_56_48_148319_L3_right_C1,L3,C1,2.0,0.1694548757406934,red,right,left,right,pick up the red block,5,pregrasp,80,96,16,0.7272727272727273,0.6274509803921569,2,8,0.3,0.7,8,0.21348796784877777,0.16876152157783508,0.16876152157783508,0.21348796784877777,0.04472644627094269,0.04472644627094269,0.5968225598335266,-0.08324765413999557,0.2555839717388153
2026_08_18_00_56_48_148319_L3_right_C1,L3,C1,2.0,0.1694548757406934,red,right,left,right,pick up the red block,5,pregrasp,80,96,16,0.7272727272727273,0.6274509803921569,3,8,0.3,0.7,8,0.3482818901538849,0.3056378662586212,0.3056378662586212,0.3482818901538849,0.04264402389526367,0.04264402389526367,0.5968225598335266,-0.08324765413999557,0.2555839717388153
2026_08_18_00_56_48_148319_L3_right_C1,L3,C1,2.0,0.1694548757406934,red,right,left,right,pick up the red block,5,pregrasp,80,96,16,0.7272727272727273,0.6274509803921569,4,8,0.3,0.7,8,0.21467937529087067,0.17234954237937927,0.17234954237937927,0.21467937529087067,0.042329832911491394,0.042329832911491394,0.5968225598335266,-0.08324765413999557,0.2555839717388153
2026_08_18_00_56_48_148319_L3_right_C1,L3,C1,2.0,0.1694548757406934,red,right,left,right,pick up the red block,5,pregrasp,80,96,16,0.7272727272727273,0.6274509803921569,5,8,0.3,0.7,8,0.28502488136291504,0.24443747103214264,0.24443747103214264,0.28502488136291504,0.0405874103307724,0.0405874103307724,0.5968225598335266,-0.08324765413999557,0.2555839717388153
2026_08_18_00_56_48_148319_L3_right_C1,L3,C1,2.0,0.1694548757406934,red,right,left,right,pick up the red block,5,pregrasp,80,96,16,0.7272727272727273,0.6274509803921569,6,8,0.3,0.7,8,0.19854196906089783,0.1596756875514984,0.1596756875514984,0.19854196906089783,0.038866281509399414,0.038866281509399414,0.5968225598335266,-0.08324765413999557,0.2555839717388153
2026_08_18_00_56_48_148319_L3_right_C1,L3,C1,2.0,0.1694548757406934,red,right,left,right,pick up the red block,5,pregrasp,80,96,16,0.7272727272727273,0.6274509803921569,7,8,0.3,0.7,8,0.24515998363494873,0.20197467505931854,0.20197467505931854,0.24515998363494873,0.04318530857563019,0.04318530857563019,0.5968225598335266,-0.08324765413999557,0.2555839717388153
2026_08_18_00_56_48_148319_L3_right_C1,L3,C1,2.0,0.1694548757406934,red,right,left,right,pick up the red block,5,pregrasp,80,96,16,0.7272727272727273,0.6274509803921569,8,8,0.3,0.7,8,0.354802668094635,0.3019518256187439,0.3019518256187439,0.354802668094635,0.05285084247589111,0.05285084247589111,0.5968225598335266,-0.08324765413999557,0.2555839717388153
2026_08_18_00_56_48_148319_L3_right_C1,L3,C1,2.0,0.1694548757406934,red,right,left,right,pick up the red block,5,pregrasp,80,96,16,0.7272727272727273,0.6274509803921569,9,8,0.3,0.7,8,0.24966853857040405,0.20755067467689514,0.20755067467689514,0.24966853857040405,0.04211786389350891,0.04211786389350891,0.5968225598335266,-0.08324765413999557,0.2555839717388153
2026_08_18_00_56_48_148319_L3_right_C1,L3,C1,2.0,0.1694548757406934,red,right,left,right,pick up the red block,6,pregrasp,96,112,16,0.8484848484848485,0.7320261437908496,0,8,0.3,0.7,8,0.2709237039089203,0.20670534670352936,0.20670534670352936,0.2709237039089203,0.06421835720539093,0.06421835720539093,0.6438053846359253,-0.05815053731203079,0.21081992983818054
2026_08_18_00_56_48_148319_L3_right_C1,L3,C1,2.0,0.1694548757406934,red,right,left,right,pick up the red block,6,pregrasp,96,112,16,0.8484848484848485,0.7320261437908496,1,8,0.3,0.7,8,0.24090413749217987,0.18874329328536987,0.18874329328536987,0.24090413749217987,0.05216084420681,0.05216084420681,0.6438053846359253,-0.05815053731203079,0.21081992983818054
2026_08_18_00_56_48_148319_L3_right_C1,L3,C1,2.0,0.1694548757406934,red,right,left,right,pick up the red block,6,pregrasp,96,112,16,0.8484848484848485,0.7320261437908496,2,8,0.3,0.7,8,0.2026640921831131,0.14932070672512054,0.14932070672512054,0.2026640921831131,0.053343385457992554,0.053343385457992554,0.6438053846359253,-0.05815053731203079,0.21081992983818054
2026_08_18_00_56_48_148319_L3_right_C1,L3,C1,2.0,0.1694548757406934,red,right,left,right,pick up the red block,6,pregrasp,96,112,16,0.8484848484848485,0.7320261437908496,3,8,0.3,0.7,8,0.26475444436073303,0.2059335708618164,0.2059335708618164,0.26475444436073303,0.058820873498916626,0.058820873498916626,0.6438053846359253,-0.05815053731203079,0.21081992983818054
2026_08_18_00_56_48_148319_L3_right_C1,L3,C1,2.0,0.1694548757406934,red,right,left,right,pick up the red block,6,pregrasp,96,112,16,0.8484848484848485,0.7320261437908496,4,8,0.3,0.7,8,0.3697860836982727,0.3078230619430542,0.3078230619430542,0.3697860836982727,0.061963021755218506,0.061963021755218506,0.6438053846359253,-0.05815053731203079,0.21081992983818054
2026_08_18_00_56_48_148319_L3_right_C1,L3,C1,2.0,0.1694548757406934,red,right,left,right,pick up the red block,6,pregrasp,96,112,16,0.8484848484848485,0.7320261437908496,5,8,0.3,0.7,8,0.33606284856796265,0.27619898319244385,0.27619898319244385,0.33606284856796265,0.0598638653755188,0.0598638653755188,0.6438053846359253,-0.05815053731203079,0.21081992983818054
2026_08_18_00_56_48_148319_L3_right_C1,L3,C1,2.0,0.1694548757406934,red,right,left,right,pick up the red block,6,pregrasp,96,112,16,0.8484848484848485,0.7320261437908496,6,8,0.3,0.7,8,0.19516026973724365,0.1430489718914032,0.1430489718914032,0.19516026973724365,0.052111297845840454,0.052111297845840454,0.6438053846359253,-0.05815053731203079,0.21081992983818054
2026_08_18_00_56_48_148319_L3_right_C1,L3,C1,2.0,0.1694548757406934,red,right,left,right,pick up the red block,6,pregrasp,96,112,16,0.8484848484848485,0.7320261437908496,7,8,0.3,0.7,8,0.3234095275402069,0.2608077824115753,0.2608077824115753,0.3234095275402069,0.06260174512863159,0.06260174512863159,0.6438053846359253,-0.05815053731203079,0.21081992983818054
2026_08_18_00_56_48_148319_L3_right_C1,L3,C1,2.0,0.1694548757406934,red,right,left,right,pick up the red block,6,pregrasp,96,112,16,0.8484848484848485,0.7320261437908496,8,8,0.3,0.7,8,0.2632637917995453,0.20214535295963287,0.20214535295963287,0.2632637917995453,0.061118438839912415,0.061118438839912415,0.6438053846359253,-0.05815053731203079,0.21081992983818054
2026_08_18_00_56_48_148319_L3_right_C1,L3,C1,2.0,0.1694548757406934,red,right,left,right,pick up the red block,6,pregrasp,96,112,16,0.8484848484848485,0.7320261437908496,9,8,0.3,0.7,8,0.3873707056045532,0.3101355731487274,0.3101355731487274,0.3873707056045532,0.0772351324558258,0.0772351324558258,0.6438053846359253,-0.05815053731203079,0.21081992983818054
2026_08_18_00_56_48_148319_L3_right_C1,L3,C1,2.0,0.1694548757406934,red,right,left,right,pick up the red block,7,pregrasp,112,128,16,0.9696969696969697,0.8366013071895425,0,8,0.3,0.7,8,0.23019590973854065,0.16795706748962402,0.16795706748962402,0.23019590973854065,0.062238842248916626,0.062238842248916626,0.6667342185974121,-0.04586562141776085,0.1894657015800476
2026_08_18_00_56_48_148319_L3_right_C1,L3,C1,2.0,0.1694548757406934,red,right,left,right,pick up the red block,7,pregrasp,112,128,16,0.9696969696969697,0.8366013071895425,1,8,0.3,0.7,8,0.33790120482444763,0.28549689054489136,0.28549689054489136,0.33790120482444763,0.052404314279556274,0.052404314279556274,0.6667342185974121,-0.04586562141776085,0.1894657015800476
2026_08_18_00_56_48_148319_L3_right_C1,L3,C1,2.0,0.1694548757406934,red,right,left,right,pick up the red block,7,pregrasp,112,128,16,0.9696969696969697,0.8366013071895425,2,8,0.3,0.7,8,0.22786957025527954,0.17142564058303833,0.17142564058303833,0.22786957025527954,0.05644392967224121,0.05644392967224121,0.6667342185974121,-0.04586562141776085,0.1894657015800476
2026_08_18_00_56_48_148319_L3_right_C1,L3,C1,2.0,0.1694548757406934,red,right,left,right,pick up the red block,7,pregrasp,112,128,16,0.9696969696969697,0.8366013071895425,3,8,0.3,0.7,8,0.28784677386283875,0.22738978266716003,0.22738978266716003,0.28784677386283875,0.06045699119567871,0.06045699119567871,0.6667342185974121,-0.04586562141776085,0.1894657015800476
2026_08_18_00_56_48_148319_L3_right_C1,L3,C1,2.0,0.1694548757406934,red,right,left,right,pick up the red block,7,pregrasp,112,128,16,0.9696969696969697,0.8366013071895425,4,8,0.3,0.7,8,0.2362237423658371,0.1771955043077469,0.1771955043077469,0.2362237423658371,0.05902823805809021,0.05902823805809021,0.6667342185974121,-0.04586562141776085,0.1894657015800476
2026_08_18_00_56_48_148319_L3_right_C1,L3,C1,2.0,0.1694548757406934,red,right,left,right,pick up the red block,7,pregrasp,112,128,16,0.9696969696969697,0.8366013071895425,5,8,0.3,0.7,8,0.1929047554731369,0.13949094712734222,0.13949094712734222,0.1929047554731369,0.05341380834579468,0.05341380834579468,0.6667342185974121,-0.04586562141776085,0.1894657015800476
2026_08_18_00_56_48_148319_L3_right_C1,L3,C1,2.0,0.1694548757406934,red,right,left,right,pick up the red block,7,pregrasp,112,128,16,0.9696969696969697,0.8366013071895425,6,8,0.3,0.7,8,0.1747674196958542,0.11761893332004547,0.11761893332004547,0.1747674196958542,0.057148486375808716,0.057148486375808716,0.6667342185974121,-0.04586562141776085,0.1894657015800476
2026_08_18_00_56_48_148319_L3_right_C1,L3,C1,2.0,0.1694548757406934,red,right,left,right,pick up the red block,7,pregrasp,112,128,16,0.9696969696969697,0.8366013071895425,7,8,0.3,0.7,8,0.16448205709457397,0.11574659496545792,0.11574659496545792,0.16448205709457397,0.04873546212911606,0.04873546212911606,0.6667342185974121,-0.04586562141776085,0.1894657015800476
2026_08_18_00_56_48_148319_L3_right_C1,L3,C1,2.0,0.1694548757406934,red,right,left,right,pick up the red block,7,pregrasp,112,128,16,0.9696969696969697,0.8366013071895425,8,8,0.3,0.7,8,0.2502683401107788,0.18722720444202423,0.18722720444202423,0.2502683401107788,0.06304113566875458,0.06304113566875458,0.6667342185974121,-0.04586562141776085,0.1894657015800476
2026_08_18_00_56_48_148319_L3_right_C1,L3,C1,2.0,0.1694548757406934,red,right,left,right,pick up the red block,7,pregrasp,112,128,16,0.9696969696969697,0.8366013071895425,9,8,0.3,0.7,8,0.2762790620326996,0.2122308760881424,0.2122308760881424,0.2762790620326996,0.06404818594455719,0.06404818594455719,0.6667342185974121,-0.04586562141776085,0.1894657015800476
2026_08_18_00_56_48_148319_L3_right_C1,L3,C1,2.0,0.1694548757406934,red,right,left,right,pick up the red block,8,pregrasp,128,132,4,1.0,0.8627450980392157,0,8,0.3,0.7,8,0.2815459966659546,0.2156987190246582,0.2156987190246582,0.2815459966659546,0.06584727764129639,0.06584727764129639,0.6667462587356567,-0.04585440456867218,0.18946917355060577
2026_08_18_00_56_48_148319_L3_right_C1,L3,C1,2.0,0.1694548757406934,red,right,left,right,pick up the red block,8,pregrasp,128,132,4,1.0,0.8627450980392157,1,8,0.3,0.7,8,0.3113883435726166,0.26326262950897217,0.26326262950897217,0.3113883435726166,0.04812571406364441,0.04812571406364441,0.6667462587356567,-0.04585440456867218,0.18946917355060577
2026_08_18_00_56_48_148319_L3_right_C1,L3,C1,2.0,0.1694548757406934,red,right,left,right,pick up the red block,8,pregrasp,128,132,4,1.0,0.8627450980392157,2,8,0.3,0.7,8,0.2407262921333313,0.1836003065109253,0.1836003065109253,0.2407262921333313,0.057125985622406006,0.057125985622406006,0.6667462587356567,-0.04585440456867218,0.18946917355060577
2026_08_18_00_56_48_148319_L3_right_C1,L3,C1,2.0,0.1694548757406934,red,right,left,right,pick up the red block,8,pregrasp,128,132,4,1.0,0.8627450980392157,3,8,0.3,0.7,8,0.24139690399169922,0.19802740216255188,0.19802740216255188,0.24139690399169922,0.04336950182914734,0.04336950182914734,0.6667462587356567,-0.04585440456867218,0.18946917355060577
2026_08_18_00_56_48_148319_L3_right_C1,L3,C1,2.0,0.1694548757406934,red,right,left,right,pick up the red block,8,pregrasp,128,132,4,1.0,0.8627450980392157,4,8,0.3,0.7,8,0.21213486790657043,0.16931934654712677,0.16931934654712677,0.21213486790657043,0.042815521359443665,0.042815521359443665,0.6667462587356567,-0.04585440456867218,0.18946917355060577
2026_08_18_00_56_48_148319_L3_right_C1,L3,C1,2.0,0.1694548757406934,red,right,left,right,pick up the red block,8,pregrasp,128,132,4,1.0,0.8627450980392157,5,8,0.3,0.7,8,0.34170621633529663,0.2863980233669281,0.2863980233669281,0.34170621633529663,0.05530819296836853,0.05530819296836853,0.6667462587356567,-0.04585440456867218,0.18946917355060577
2026_08_18_00_56_48_148319_L3_right_C1,L3,C1,2.0,0.1694548757406934,red,right,left,right,pick up the red block,8,pregrasp,128,132,4,1.0,0.8627450980392157,6,8,0.3,0.7,8,0.3145654499530792,0.2519807815551758,0.2519807815551758,0.3145654499530792,0.06258466839790344,0.06258466839790344,0.6667462587356567,-0.04585440456867218,0.18946917355060577
2026_08_18_00_56_48_148319_L3_right_C1,L3,C1,2.0,0.1694548757406934,red,right,left,right,pick up the red block,8,pregrasp,128,132,4,1.0,0.8627450980392157,7,8,0.3,0.7,8,0.2927292585372925,0.2323807179927826,0.2323807179927826,0.2927292585372925,0.06034854054450989,0.06034854054450989,0.6667462587356567,-0.04585440456867218,0.18946917355060577
2026_08_18_00_56_48_148319_L3_right_C1,L3,C1,2.0,0.1694548757406934,red,right,left,right,pick up the red block,8,pregrasp,128,132,4,1.0,0.8627450980392157,8,8,0.3,0.7,8,0.3667152523994446,0.3121563196182251,0.3121563196182251,0.3667152523994446,0.05455893278121948,0.05455893278121948,0.6667462587356567,-0.04585440456867218,0.18946917355060577
2026_08_18_00_56_48_148319_L3_right_C1,L3,C1,2.0,0.1694548757406934,red,right,left,right,pick up the red block,8,pregrasp,128,132,4,1.0,0.8627450980392157,9,8,0.3,0.7,8,0.36744225025177,0.30942589044570923,0.30942589044570923,0.36744225025177,0.05801635980606079,0.05801635980606079,0.6667462587356567,-0.04585440456867218,0.18946917355060577
2026_08_18_00_56_48_148319_L3_right_C1,L3,C1,2.0,0.1694548757406934,red,right,left,right,pick up the red block,9,postgrasp,132,148,16,1.0,0.9673202614379085,0,8,0.3,0.7,8,0.4348662793636322,0.4862810969352722,0.4862810969352722,0.4348662793636322,-0.051414817571640015,-0.051414817571640015,0.6672015190124512,-0.04580517113208771,0.1899423897266388
2026_08_18_00_56_48_148319_L3_right_C1,L3,C1,2.0,0.1694548757406934,red,right,left,right,pick up the red block,9,postgrasp,132,148,16,1.0,0.9673202614379085,1,8,0.3,0.7,8,0.4820120334625244,0.5287166237831116,0.5287166237831116,0.4820120334625244,-0.04670459032058716,-0.04670459032058716,0.6672015190124512,-0.04580517113208771,0.1899423897266388
2026_08_18_00_56_48_148319_L3_right_C1,L3,C1,2.0,0.1694548757406934,red,right,left,right,pick up the red block,9,postgrasp,132,148,16,1.0,0.9673202614379085,2,8,0.3,0.7,8,0.3740091621875763,0.4162318706512451,0.4162318706512451,0.3740091621875763,-0.04222270846366882,-0.04222270846366882,0.6672015190124512,-0.04580517113208771,0.1899423897266388
2026_08_18_00_56_48_148319_L3_right_C1,L3,C1,2.0,0.1694548757406934,red,right,left,right,pick up the red block,9,postgrasp,132,148,16,1.0,0.9673202614379085,3,8,0.3,0.7,8,0.388016939163208,0.44939759373664856,0.44939759373664856,0.388016939163208,-0.06138065457344055,-0.06138065457344055,0.6672015190124512,-0.04580517113208771,0.1899423897266388
2026_08_18_00_56_48_148319_L3_right_C1,L3,C1,2.0,0.1694548757406934,red,right,left,right,pick up the red block,9,postgrasp,132,148,16,1.0,0.9673202614379085,4,8,0.3,0.7,8,0.43537774682044983,0.45852023363113403,0.45852023363113403,0.43537774682044983,-0.023142486810684204,-0.023142486810684204,0.6672015190124512,-0.04580517113208771,0.1899423897266388
2026_08_18_00_56_48_148319_L3_right_C1,L3,C1,2.0,0.1694548757406934,red,right,left,right,pick up the red block,9,postgrasp,132,148,16,1.0,0.9673202614379085,5,8,0.3,0.7,8,0.5118367075920105,0.5896549820899963,0.5896549820899963,0.5118367075920105,-0.07781827449798584,-0.07781827449798584,0.6672015190124512,-0.04580517113208771,0.1899423897266388
2026_08_18_00_56_48_148319_L3_right_C1,L3,C1,2.0,0.1694548757406934,red,right,left,right,pick up the red block,9,postgrasp,132,148,16,1.0,0.9673202614379085,6,8,0.3,0.7,8,0.363860160112381,0.3980371952056885,0.3980371952056885,0.363860160112381,-0.034177035093307495,-0.034177035093307495,0.6672015190124512,-0.04580517113208771,0.1899423897266388
2026_08_18_00_56_48_148319_L3_right_C1,L3,C1,2.0,0.1694548757406934,red,right,left,right,pick up the red block,9,postgrasp,132,148,16,1.0,0.9673202614379085,7,8,0.3,0.7,8,0.3676835894584656,0.4346403479576111,0.4346403479576111,0.3676835894584656,-0.06695675849914551,-0.06695675849914551,0.6672015190124512,-0.04580517113208771,0.1899423897266388
2026_08_18_00_56_48_148319_L3_right_C1,L3,C1,2.0,0.1694548757406934,red,right,left,right,pick up the red block,9,postgrasp,132,148,16,1.0,0.9673202614379085,8,8,0.3,0.7,8,0.4255857467651367,0.471036434173584,0.471036434173584,0.4255857467651367,-0.045450687408447266,-0.045450687408447266,0.6672015190124512,-0.04580517113208771,0.1899423897266388
2026_08_18_00_56_48_148319_L3_right_C1,L3,C1,2.0,0.1694548757406934,red,right,left,right,pick up the red block,9,postgrasp,132,148,16,1.0,0.9673202614379085,9,8,0.3,0.7,8,0.38542452454566956,0.4311921000480652,0.4311921000480652,0.38542452454566956,-0.04576757550239563,-0.04576757550239563,0.6672015190124512,-0.04580517113208771,0.1899423897266388
2026_08_18_00_56_48_148319_L3_right_C1,L3,C1,2.0,0.1694548757406934,red,right,left,right,pick up the red block,10,postgrasp,148,153,5,1.0,1.0,0,8,0.3,0.7,8,0.2702270746231079,0.2560632526874542,0.2560632526874542,0.2702270746231079,0.014163821935653687,0.014163821935653687,0.6672032475471497,-0.04580697789788246,0.18994489312171936
2026_08_18_00_56_48_148319_L3_right_C1,L3,C1,2.0,0.1694548757406934,red,right,left,right,pick up the red block,10,postgrasp,148,153,5,1.0,1.0,1,8,0.3,0.7,8,0.31249532103538513,0.29983630776405334,0.29983630776405334,0.31249532103538513,0.012659013271331787,0.012659013271331787,0.6672032475471497,-0.04580697789788246,0.18994489312171936
2026_08_18_00_56_48_148319_L3_right_C1,L3,C1,2.0,0.1694548757406934,red,right,left,right,pick up the red block,10,postgrasp,148,153,5,1.0,1.0,2,8,0.3,0.7,8,0.29195597767829895,0.28392279148101807,0.28392279148101807,0.29195597767829895,0.008033186197280884,0.008033186197280884,0.6672032475471497,-0.04580697789788246,0.18994489312171936
2026_08_18_00_56_48_148319_L3_right_C1,L3,C1,2.0,0.1694548757406934,red,right,left,right,pick up the red block,10,postgrasp,148,153,5,1.0,1.0,3,8,0.3,0.7,8,0.303769588470459,0.3062889575958252,0.3062889575958252,0.303769588470459,-0.002519369125366211,-0.002519369125366211,0.6672032475471497,-0.04580697789788246,0.18994489312171936
2026_08_18_00_56_48_148319_L3_right_C1,L3,C1,2.0,0.1694548757406934,red,right,left,right,pick up the red block,10,postgrasp,148,153,5,1.0,1.0,4,8,0.3,0.7,8,0.2890353798866272,0.2788941264152527,0.2788941264152527,0.2890353798866272,0.010141253471374512,0.010141253471374512,0.6672032475471497,-0.04580697789788246,0.18994489312171936
2026_08_18_00_56_48_148319_L3_right_C1,L3,C1,2.0,0.1694548757406934,red,right,left,right,pick up the red block,10,postgrasp,148,153,5,1.0,1.0,5,8,0.3,0.7,8,0.38660624623298645,0.37713584303855896,0.37713584303855896,0.38660624623298645,0.00947040319442749,0.00947040319442749,0.6672032475471497,-0.04580697789788246,0.18994489312171936
2026_08_18_00_56_48_148319_L3_right_C1,L3,C1,2.0,0.1694548757406934,red,right,left,right,pick up the red block,10,postgrasp,148,153,5,1.0,1.0,6,8,0.3,0.7,8,0.18967613577842712,0.1906994879245758,0.1906994879245758,0.18967613577842712,-0.0010233521461486816,-0.0010233521461486816,0.6672032475471497,-0.04580697789788246,0.18994489312171936
2026_08_18_00_56_48_148319_L3_right_C1,L3,C1,2.0,0.1694548757406934,red,right,left,right,pick up the red block,10,postgrasp,148,153,5,1.0,1.0,7,8,0.3,0.7,8,0.24955084919929504,0.24136406183242798,0.24136406183242798,0.24955084919929504,0.008186787366867065,0.008186787366867065,0.6672032475471497,-0.04580697789788246,0.18994489312171936
2026_08_18_00_56_48_148319_L3_right_C1,L3,C1,2.0,0.1694548757406934,red,right,left,right,pick up the red block,10,postgrasp,148,153,5,1.0,1.0,8,8,0.3,0.7,8,0.352566659450531,0.34944960474967957,0.34944960474967957,0.352566659450531,0.0031170547008514404,0.0031170547008514404,0.6672032475471497,-0.04580697789788246,0.18994489312171936
2026_08_18_00_56_48_148319_L3_right_C1,L3,C1,2.0,0.1694548757406934,red,right,left,right,pick up the red block,10,postgrasp,148,153,5,1.0,1.0,9,8,0.3,0.7,8,0.2877775728702545,0.3007437288761139,0.3007437288761139,0.2877775728702545,-0.012966156005859375,-0.012966156005859375,0.6672032475471497,-0.04580697789788246,0.18994489312171936
2026_08_18_00_57_15_980084_L3_right_C2,L3,C2,4.0,0.3389097514813868,red,right,left,right,pick up the red block,0,pregrasp,0,16,16,0.10062893081761007,0.08888888888888889,0,8,0.3,0.7,8,0.28010955452919006,0.291154146194458,0.291154146194458,0.28010955452919006,-0.011044591665267944,-0.011044591665267944,0.36856311559677124,-0.029131418094038963,0.48457032442092896
2026_08_18_00_57_15_980084_L3_right_C2,L3,C2,4.0,0.3389097514813868,red,right,left,right,pick up the red block,0,pregrasp,0,16,16,0.10062893081761007,0.08888888888888889,1,8,0.3,0.7,8,0.391906201839447,0.4176693856716156,0.4176693856716156,0.391906201839447,-0.02576318383216858,-0.02576318383216858,0.36856311559677124,-0.029131418094038963,0.48457032442092896
2026_08_18_00_57_15_980084_L3_right_C2,L3,C2,4.0,0.3389097514813868,red,right,left,right,pick up the red block,0,pregrasp,0,16,16,0.10062893081761007,0.08888888888888889,2,8,0.3,0.7,8,0.29543599486351013,0.34822264313697815,0.34822264313697815,0.29543599486351013,-0.05278664827346802,-0.05278664827346802,0.36856311559677124,-0.029131418094038963,0.48457032442092896
2026_08_18_00_57_15_980084_L3_right_C2,L3,C2,4.0,0.3389097514813868,red,right,left,right,pick up the red block,0,pregrasp,0,16,16,0.10062893081761007,0.08888888888888889,3,8,0.3,0.7,8,0.30277374386787415,0.3422238230705261,0.3422238230705261,0.30277374386787415,-0.03945007920265198,-0.03945007920265198,0.36856311559677124,-0.029131418094038963,0.48457032442092896
2026_08_18_00_57_15_980084_L3_right_C2,L3,C2,4.0,0.3389097514813868,red,right,left,right,pick up the red block,0,pregrasp,0,16,16,0.10062893081761007,0.08888888888888889,4,8,0.3,0.7,8,0.3775452971458435,0.4009675979614258,0.4009675979614258,0.3775452971458435,-0.023422300815582275,-0.023422300815582275,0.36856311559677124,-0.029131418094038963,0.48457032442092896
2026_08_18_00_57_15_980084_L3_right_C2,L3,C2,4.0,0.3389097514813868,red,right,left,right,pick up the red block,0,pregrasp,0,16,16,0.10062893081761007,0.08888888888888889,5,8,0.3,0.7,8,0.23381510376930237,0.27901560068130493,0.27901560068130493,0.23381510376930237,-0.045200496912002563,-0.045200496912002563,0.36856311559677124,-0.029131418094038963,0.48457032442092896
2026_08_18_00_57_15_980084_L3_right_C2,L3,C2,4.0,0.3389097514813868,red,right,left,right,pick up the red block,0,pregrasp,0,16,16,0.10062893081761007,0.08888888888888889,6,8,0.3,0.7,8,0.3195587396621704,0.3404618501663208,0.3404618501663208,0.3195587396621704,-0.02090311050415039,-0.02090311050415039,0.36856311559677124,-0.029131418094038963,0.48457032442092896
2026_08_18_00_57_15_980084_L3_right_C2,L3,C2,4.0,0.3389097514813868,red,right,left,right,pick up the red block,0,pregrasp,0,16,16,0.10062893081761007,0.08888888888888889,7,8,0.3,0.7,8,0.32888245582580566,0.3606656789779663,0.3606656789779663,0.32888245582580566,-0.031783223152160645,-0.031783223152160645,0.36856311559677124,-0.029131418094038963,0.48457032442092896
2026_08_18_00_57_15_980084_L3_right_C2,L3,C2,4.0,0.3389097514813868,red,right,left,right,pick up the red block,0,pregrasp,0,16,16,0.10062893081761007,0.08888888888888889,8,8,0.3,0.7,8,0.3517412841320038,0.4017575979232788,0.4017575979232788,0.3517412841320038,-0.050016313791275024,-0.050016313791275024,0.36856311559677124,-0.029131418094038963,0.48457032442092896
2026_08_18_00_57_15_980084_L3_right_C2,L3,C2,4.0,0.3389097514813868,red,right,left,right,pick up the red block,0,pregrasp,0,16,16,0.10062893081761007,0.08888888888888889,9,8,0.3,0.7,8,0.3094322681427002,0.3202214241027832,0.3202214241027832,0.3094322681427002,-0.010789155960083008,-0.010789155960083008,0.36856311559677124,-0.029131418094038963,0.48457032442092896
2026_08_18_00_57_15_980084_L3_right_C2,L3,C2,4.0,0.3389097514813868,red,right,left,right,pick up the red block,1,pregrasp,16,32,16,0.20125786163522014,0.17777777777777778,0,8,0.3,0.7,8,0.2988920211791992,0.2889423370361328,0.2889423370361328,0.2988920211791992,0.009949684143066406,0.009949684143066406,0.38217678666114807,-0.09204631298780441,0.46017903089523315
2026_08_18_00_57_15_980084_L3_right_C2,L3,C2,4.0,0.3389097514813868,red,right,left,right,pick up the red block,1,pregrasp,16,32,16,0.20125786163522014,0.17777777777777778,1,8,0.3,0.7,8,0.39764997363090515,0.36262768507003784,0.36262768507003784,0.39764997363090515,0.03502228856086731,0.03502228856086731,0.38217678666114807,-0.09204631298780441,0.46017903089523315
2026_08_18_00_57_15_980084_L3_right_C2,L3,C2,4.0,0.3389097514813868,red,right,left,right,pick up the red block,1,pregrasp,16,32,16,0.20125786163522014,0.17777777777777778,2,8,0.3,0.7,8,0.2739979028701782,0.2997022271156311,0.2997022271156311,0.2739979028701782,-0.02570432424545288,-0.02570432424545288,0.38217678666114807,-0.09204631298780441,0.46017903089523315
2026_08_18_00_57_15_980084_L3_right_C2,L3,C2,4.0,0.3389097514813868,red,right,left,right,pick up the red block,1,pregrasp,16,32,16,0.20125786163522014,0.17777777777777778,3,8,0.3,0.7,8,0.4329620599746704,0.3924087584018707,0.3924087584018707,0.4329620599746704,0.04055330157279968,0.04055330157279968,0.38217678666114807,-0.09204631298780441,0.46017903089523315
2026_08_18_00_57_15_980084_L3_right_C2,L3,C2,4.0,0.3389097514813868,red,right,left,right,pick up the red block,1,pregrasp,16,32,16,0.20125786163522014,0.17777777777777778,4,8,0.3,0.7,8,0.19220903515815735,0.20788750052452087,0.20788750052452087,0.19220903515815735,-0.015678465366363525,-0.015678465366363525,0.38217678666114807,-0.09204631298780441,0.46017903089523315
2026_08_18_00_57_15_980084_L3_right_C2,L3,C2,4.0,0.3389097514813868,red,right,left,right,pick up the red block,1,pregrasp,16,32,16,0.20125786163522014,0.17777777777777778,5,8,0.3,0.7,8,0.3443501889705658,0.30896151065826416,0.30896151065826416,0.3443501889705658,0.035388678312301636,0.035388678312301636,0.38217678666114807,-0.09204631298780441,0.46017903089523315
2026_08_18_00_57_15_980084_L3_right_C2,L3,C2,4.0,0.3389097514813868,red,right,left,right,pick up the red block,1,pregrasp,16,32,16,0.20125786163522014,0.17777777777777778,6,8,0.3,0.7,8,0.40095674991607666,0.3368624448776245,0.3368624448776245,0.40095674991607666,0.06409430503845215,0.06409430503845215,0.38217678666114807,-0.09204631298780441,0.46017903089523315
2026_08_18_00_57_15_980084_L3_right_C2,L3,C2,4.0,0.3389097514813868,red,right,left,right,pick up the red block,1,pregrasp,16,32,16,0.20125786163522014,0.17777777777777778,7,8,0.3,0.7,8,0.3672516345977783,0.3172558546066284,0.3172558546066284,0.3672516345977783,0.0499957799911499,0.0499957799911499,0.38217678666114807,-0.09204631298780441,0.46017903089523315
2026_08_18_00_57_15_980084_L3_right_C2,L3,C2,4.0,0.3389097514813868,red,right,left,right,pick up the red block,1,pregrasp,16,32,16,0.20125786163522014,0.17777777777777778,8,8,0.3,0.7,8,0.3811964690685272,0.3568924069404602,0.3568924069404602,0.3811964690685272,0.024304062128067017,0.024304062128067017,0.38217678666114807,-0.09204631298780441,0.46017903089523315
2026_08_18_00_57_15_980084_L3_right_C2,L3,C2,4.0,0.3389097514813868,red,right,left,right,pick up the red block,1,pregrasp,16,32,16,0.20125786163522014,0.17777777777777778,9,8,0.3,0.7,8,0.3202451765537262,0.307585209608078,0.307585209608078,0.3202451765537262,0.012659966945648193,0.012659966945648193,0.38217678666114807,-0.09204631298780441,0.46017903089523315
2026_08_18_00_57_15_980084_L3_right_C2,L3,C2,4.0,0.3389097514813868,red,right,left,right,pick up the red block,2,pregrasp,32,48,16,0.3018867924528302,0.26666666666666666,0,8,0.3,0.7,8,0.281972199678421,0.2764955163002014,0.2764955163002014,0.281972199678421,0.0054766833782196045,0.0054766833782196045,0.4088888466358185,-0.15080730617046356,0.4350854158401489
2026_08_18_00_57_15_980084_L3_right_C2,L3,C2,4.0,0.3389097514813868,red,right,left,right,pick up the red block,2,pregrasp,32,48,16,0.3018867924528302,0.26666666666666666,1,8,0.3,0.7,8,0.25226029753685,0.22864556312561035,0.22864556312561035,0.25226029753685,0.023614734411239624,0.023614734411239624,0.4088888466358185,-0.15080730617046356,0.4350854158401489
2026_08_18_00_57_15_980084_L3_right_C2,L3,C2,4.0,0.3389097514813868,red,right,left,right,pick up the red block,2,pregrasp,32,48,16,0.3018867924528302,0.26666666666666666,2,8,0.3,0.7,8,0.33208292722702026,0.3328845798969269,0.3328845798969269,0.33208292722702026,-0.0008016526699066162,-0.0008016526699066162,0.4088888466358185,-0.15080730617046356,0.4350854158401489
2026_08_18_00_57_15_980084_L3_right_C2,L3,C2,4.0,0.3389097514813868,red,right,left,right,pick up the red block,2,pregrasp,32,48,16,0.3018867924528302,0.26666666666666666,3,8,0.3,0.7,8,0.2727039158344269,0.24961745738983154,0.24961745738983154,0.2727039158344269,0.023086458444595337,0.023086458444595337,0.4088888466358185,-0.15080730617046356,0.4350854158401489
2026_08_18_00_57_15_980084_L3_right_C2,L3,C2,4.0,0.3389097514813868,red,right,left,right,pick up the red block,2,pregrasp,32,48,16,0.3018867924528302,0.26666666666666666,4,8,0.3,0.7,8,0.2500442564487457,0.22314980626106262,0.22314980626106262,0.2500442564487457,0.026894450187683105,0.026894450187683105,0.4088888466358185,-0.15080730617046356,0.4350854158401489
2026_08_18_00_57_15_980084_L3_right_C2,L3,C2,4.0,0.3389097514813868,red,right,left,right,pick up the red block,2,pregrasp,32,48,16,0.3018867924528302,0.26666666666666666,5,8,0.3,0.7,8,0.2427387237548828,0.2341863065958023,0.2341863065958023,0.2427387237548828,0.008552417159080505,0.008552417159080505,0.4088888466358185,-0.15080730617046356,0.4350854158401489
2026_08_18_00_57_15_980084_L3_right_C2,L3,C2,4.0,0.3389097514813868,red,right,left,right,pick up the red block,2,pregrasp,32,48,16,0.3018867924528302,0.26666666666666666,6,8,0.3,0.7,8,0.3059852123260498,0.2824513912200928,0.2824513912200928,0.3059852123260498,0.02353382110595703,0.02353382110595703,0.4088888466358185,-0.15080730617046356,0.4350854158401489
2026_08_18_00_57_15_980084_L3_right_C2,L3,C2,4.0,0.3389097514813868,red,right,left,right,pick up the red block,2,pregrasp,32,48,16,0.3018867924528302,0.26666666666666666,7,8,0.3,0.7,8,0.23371222615242004,0.22074909508228302,0.22074909508228302,0.23371222615242004,0.012963131070137024,0.012963131070137024,0.4088888466358185,-0.15080730617046356,0.4350854158401489
2026_08_18_00_57_15_980084_L3_right_C2,L3,C2,4.0,0.3389097514813868,red,right,left,right,pick up the red block,2,pregrasp,32,48,16,0.3018867924528302,0.26666666666666666,8,8,0.3,0.7,8,0.35584890842437744,0.34356412291526794,0.34356412291526794,0.35584890842437744,0.012284785509109497,0.012284785509109497,0.4088888466358185,-0.15080730617046356,0.4350854158401489
2026_08_18_00_57_15_980084_L3_right_C2,L3,C2,4.0,0.3389097514813868,red,right,left,right,pick up the red block,2,pregrasp,32,48,16,0.3018867924528302,0.26666666666666666,9,8,0.3,0.7,8,0.2475515604019165,0.22672301530838013,0.22672301530838013,0.2475515604019165,0.020828545093536377,0.020828545093536377,0.4088888466358185,-0.15080730617046356,0.4350854158401489
2026_08_18_00_57_15_980084_L3_right_C2,L3,C2,4.0,0.3389097514813868,red,right,left,right,pick up the red block,3,pregrasp,48,64,16,0.4025157232704403,0.35555555555555557,0,8,0.3,0.7,8,0.3434202969074249,0.33381685614585876,0.33381685614585876,0.3434202969074249,0.009603440761566162,0.009603440761566162,0.4478550851345062,-0.19508390128612518,0.3982847034931183
2026_08_18_00_57_15_980084_L3_right_C2,L3,C2,4.0,0.3389097514813868,red,right,left,right,pick up the red block,3,pregrasp,48,64,16,0.4025157232704403,0.35555555555555557,1,8,0.3,0.7,8,0.2411016970872879,0.24423064291477203,0.24423064291477203,0.2411016970872879,-0.003128945827484131,-0.003128945827484131,0.4478550851345062,-0.19508390128612518,0.3982847034931183
2026_08_18_00_57_15_980084_L3_right_C2,L3,C2,4.0,0.3389097514813868,red,right,left,right,pick up the red block,3,pregrasp,48,64,16,0.4025157232704403,0.35555555555555557,2,8,0.3,0.7,8,0.2263244241476059,0.22456514835357666,0.22456514835357666,0.2263244241476059,0.0017592757940292358,0.0017592757940292358,0.4478550851345062,-0.19508390128612518,0.3982847034931183
2026_08_18_00_57_15_980084_L3_right_C2,L3,C2,4.0,0.3389097514813868,red,right,left,right,pick up the red block,3,pregrasp,48,64,16,0.4025157232704403,0.35555555555555557,3,8,0.3,0.7,8,0.34437018632888794,0.3396892547607422,0.3396892547607422,0.34437018632888794,0.004680931568145752,0.004680931568145752,0.4478550851345062,-0.19508390128612518,0.3982847034931183
2026_08_18_00_57_15_980084_L3_right_C2,L3,C2,4.0,0.3389097514813868,red,right,left,right,pick up the red block,3,pregrasp,48,64,16,0.4025157232704403,0.35555555555555557,4,8,0.3,0.7,8,0.2829543650150299,0.27804455161094666,0.27804455161094666,0.2829543650150299,0.004909813404083252,0.004909813404083252,0.4478550851345062,-0.19508390128612518,0.3982847034931183
2026_08_18_00_57_15_980084_L3_right_C2,L3,C2,4.0,0.3389097514813868,red,right,left,right,pick up the red block,3,pregrasp,48,64,16,0.4025157232704403,0.35555555555555557,5,8,0.3,0.7,8,0.3119868338108063,0.30363935232162476,0.30363935232162476,0.3119868338108063,0.008347481489181519,0.008347481489181519,0.4478550851345062,-0.19508390128612518,0.3982847034931183
2026_08_18_00_57_15_980084_L3_right_C2,L3,C2,4.0,0.3389097514813868,red,right,left,right,pick up the red block,3,pregrasp,48,64,16,0.4025157232704403,0.35555555555555557,6,8,0.3,0.7,8,0.32795336842536926,0.3241564929485321,0.3241564929485321,0.32795336842536926,0.003796875476837158,0.003796875476837158,0.4478550851345062,-0.19508390128612518,0.3982847034931183
2026_08_18_00_57_15_980084_L3_right_C2,L3,C2,4.0,0.3389097514813868,red,right,left,right,pick up the red block,3,pregrasp,48,64,16,0.4025157232704403,0.35555555555555557,7,8,0.3,0.7,8,0.24337337911128998,0.23769411444664001,0.23769411444664001,0.24337337911128998,0.005679264664649963,0.005679264664649963,0.4478550851345062,-0.19508390128612518,0.3982847034931183
2026_08_18_00_57_15_980084_L3_right_C2,L3,C2,4.0,0.3389097514813868,red,right,left,right,pick up the red block,3,pregrasp,48,64,16,0.4025157232704403,0.35555555555555557,8,8,0.3,0.7,8,0.2262648195028305,0.22303740680217743,0.22303740680217743,0.2262648195028305,0.003227412700653076,0.003227412700653076,0.4478550851345062,-0.19508390128612518,0.3982847034931183
2026_08_18_00_57_15_980084_L3_right_C2,L3,C2,4.0,0.3389097514813868,red,right,left,right,pick up the red block,3,pregrasp,48,64,16,0.4025157232704403,0.35555555555555557,9,8,0.3,0.7,8,0.28128179907798767,0.2738845646381378,0.2738845646381378,0.28128179907798767,0.0073972344398498535,0.0073972344398498535,0.4478550851345062,-0.19508390128612518,0.3982847034931183
2026_08_18_00_57_15_980084_L3_right_C2,L3,C2,4.0,0.3389097514813868,red,right,left,right,pick up the red block,4,pregrasp,64,80,16,0.5031446540880503,0.4444444444444444,0,8,0.3,0.7,8,0.3346899747848511,0.304857075214386,0.304857075214386,0.3346899747848511,0.029832899570465088,0.029832899570465088,0.49579840898513794,-0.20766711235046387,0.35103633999824524
2026_08_18_00_57_15_980084_L3_right_C2,L3,C2,4.0,0.3389097514813868,red,right,left,right,pick up the red block,4,pregrasp,64,80,16,0.5031446540880503,0.4444444444444444,1,8,0.3,0.7,8,0.37239381670951843,0.3547537922859192,0.3547537922859192,0.37239381670951843,0.017640024423599243,0.017640024423599243,0.49579840898513794,-0.20766711235046387,0.35103633999824524
2026_08_18_00_57_15_980084_L3_right_C2,L3,C2,4.0,0.3389097514813868,red,right,left,right,pick up the red block,4,pregrasp,64,80,16,0.5031446540880503,0.4444444444444444,2,8,0.3,0.7,8,0.2599185109138489,0.24045981466770172,0.24045981466770172,0.2599185109138489,0.019458696246147156,0.019458696246147156,0.49579840898513794,-0.20766711235046387,0.35103633999824524
2026_08_18_00_57_15_980084_L3_right_C2,L3,C2,4.0,0.3389097514813868,red,right,left,right,pick up the red block,4,pregrasp,64,80,16,0.5031446540880503,0.4444444444444444,3,8,0.3,0.7,8,0.258558452129364,0.2305867075920105,0.2305867075920105,0.258558452129364,0.027971744537353516,0.027971744537353516,0.49579840898513794,-0.20766711235046387,0.35103633999824524
2026_08_18_00_57_15_980084_L3_right_C2,L3,C2,4.0,0.3389097514813868,red,right,left,right,pick up the red block,4,pregrasp,64,80,16,0.5031446540880503,0.4444444444444444,4,8,0.3,0.7,8,0.3122851252555847,0.2805800437927246,0.2805800437927246,0.3122851252555847,0.03170508146286011,0.03170508146286011,0.49579840898513794,-0.20766711235046387,0.35103633999824524
2026_08_18_00_57_15_980084_L3_right_C2,L3,C2,4.0,0.3389097514813868,red,right,left,right,pick up the red block,4,pregrasp,64,80,16,0.5031446540880503,0.4444444444444444,5,8,0.3,0.7,8,0.36313435435295105,0.3416917324066162,0.3416917324066162,0.36313435435295105,0.02144262194633484,0.02144262194633484,0.49579840898513794,-0.20766711235046387,0.35103633999824524
2026_08_18_00_57_15_980084_L3_right_C2,L3,C2,4.0,0.3389097514813868,red,right,left,right,pick up the red block,4,pregrasp,64,80,16,0.5031446540880503,0.4444444444444444,6,8,0.3,0.7,8,0.3393971621990204,0.31803351640701294,0.31803351640701294,0.3393971621990204,0.021363645792007446,0.021363645792007446,0.49579840898513794,-0.20766711235046387,0.35103633999824524
2026_08_18_00_57_15_980084_L3_right_C2,L3,C2,4.0,0.3389097514813868,red,right,left,right,pick up the red block,4,pregrasp,64,80,16,0.5031446540880503,0.4444444444444444,7,8,0.3,0.7,8,0.28449416160583496,0.2571948766708374,0.2571948766708374,0.28449416160583496,0.02729928493499756,0.02729928493499756,0.49579840898513794,-0.20766711235046387,0.35103633999824524
2026_08_18_00_57_15_980084_L3_right_C2,L3,C2,4.0,0.3389097514813868,red,right,left,right,pick up the red block,4,pregrasp,64,80,16,0.5031446540880503,0.4444444444444444,8,8,0.3,0.7,8,0.2646748721599579,0.23514311015605927,0.23514311015605927,0.2646748721599579,0.02953176200389862,0.02953176200389862,0.49579840898513794,-0.20766711235046387,0.35103633999824524
2026_08_18_00_57_15_980084_L3_right_C2,L3,C2,4.0,0.3389097514813868,red,right,left,right,pick up the red block,4,pregrasp,64,80,16,0.5031446540880503,0.4444444444444444,9,8,0.3,0.7,8,0.39747780561447144,0.36928248405456543,0.36928248405456543,0.39747780561447144,0.028195321559906006,0.028195321559906006,0.49579840898513794,-0.20766711235046387,0.35103633999824524
2026_08_18_00_57_15_980084_L3_right_C2,L3,C2,4.0,0.3389097514813868,red,right,left,right,pick up the red block,5,pregrasp,80,96,16,0.6037735849056604,0.5333333333333333,0,8,0.3,0.7,8,0.20890536904335022,0.2155383974313736,0.2155383974313736,0.20890536904335022,-0.0066330283880233765,-0.0066330283880233765,0.5430783033370972,-0.18444696068763733,0.30657511949539185
2026_08_18_00_57_15_980084_L3_right_C2,L3,C2,4.0,0.3389097514813868,red,right,left,right,pick up the red block,5,pregrasp,80,96,16,0.6037735849056604,0.5333333333333333,1,8,0.3,0.7,8,0.28586316108703613,0.28951308131217957,0.28951308131217957,0.28586316108703613,-0.0036499202251434326,-0.0036499202251434326,0.5430783033370972,-0.18444696068763733,0.30657511949539185
2026_08_18_00_57_15_980084_L3_right_C2,L3,C2,4.0,0.3389097514813868,red,right,left,right,pick up the red block,5,pregrasp,80,96,16,0.6037735849056604,0.5333333333333333,2,8,0.3,0.7,8,0.3648199141025543,0.3736790120601654,0.3736790120601654,0.3648199141025543,-0.008859097957611084,-0.008859097957611084,0.5430783033370972,-0.18444696068763733,0.30657511949539185
2026_08_18_00_57_15_980084_L3_right_C2,L3,C2,4.0,0.3389097514813868,red,right,left,right,pick up the red block,5,pregrasp,80,96,16,0.6037735849056604,0.5333333333333333,3,8,0.3,0.7,8,0.3100954294204712,0.316165566444397,0.316165566444397,0.3100954294204712,-0.006070137023925781,-0.006070137023925781,0.5430783033370972,-0.18444696068763733,0.30657511949539185
2026_08_18_00_57_15_980084_L3_right_C2,L3,C2,4.0,0.3389097514813868,red,right,left,right,pick up the red block,5,pregrasp,80,96,16,0.6037735849056604,0.5333333333333333,4,8,0.3,0.7,8,0.2212068736553192,0.22283953428268433,0.22283953428268433,0.2212068736553192,-0.0016326606273651123,-0.0016326606273651123,0.5430783033370972,-0.18444696068763733,0.30657511949539185
2026_08_18_00_57_15_980084_L3_right_C2,L3,C2,4.0,0.3389097514813868,red,right,left,right,pick up the red block,5,pregrasp,80,96,16,0.6037735849056604,0.5333333333333333,5,8,0.3,0.7,8,0.3093942105770111,0.30737054347991943,0.30737054347991943,0.3093942105770111,0.002023667097091675,0.002023667097091675,0.5430783033370972,-0.18444696068763733,0.30657511949539185
2026_08_18_00_57_15_980084_L3_right_C2,L3,C2,4.0,0.3389097514813868,red,right,left,right,pick up the red block,5,pregrasp,80,96,16,0.6037735849056604,0.5333333333333333,6,8,0.3,0.7,8,0.22237712144851685,0.22891363501548767,0.22891363501548767,0.22237712144851685,-0.006536513566970825,-0.006536513566970825,0.5430783033370972,-0.18444696068763733,0.30657511949539185
2026_08_18_00_57_15_980084_L3_right_C2,L3,C2,4.0,0.3389097514813868,red,right,left,right,pick up the red block,5,pregrasp,80,96,16,0.6037735849056604,0.5333333333333333,7,8,0.3,0.7,8,0.3892747163772583,0.39364686608314514,0.39364686608314514,0.3892747163772583,-0.004372149705886841,-0.004372149705886841,0.5430783033370972,-0.18444696068763733,0.30657511949539185
2026_08_18_00_57_15_980084_L3_right_C2,L3,C2,4.0,0.3389097514813868,red,right,left,right,pick up the red block,5,pregrasp,80,96,16,0.6037735849056604,0.5333333333333333,8,8,0.3,0.7,8,0.38314947485923767,0.39662137627601624,0.39662137627601624,0.38314947485923767,-0.013471901416778564,-0.013471901416778564,0.5430783033370972,-0.18444696068763733,0.30657511949539185
2026_08_18_00_57_15_980084_L3_right_C2,L3,C2,4.0,0.3389097514813868,red,right,left,right,pick up the red block,5,pregrasp,80,96,16,0.6037735849056604,0.5333333333333333,9,8,0.3,0.7,8,0.27053314447402954,0.27206289768218994,0.27206289768218994,0.27053314447402954,-0.0015297532081604004,-0.0015297532081604004,0.5430783033370972,-0.18444696068763733,0.30657511949539185
2026_08_18_00_57_15_980084_L3_right_C2,L3,C2,4.0,0.3389097514813868,red,right,left,right,pick up the red block,6,pregrasp,96,112,16,0.7044025157232704,0.6222222222222222,0,8,0.3,0.7,8,0.2012580931186676,0.20401562750339508,0.20401562750339508,0.2012580931186676,-0.002757534384727478,-0.002757534384727478,0.5849815607070923,-0.14606572687625885,0.2667231857776642
2026_08_18_00_57_15_980084_L3_right_C2,L3,C2,4.0,0.3389097514813868,red,right,left,right,pick up the red block,6,pregrasp,96,112,16,0.7044025157232704,0.6222222222222222,1,8,0.3,0.7,8,0.19465595483779907,0.19479458034038544,0.19479458034038544,0.19465595483779907,-0.00013862550258636475,-0.00013862550258636475,0.5849815607070923,-0.14606572687625885,0.2667231857776642
2026_08_18_00_57_15_980084_L3_right_C2,L3,C2,4.0,0.3389097514813868,red,right,left,right,pick up the red block,6,pregrasp,96,112,16,0.7044025157232704,0.6222222222222222,2,8,0.3,0.7,8,0.21829606592655182,0.22059622406959534,0.22059622406959534,0.21829606592655182,-0.002300158143043518,-0.002300158143043518,0.5849815607070923,-0.14606572687625885,0.2667231857776642
2026_08_18_00_57_15_980084_L3_right_C2,L3,C2,4.0,0.3389097514813868,red,right,left,right,pick up the red block,6,pregrasp,96,112,16,0.7044025157232704,0.6222222222222222,3,8,0.3,0.7,8,0.33345863223075867,0.3241024911403656,0.3241024911403656,0.33345863223075867,0.009356141090393066,0.009356141090393066,0.5849815607070923,-0.14606572687625885,0.2667231857776642
2026_08_18_00_57_15_980084_L3_right_C2,L3,C2,4.0,0.3389097514813868,red,right,left,right,pick up the red block,6,pregrasp,96,112,16,0.7044025157232704,0.6222222222222222,4,8,0.3,0.7,8,0.33242928981781006,0.3278406262397766,0.3278406262397766,0.33242928981781006,0.004588663578033447,0.004588663578033447,0.5849815607070923,-0.14606572687625885,0.2667231857776642
2026_08_18_00_57_15_980084_L3_right_C2,L3,C2,4.0,0.3389097514813868,red,right,left,right,pick up the red block,6,pregrasp,96,112,16,0.7044025157232704,0.6222222222222222,5,8,0.3,0.7,8,0.20110200345516205,0.20303155481815338,0.20303155481815338,0.20110200345516205,-0.001929551362991333,-0.001929551362991333,0.5849815607070923,-0.14606572687625885,0.2667231857776642
2026_08_18_00_57_15_980084_L3_right_C2,L3,C2,4.0,0.3389097514813868,red,right,left,right,pick up the red block,6,pregrasp,96,112,16,0.7044025157232704,0.6222222222222222,6,8,0.3,0.7,8,0.27793461084365845,0.27275800704956055,0.27275800704956055,0.27793461084365845,0.0051766037940979,0.0051766037940979,0.5849815607070923,-0.14606572687625885,0.2667231857776642
2026_08_18_00_57_15_980084_L3_right_C2,L3,C2,4.0,0.3389097514813868,red,right,left,right,pick up the red block,6,pregrasp,96,112,16,0.7044025157232704,0.6222222222222222,7,8,0.3,0.7,8,0.3244471848011017,0.31879881024360657,0.31879881024360657,0.3244471848011017,0.005648374557495117,0.005648374557495117,0.5849815607070923,-0.14606572687625885,0.2667231857776642
2026_08_18_00_57_15_980084_L3_right_C2,L3,C2,4.0,0.3389097514813868,red,right,left,right,pick up the red block,6,pregrasp,96,112,16,0.7044025157232704,0.6222222222222222,8,8,0.3,0.7,8,0.21686190366744995,0.21716508269309998,0.21716508269309998,0.21686190366744995,-0.0003031790256500244,-0.0003031790256500244,0.5849815607070923,-0.14606572687625885,0.2667231857776642
2026_08_18_00_57_15_980084_L3_right_C2,L3,C2,4.0,0.3389097514813868,red,right,left,right,pick up the red block,6,pregrasp,96,112,16,0.7044025157232704,0.6222222222222222,9,8,0.3,0.7,8,0.3977110981941223,0.3896434009075165,0.3896434009075165,0.3977110981941223,0.008067697286605835,0.008067697286605835,0.5849815607070923,-0.14606572687625885,0.2667231857776642
2026_08_18_00_57_15_980084_L3_right_C2,L3,C2,4.0,0.3389097514813868,red,right,left,right,pick up the red block,7,pregrasp,112,128,16,0.8050314465408805,0.7111111111111111,0,8,0.3,0.7,8,0.26419323682785034,0.23810487985610962,0.23810487985610962,0.26419323682785034,0.026088356971740723,0.026088356971740723,0.6232466101646423,-0.10133560746908188,0.2302960604429245
2026_08_18_00_57_15_980084_L3_right_C2,L3,C2,4.0,0.3389097514813868,red,right,left,right,pick up the red block,7,pregrasp,112,128,16,0.8050314465408805,0.7111111111111111,1,8,0.3,0.7,8,0.3004516065120697,0.2722657322883606,0.2722657322883606,0.3004516065120697,0.028185874223709106,0.028185874223709106,0.6232466101646423,-0.10133560746908188,0.2302960604429245
2026_08_18_00_57_15_980084_L3_right_C2,L3,C2,4.0,0.3389097514813868,red,right,left,right,pick up the red block,7,pregrasp,112,128,16,0.8050314465408805,0.7111111111111111,2,8,0.3,0.7,8,0.432125985622406,0.396774023771286,0.396774023771286,0.432125985622406,0.035351961851119995,0.035351961851119995,0.6232466101646423,-0.10133560746908188,0.2302960604429245
2026_08_18_00_57_15_980084_L3_right_C2,L3,C2,4.0,0.3389097514813868,red,right,left,right,pick up the red block,7,pregrasp,112,128,16,0.8050314465408805,0.7111111111111111,3,8,0.3,0.7,8,0.3795804977416992,0.34554973244667053,0.34554973244667053,0.3795804977416992,0.034030765295028687,0.034030765295028687,0.6232466101646423,-0.10133560746908188,0.2302960604429245
2026_08_18_00_57_15_980084_L3_right_C2,L3,C2,4.0,0.3389097514813868,red,right,left,right,pick up the red block,7,pregrasp,112,128,16,0.8050314465408805,0.7111111111111111,4,8,0.3,0.7,8,0.28937190771102905,0.2660403847694397,0.2660403847694397,0.28937190771102905,0.023331522941589355,0.023331522941589355,0.6232466101646423,-0.10133560746908188,0.2302960604429245
2026_08_18_00_57_15_980084_L3_right_C2,L3,C2,4.0,0.3389097514813868,red,right,left,right,pick up the red block,7,pregrasp,112,128,16,0.8050314465408805,0.7111111111111111,5,8,0.3,0.7,8,0.22242659330368042,0.2065535932779312,0.2065535932779312,0.22242659330368042,0.015873000025749207,0.015873000025749207,0.6232466101646423,-0.10133560746908188,0.2302960604429245
2026_08_18_00_57_15_980084_L3_right_C2,L3,C2,4.0,0.3389097514813868,red,right,left,right,pick up the red block,7,pregrasp,112,128,16,0.8050314465408805,0.7111111111111111,6,8,0.3,0.7,8,0.33532923460006714,0.3083627223968506,0.3083627223968506,0.33532923460006714,0.026966512203216553,0.026966512203216553,0.6232466101646423,-0.10133560746908188,0.2302960604429245
2026_08_18_00_57_15_980084_L3_right_C2,L3,C2,4.0,0.3389097514813868,red,right,left,right,pick up the red block,7,pregrasp,112,128,16,0.8050314465408805,0.7111111111111111,7,8,0.3,0.7,8,0.29384124279022217,0.2705056667327881,0.2705056667327881,0.29384124279022217,0.023335576057434082,0.023335576057434082,0.6232466101646423,-0.10133560746908188,0.2302960604429245
2026_08_18_00_57_15_980084_L3_right_C2,L3,C2,4.0,0.3389097514813868,red,right,left,right,pick up the red block,7,pregrasp,112,128,16,0.8050314465408805,0.7111111111111111,8,8,0.3,0.7,8,0.3486630320549011,0.32160383462905884,0.32160383462905884,0.3486630320549011,0.027059197425842285,0.027059197425842285,0.6232466101646423,-0.10133560746908188,0.2302960604429245
2026_08_18_00_57_15_980084_L3_right_C2,L3,C2,4.0,0.3389097514813868,red,right,left,right,pick up the red block,7,pregrasp,112,128,16,0.8050314465408805,0.7111111111111111,9,8,0.3,0.7,8,0.30415648221969604,0.27957814931869507,0.27957814931869507,0.30415648221969604,0.024578332901000977,0.024578332901000977,0.6232466101646423,-0.10133560746908188,0.2302960604429245
2026_08_18_00_57_15_980084_L3_right_C2,L3,C2,4.0,0.3389097514813868,red,right,left,right,pick up the red block,8,pregrasp,128,144,16,0.9056603773584906,0.8,0,8,0.3,0.7,8,0.4632490575313568,0.40502792596817017,0.40502792596817017,0.4632490575313568,0.058221131563186646,0.058221131563186646,0.6598662734031677,-0.05292775109410286,0.19578838348388672
2026_08_18_00_57_15_980084_L3_right_C2,L3,C2,4.0,0.3389097514813868,red,right,left,right,pick up the red block,8,pregrasp,128,144,16,0.9056603773584906,0.8,1,8,0.3,0.7,8,0.4532104730606079,0.39324265718460083,0.39324265718460083,0.4532104730606079,0.05996781587600708,0.05996781587600708,0.6598662734031677,-0.05292775109410286,0.19578838348388672
2026_08_18_00_57_15_980084_L3_right_C2,L3,C2,4.0,0.3389097514813868,red,right,left,right,pick up the red block,8,pregrasp,128,144,16,0.9056603773584906,0.8,2,8,0.3,0.7,8,0.29989707469940186,0.2641114890575409,0.2641114890575409,0.29989707469940186,0.03578558564186096,0.03578558564186096,0.6598662734031677,-0.05292775109410286,0.19578838348388672
2026_08_18_00_57_15_980084_L3_right_C2,L3,C2,4.0,0.3389097514813868,red,right,left,right,pick up the red block,8,pregrasp,128,144,16,0.9056603773584906,0.8,3,8,0.3,0.7,8,0.400341659784317,0.3466903865337372,0.3466903865337372,0.400341659784317,0.053651273250579834,0.053651273250579834,0.6598662734031677,-0.05292775109410286,0.19578838348388672
2026_08_18_00_57_15_980084_L3_right_C2,L3,C2,4.0,0.3389097514813868,red,right,left,right,pick up the red block,8,pregrasp,128,144,16,0.9056603773584906,0.8,4,8,0.3,0.7,8,0.38781923055648804,0.34412723779678345,0.34412723779678345,0.38781923055648804,0.04369199275970459,0.04369199275970459,0.6598662734031677,-0.05292775109410286,0.19578838348388672
2026_08_18_00_57_15_980084_L3_right_C2,L3,C2,4.0,0.3389097514813868,red,right,left,right,pick up the red block,8,pregrasp,128,144,16,0.9056603773584906,0.8,5,8,0.3,0.7,8,0.41452154517173767,0.36484888195991516,0.36484888195991516,0.41452154517173767,0.04967266321182251,0.04967266321182251,0.6598662734031677,-0.05292775109410286,0.19578838348388672
2026_08_18_00_57_15_980084_L3_right_C2,L3,C2,4.0,0.3389097514813868,red,right,left,right,pick up the red block,8,pregrasp,128,144,16,0.9056603773584906,0.8,6,8,0.3,0.7,8,0.26962918043136597,0.2423742711544037,0.2423742711544037,0.26962918043136597,0.02725490927696228,0.02725490927696228,0.6598662734031677,-0.05292775109410286,0.19578838348388672
2026_08_18_00_57_15_980084_L3_right_C2,L3,C2,4.0,0.3389097514813868,red,right,left,right,pick up the red block,8,pregrasp,128,144,16,0.9056603773584906,0.8,7,8,0.3,0.7,8,0.38498592376708984,0.34315618872642517,0.34315618872642517,0.38498592376708984,0.04182973504066467,0.04182973504066467,0.6598662734031677,-0.05292775109410286,0.19578838348388672
2026_08_18_00_57_15_980084_L3_right_C2,L3,C2,4.0,0.3389097514813868,red,right,left,right,pick up the red block,8,pregrasp,128,144,16,0.9056603773584906,0.8,8,8,0.3,0.7,8,0.5231517553329468,0.45501959323883057,0.45501959323883057,0.5231517553329468,0.06813216209411621,0.06813216209411621,0.6598662734031677,-0.05292775109410286,0.19578838348388672
2026_08_18_00_57_15_980084_L3_right_C2,L3,C2,4.0,0.3389097514813868,red,right,left,right,pick up the red block,8,pregrasp,128,144,16,0.9056603773584906,0.8,9,8,0.3,0.7,8,0.3877476751804352,0.3422951102256775,0.3422951102256775,0.3877476751804352,0.04545256495475769,0.04545256495475769,0.6598662734031677,-0.05292775109410286,0.19578838348388672
2026_08_18_00_57_15_980084_L3_right_C2,L3,C2,4.0,0.3389097514813868,red,right,left,right,pick up the red block,9,pregrasp,144,159,15,1.0,0.8833333333333333,0,8,0.3,0.7,8,0.31246843934059143,0.2684212327003479,0.2684212327003479,0.31246843934059143,0.04404720664024353,0.04404720664024353,0.6664674282073975,-0.04600037634372711,0.18937386572360992
2026_08_18_00_57_15_980084_L3_right_C2,L3,C2,4.0,0.3389097514813868,red,right,left,right,pick up the red block,9,pregrasp,144,159,15,1.0,0.8833333333333333,1,8,0.3,0.7,8,0.3247601389884949,0.28065016865730286,0.28065016865730286,0.3247601389884949,0.04410997033119202,0.04410997033119202,0.6664674282073975,-0.04600037634372711,0.18937386572360992
2026_08_18_00_57_15_980084_L3_right_C2,L3,C2,4.0,0.3389097514813868,red,right,left,right,pick up the red block,9,pregrasp,144,159,15,1.0,0.8833333333333333,2,8,0.3,0.7,8,0.2821319103240967,0.24268335103988647,0.24268335103988647,0.2821319103240967,0.039448559284210205,0.039448559284210205,0.6664674282073975,-0.04600037634372711,0.18937386572360992
2026_08_18_00_57_15_980084_L3_right_C2,L3,C2,4.0,0.3389097514813868,red,right,left,right,pick up the red block,9,pregrasp,144,159,15,1.0,0.8833333333333333,3,8,0.3,0.7,8,0.3026261031627655,0.26711222529411316,0.26711222529411316,0.3026261031627655,0.035513877868652344,0.035513877868652344,0.6664674282073975,-0.04600037634372711,0.18937386572360992
2026_08_18_00_57_15_980084_L3_right_C2,L3,C2,4.0,0.3389097514813868,red,right,left,right,pick up the red block,9,pregrasp,144,159,15,1.0,0.8833333333333333,4,8,0.3,0.7,8,0.34115368127822876,0.29601120948791504,0.29601120948791504,0.34115368127822876,0.04514247179031372,0.04514247179031372,0.6664674282073975,-0.04600037634372711,0.18937386572360992
2026_08_18_00_57_15_980084_L3_right_C2,L3,C2,4.0,0.3389097514813868,red,right,left,right,pick up the red block,9,pregrasp,144,159,15,1.0,0.8833333333333333,5,8,0.3,0.7,8,0.41561567783355713,0.3655703663825989,0.3655703663825989,0.41561567783355713,0.05004531145095825,0.05004531145095825,0.6664674282073975,-0.04600037634372711,0.18937386572360992
2026_08_18_00_57_15_980084_L3_right_C2,L3,C2,4.0,0.3389097514813868,red,right,left,right,pick up the red block,9,pregrasp,144,159,15,1.0,0.8833333333333333,6,8,0.3,0.7,8,0.3994128704071045,0.3578217029571533,0.3578217029571533,0.3994128704071045,0.04159116744995117,0.04159116744995117,0.6664674282073975,-0.04600037634372711,0.18937386572360992
2026_08_18_00_57_15_980084_L3_right_C2,L3,C2,4.0,0.3389097514813868,red,right,left,right,pick up the red block,9,pregrasp,144,159,15,1.0,0.8833333333333333,7,8,0.3,0.7,8,0.48421502113342285,0.44451281428337097,0.44451281428337097,0.48421502113342285,0.03970220685005188,0.03970220685005188,0.6664674282073975,-0.04600037634372711,0.18937386572360992
2026_08_18_00_57_15_980084_L3_right_C2,L3,C2,4.0,0.3389097514813868,red,right,left,right,pick up the red block,9,pregrasp,144,159,15,1.0,0.8833333333333333,8,8,0.3,0.7,8,0.3325628340244293,0.28830718994140625,0.28830718994140625,0.3325628340244293,0.04425564408302307,0.04425564408302307,0.6664674282073975,-0.04600037634372711,0.18937386572360992
2026_08_18_00_57_15_980084_L3_right_C2,L3,C2,4.0,0.3389097514813868,red,right,left,right,pick up the red block,9,pregrasp,144,159,15,1.0,0.8833333333333333,9,8,0.3,0.7,8,0.3545008599758148,0.31583982706069946,0.31583982706069946,0.3545008599758148,0.038661032915115356,0.038661032915115356,0.6664674282073975,-0.04600037634372711,0.18937386572360992
2026_08_18_00_57_15_980084_L3_right_C2,L3,C2,4.0,0.3389097514813868,red,right,left,right,pick up the red block,10,postgrasp,159,175,16,1.0,0.9722222222222222,0,8,0.3,0.7,8,0.6188391447067261,0.6157115697860718,0.6157115697860718,0.6188391447067261,0.003127574920654297,0.003127574920654297,0.6669524908065796,-0.045971136540174484,0.18980810046195984
2026_08_18_00_57_15_980084_L3_right_C2,L3,C2,4.0,0.3389097514813868,red,right,left,right,pick up the red block,10,postgrasp,159,175,16,1.0,0.9722222222222222,1,8,0.3,0.7,8,0.55996173620224,0.5716740489006042,0.5716740489006042,0.55996173620224,-0.011712312698364258,-0.011712312698364258,0.6669524908065796,-0.045971136540174484,0.18980810046195984
2026_08_18_00_57_15_980084_L3_right_C2,L3,C2,4.0,0.3389097514813868,red,right,left,right,pick up the red block,10,postgrasp,159,175,16,1.0,0.9722222222222222,2,8,0.3,0.7,8,0.5342637896537781,0.5299021005630493,0.5299021005630493,0.5342637896537781,0.00436168909072876,0.00436168909072876,0.6669524908065796,-0.045971136540174484,0.18980810046195984
2026_08_18_00_57_15_980084_L3_right_C2,L3,C2,4.0,0.3389097514813868,red,right,left,right,pick up the red block,10,postgrasp,159,175,16,1.0,0.9722222222222222,3,8,0.3,0.7,8,0.4887419044971466,0.4829935133457184,0.4829935133457184,0.4887419044971466,0.005748391151428223,0.005748391151428223,0.6669524908065796,-0.045971136540174484,0.18980810046195984
2026_08_18_00_57_15_980084_L3_right_C2,L3,C2,4.0,0.3389097514813868,red,right,left,right,pick up the red block,10,postgrasp,159,175,16,1.0,0.9722222222222222,4,8,0.3,0.7,8,0.5763327479362488,0.5900402069091797,0.5900402069091797,0.5763327479362488,-0.013707458972930908,-0.013707458972930908,0.6669524908065796,-0.045971136540174484,0.18980810046195984
2026_08_18_00_57_15_980084_L3_right_C2,L3,C2,4.0,0.3389097514813868,red,right,left,right,pick up the red block,10,postgrasp,159,175,16,1.0,0.9722222222222222,5,8,0.3,0.7,8,0.5479674935340881,0.5565979480743408,0.5565979480743408,0.5479674935340881,-0.008630454540252686,-0.008630454540252686,0.6669524908065796,-0.045971136540174484,0.18980810046195984
2026_08_18_00_57_15_980084_L3_right_C2,L3,C2,4.0,0.3389097514813868,red,right,left,right,pick up the red block,10,postgrasp,159,175,16,1.0,0.9722222222222222,6,8,0.3,0.7,8,0.48786380887031555,0.495492547750473,0.495492547750473,0.48786380887031555,-0.007628738880157471,-0.007628738880157471,0.6669524908065796,-0.045971136540174484,0.18980810046195984
2026_08_18_00_57_15_980084_L3_right_C2,L3,C2,4.0,0.3389097514813868,red,right,left,right,pick up the red block,10,postgrasp,159,175,16,1.0,0.9722222222222222,7,8,0.3,0.7,8,0.5160222053527832,0.530802845954895,0.530802845954895,0.5160222053527832,-0.014780640602111816,-0.014780640602111816,0.6669524908065796,-0.045971136540174484,0.18980810046195984
2026_08_18_00_57_15_980084_L3_right_C2,L3,C2,4.0,0.3389097514813868,red,right,left,right,pick up the red block,10,postgrasp,159,175,16,1.0,0.9722222222222222,8,8,0.3,0.7,8,0.5461502075195312,0.5581094622612,0.5581094622612,0.5461502075195312,-0.011959254741668701,-0.011959254741668701,0.6669524908065796,-0.045971136540174484,0.18980810046195984
2026_08_18_00_57_15_980084_L3_right_C2,L3,C2,4.0,0.3389097514813868,red,right,left,right,pick up the red block,10,postgrasp,159,175,16,1.0,0.9722222222222222,9,8,0.3,0.7,8,0.49965935945510864,0.5160935521125793,0.5160935521125793,0.49965935945510864,-0.016434192657470703,-0.016434192657470703,0.6669524908065796,-0.045971136540174484,0.18980810046195984
2026_08_18_00_57_15_980084_L3_right_C2,L3,C2,4.0,0.3389097514813868,red,right,left,right,pick up the red block,11,postgrasp,175,180,5,1.0,1.0,0,8,0.3,0.7,8,0.3856017589569092,0.3904351592063904,0.3904351592063904,0.3856017589569092,-0.004833400249481201,-0.004833400249481201,0.6669564843177795,-0.045968689024448395,0.18980878591537476
2026_08_18_00_57_15_980084_L3_right_C2,L3,C2,4.0,0.3389097514813868,red,right,left,right,pick up the red block,11,postgrasp,175,180,5,1.0,1.0,1,8,0.3,0.7,8,0.37569066882133484,0.372114896774292,0.372114896774292,0.37569066882133484,0.0035757720470428467,0.0035757720470428467,0.6669564843177795,-0.045968689024448395,0.18980878591537476
2026_08_18_00_57_15_980084_L3_right_C2,L3,C2,4.0,0.3389097514813868,red,right,left,right,pick up the red block,11,postgrasp,175,180,5,1.0,1.0,2,8,0.3,0.7,8,0.36881542205810547,0.37256377935409546,0.37256377935409546,0.36881542205810547,-0.0037483572959899902,-0.0037483572959899902,0.6669564843177795,-0.045968689024448395,0.18980878591537476
2026_08_18_00_57_15_980084_L3_right_C2,L3,C2,4.0,0.3389097514813868,red,right,left,right,pick up the red block,11,postgrasp,175,180,5,1.0,1.0,3,8,0.3,0.7,8,0.544205904006958,0.5348191857337952,0.5348191857337952,0.544205904006958,0.009386718273162842,0.009386718273162842,0.6669564843177795,-0.045968689024448395,0.18980878591537476
2026_08_18_00_57_15_980084_L3_right_C2,L3,C2,4.0,0.3389097514813868,red,right,left,right,pick up the red block,11,postgrasp,175,180,5,1.0,1.0,4,8,0.3,0.7,8,0.5317683219909668,0.5431635975837708,0.5431635975837708,0.5317683219909668,-0.011395275592803955,-0.011395275592803955,0.6669564843177795,-0.045968689024448395,0.18980878591537476
2026_08_18_00_57_15_980084_L3_right_C2,L3,C2,4.0,0.3389097514813868,red,right,left,right,pick up the red block,11,postgrasp,175,180,5,1.0,1.0,5,8,0.3,0.7,8,0.45386701822280884,0.47295331954956055,0.47295331954956055,0.45386701822280884,-0.01908630132675171,-0.01908630132675171,0.6669564843177795,-0.045968689024448395,0.18980878591537476
2026_08_18_00_57_15_980084_L3_right_C2,L3,C2,4.0,0.3389097514813868,red,right,left,right,pick up the red block,11,postgrasp,175,180,5,1.0,1.0,6,8,0.3,0.7,8,0.4331166446208954,0.4389175474643707,0.4389175474643707,0.4331166446208954,-0.005800902843475342,-0.005800902843475342,0.6669564843177795,-0.045968689024448395,0.18980878591537476
2026_08_18_00_57_15_980084_L3_right_C2,L3,C2,4.0,0.3389097514813868,red,right,left,right,pick up the red block,11,postgrasp,175,180,5,1.0,1.0,7,8,0.3,0.7,8,0.48380255699157715,0.49175965785980225,0.49175965785980225,0.48380255699157715,-0.007957100868225098,-0.007957100868225098,0.6669564843177795,-0.045968689024448395,0.18980878591537476
2026_08_18_00_57_15_980084_L3_right_C2,L3,C2,4.0,0.3389097514813868,red,right,left,right,pick up the red block,11,postgrasp,175,180,5,1.0,1.0,8,8,0.3,0.7,8,0.4262502193450928,0.42416322231292725,0.42416322231292725,0.4262502193450928,0.0020869970321655273,0.0020869970321655273,0.6669564843177795,-0.045968689024448395,0.18980878591537476
2026_08_18_00_57_15_980084_L3_right_C2,L3,C2,4.0,0.3389097514813868,red,right,left,right,pick up the red block,11,postgrasp,175,180,5,1.0,1.0,9,8,0.3,0.7,8,0.42386171221733093,0.43840062618255615,0.43840062618255615,0.42386171221733093,-0.01453891396522522,-0.01453891396522522,0.6669564843177795,-0.045968689024448395,0.18980878591537476
2026_08_18_00_57_54_988496_L3_left_C0,L3,C0,0.0,0.0,blue,left,left,right,pick up the blue block,0,pregrasp,0,16,16,0.13333333333333333,0.11347517730496454,0,8,0.3,0.7,8,0.2712023854255676,0.30450642108917236,0.2712023854255676,0.30450642108917236,-0.033304035663604736,0.033304035663604736,0.3829444646835327,-0.0035502854734659195,0.46721431612968445
2026_08_18_00_57_54_988496_L3_left_C0,L3,C0,0.0,0.0,blue,left,left,right,pick up the blue block,0,pregrasp,0,16,16,0.13333333333333333,0.11347517730496454,1,8,0.3,0.7,8,0.29680830240249634,0.2823905348777771,0.29680830240249634,0.2823905348777771,0.014417767524719238,-0.014417767524719238,0.3829444646835327,-0.0035502854734659195,0.46721431612968445
2026_08_18_00_57_54_988496_L3_left_C0,L3,C0,0.0,0.0,blue,left,left,right,pick up the blue block,0,pregrasp,0,16,16,0.13333333333333333,0.11347517730496454,2,8,0.3,0.7,8,0.27689850330352783,0.25907832384109497,0.27689850330352783,0.25907832384109497,0.01782017946243286,-0.01782017946243286,0.3829444646835327,-0.0035502854734659195,0.46721431612968445
2026_08_18_00_57_54_988496_L3_left_C0,L3,C0,0.0,0.0,blue,left,left,right,pick up the blue block,0,pregrasp,0,16,16,0.13333333333333333,0.11347517730496454,3,8,0.3,0.7,8,0.3045617640018463,0.29549768567085266,0.3045617640018463,0.29549768567085266,0.009064078330993652,-0.009064078330993652,0.3829444646835327,-0.0035502854734659195,0.46721431612968445
2026_08_18_00_57_54_988496_L3_left_C0,L3,C0,0.0,0.0,blue,left,left,right,pick up the blue block,0,pregrasp,0,16,16,0.13333333333333333,0.11347517730496454,4,8,0.3,0.7,8,0.26094549894332886,0.24622730910778046,0.26094549894332886,0.24622730910778046,0.014718189835548401,-0.014718189835548401,0.3829444646835327,-0.0035502854734659195,0.46721431612968445
2026_08_18_00_57_54_988496_L3_left_C0,L3,C0,0.0,0.0,blue,left,left,right,pick up the blue block,0,pregrasp,0,16,16,0.13333333333333333,0.11347517730496454,5,8,0.3,0.7,8,0.24077852070331573,0.25489524006843567,0.24077852070331573,0.25489524006843567,-0.014116719365119934,0.014116719365119934,0.3829444646835327,-0.0035502854734659195,0.46721431612968445
2026_08_18_00_57_54_988496_L3_left_C0,L3,C0,0.0,0.0,blue,left,left,right,pick up the blue block,0,pregrasp,0,16,16,0.13333333333333333,0.11347517730496454,6,8,0.3,0.7,8,0.30190324783325195,0.27942222356796265,0.30190324783325195,0.27942222356796265,0.022481024265289307,-0.022481024265289307,0.3829444646835327,-0.0035502854734659195,0.46721431612968445
2026_08_18_00_57_54_988496_L3_left_C0,L3,C0,0.0,0.0,blue,left,left,right,pick up the blue block,0,pregrasp,0,16,16,0.13333333333333333,0.11347517730496454,7,8,0.3,0.7,8,0.3106955587863922,0.32295164465904236,0.3106955587863922,0.32295164465904236,-0.012256085872650146,0.012256085872650146,0.3829444646835327,-0.0035502854734659195,0.46721431612968445
2026_08_18_00_57_54_988496_L3_left_C0,L3,C0,0.0,0.0,blue,left,left,right,pick up the blue block,0,pregrasp,0,16,16,0.13333333333333333,0.11347517730496454,8,8,0.3,0.7,8,0.2511209547519684,0.2856042683124542,0.2511209547519684,0.2856042683124542,-0.03448331356048584,0.03448331356048584,0.3829444646835327,-0.0035502854734659195,0.46721431612968445
2026_08_18_00_57_54_988496_L3_left_C0,L3,C0,0.0,0.0,blue,left,left,right,pick up the blue block,0,pregrasp,0,16,16,0.13333333333333333,0.11347517730496454,9,8,0.3,0.7,8,0.21887020766735077,0.23552106320858002,0.21887020766735077,0.23552106320858002,-0.016650855541229248,0.016650855541229248,0.3829444646835327,-0.0035502854734659195,0.46721431612968445
2026_08_18_00_57_54_988496_L3_left_C0,L3,C0,0.0,0.0,blue,left,left,right,pick up the blue block,1,pregrasp,16,32,16,0.26666666666666666,0.22695035460992907,0,8,0.3,0.7,8,0.34378519654273987,0.21577434241771698,0.34378519654273987,0.21577434241771698,0.1280108541250229,-0.1280108541250229,0.4273664951324463,0.0029483188409358263,0.4148790240287781
2026_08_18_00_57_54_988496_L3_left_C0,L3,C0,0.0,0.0,blue,left,left,right,pick up the blue block,1,pregrasp,16,32,16,0.26666666666666666,0.22695035460992907,1,8,0.3,0.7,8,0.24144695699214935,0.12393072992563248,0.24144695699214935,0.12393072992563248,0.11751622706651688,-0.11751622706651688,0.4273664951324463,0.0029483188409358263,0.4148790240287781
2026_08_18_00_57_54_988496_L3_left_C0,L3,C0,0.0,0.0,blue,left,left,right,pick up the blue block,1,pregrasp,16,32,16,0.26666666666666666,0.22695035460992907,2,8,0.3,0.7,8,0.34671831130981445,0.20352736115455627,0.34671831130981445,0.20352736115455627,0.14319095015525818,-0.14319095015525818,0.4273664951324463,0.0029483188409358263,0.4148790240287781
2026_08_18_00_57_54_988496_L3_left_C0,L3,C0,0.0,0.0,blue,left,left,right,pick up the blue block,1,pregrasp,16,32,16,0.26666666666666666,0.22695035460992907,3,8,0.3,0.7,8,0.3019506335258484,0.18907740712165833,0.3019506335258484,0.18907740712165833,0.11287322640419006,-0.11287322640419006,0.4273664951324463,0.0029483188409358263,0.4148790240287781
2026_08_18_00_57_54_988496_L3_left_C0,L3,C0,0.0,0.0,blue,left,left,right,pick up the blue block,1,pregrasp,16,32,16,0.26666666666666666,0.22695035460992907,4,8,0.3,0.7,8,0.30586135387420654,0.1945638805627823,0.30586135387420654,0.1945638805627823,0.11129747331142426,-0.11129747331142426,0.4273664951324463,0.0029483188409358263,0.4148790240287781
2026_08_18_00_57_54_988496_L3_left_C0,L3,C0,0.0,0.0,blue,left,left,right,pick up the blue block,1,pregrasp,16,32,16,0.26666666666666666,0.22695035460992907,5,8,0.3,0.7,8,0.3176190257072449,0.2234889566898346,0.3176190257072449,0.2234889566898346,0.09413006901741028,-0.09413006901741028,0.4273664951324463,0.0029483188409358263,0.4148790240287781
2026_08_18_00_57_54_988496_L3_left_C0,L3,C0,0.0,0.0,blue,left,left,right,pick up the blue block,1,pregrasp,16,32,16,0.26666666666666666,0.22695035460992907,6,8,0.3,0.7,8,0.4042120575904846,0.25389960408210754,0.4042120575904846,0.25389960408210754,0.15031245350837708,-0.15031245350837708,0.4273664951324463,0.0029483188409358263,0.4148790240287781
2026_08_18_00_57_54_988496_L3_left_C0,L3,C0,0.0,0.0,blue,left,left,right,pick up the blue block,1,pregrasp,16,32,16,0.26666666666666666,0.22695035460992907,7,8,0.3,0.7,8,0.25307774543762207,0.14333152770996094,0.25307774543762207,0.14333152770996094,0.10974621772766113,-0.10974621772766113,0.4273664951324463,0.0029483188409358263,0.4148790240287781
2026_08_18_00_57_54_988496_L3_left_C0,L3,C0,0.0,0.0,blue,left,left,right,pick up the blue block,1,pregrasp,16,32,16,0.26666666666666666,0.22695035460992907,8,8,0.3,0.7,8,0.2729317545890808,0.17097808420658112,0.2729317545890808,0.17097808420658112,0.1019536703824997,-0.1019536703824997,0.4273664951324463,0.0029483188409358263,0.4148790240287781
2026_08_18_00_57_54_988496_L3_left_C0,L3,C0,0.0,0.0,blue,left,left,right,pick up the blue block,1,pregrasp,16,32,16,0.26666666666666666,0.22695035460992907,9,8,0.3,0.7,8,0.3815016746520996,0.2411988377571106,0.3815016746520996,0.2411988377571106,0.140302836894989,-0.140302836894989,0.4273664951324463,0.0029483188409358263,0.4148790240287781
2026_08_18_00_57_54_988496_L3_left_C0,L3,C0,0.0,0.0,blue,left,left,right,pick up the blue block,2,pregrasp,32,48,16,0.4,0.3404255319148936,0,8,0.3,0.7,8,0.3194639980792999,0.17757874727249146,0.3194639980792999,0.17757874727249146,0.14188525080680847,-0.14188525080680847,0.4775797128677368,0.01014313567429781,0.3675634562969208
2026_08_18_00_57_54_988496_L3_left_C0,L3,C0,0.0,0.0,blue,left,left,right,pick up the blue block,2,pregrasp,32,48,16,0.4,0.3404255319148936,1,8,0.3,0.7,8,0.34910252690315247,0.24569690227508545,0.34910252690315247,0.24569690227508545,0.10340562462806702,-0.10340562462806702,0.4775797128677368,0.01014313567429781,0.3675634562969208
2026_08_18_00_57_54_988496_L3_left_C0,L3,C0,0.0,0.0,blue,left,left,right,pick up the blue block,2,pregrasp,32,48,16,0.4,0.3404255319148936,2,8,0.3,0.7,8,0.3259891867637634,0.21079760789871216,0.3259891867637634,0.21079760789871216,0.11519157886505127,-0.11519157886505127,0.4775797128677368,0.01014313567429781,0.3675634562969208
2026_08_18_00_57_54_988496_L3_left_C0,L3,C0,0.0,0.0,blue,left,left,right,pick up the blue block,2,pregrasp,32,48,16,0.4,0.3404255319148936,3,8,0.3,0.7,8,0.32085174322128296,0.18355445563793182,0.32085174322128296,0.18355445563793182,0.13729728758335114,-0.13729728758335114,0.4775797128677368,0.01014313567429781,0.3675634562969208
2026_08_18_00_57_54_988496_L3_left_C0,L3,C0,0.0,0.0,blue,left,left,right,pick up the blue block,2,pregrasp,32,48,16,0.4,0.3404255319148936,4,8,0.3,0.7,8,0.2750188112258911,0.1823383867740631,0.2750188112258911,0.1823383867740631,0.092680424451828,-0.092680424451828,0.4775797128677368,0.01014313567429781,0.3675634562969208
2026_08_18_00_57_54_988496_L3_left_C0,L3,C0,0.0,0.0,blue,left,left,right,pick up the blue block,2,pregrasp,32,48,16,0.4,0.3404255319148936,5,8,0.3,0.7,8,0.40265101194381714,0.291998952627182,0.40265101194381714,0.291998952627182,0.11065205931663513,-0.11065205931663513,0.4775797128677368,0.01014313567429781,0.3675634562969208
2026_08_18_00_57_54_988496_L3_left_C0,L3,C0,0.0,0.0,blue,left,left,right,pick up the blue block,2,pregrasp,32,48,16,0.4,0.3404255319148936,6,8,0.3,0.7,8,0.22230033576488495,0.10988088697195053,0.22230033576488495,0.10988088697195053,0.11241944879293442,-0.11241944879293442,0.4775797128677368,0.01014313567429781,0.3675634562969208
2026_08_18_00_57_54_988496_L3_left_C0,L3,C0,0.0,0.0,blue,left,left,right,pick up the blue block,2,pregrasp,32,48,16,0.4,0.3404255319148936,7,8,0.3,0.7,8,0.2973102331161499,0.13992555439472198,0.2973102331161499,0.13992555439472198,0.15738467872142792,-0.15738467872142792,0.4775797128677368,0.01014313567429781,0.3675634562969208
2026_08_18_00_57_54_988496_L3_left_C0,L3,C0,0.0,0.0,blue,left,left,right,pick up the blue block,2,pregrasp,32,48,16,0.4,0.3404255319148936,8,8,0.3,0.7,8,0.2045319527387619,0.08803492039442062,0.2045319527387619,0.08803492039442062,0.11649703234434128,-0.11649703234434128,0.4775797128677368,0.01014313567429781,0.3675634562969208
2026_08_18_00_57_54_988496_L3_left_C0,L3,C0,0.0,0.0,blue,left,left,right,pick up the blue block,2,pregrasp,32,48,16,0.4,0.3404255319148936,9,8,0.3,0.7,8,0.29175400733947754,0.2069607377052307,0.29175400733947754,0.2069607377052307,0.08479326963424683,-0.08479326963424683,0.4775797128677368,0.01014313567429781,0.3675634562969208
2026_08_18_00_57_54_988496_L3_left_C0,L3,C0,0.0,0.0,blue,left,left,right,pick up the blue block,3,pregrasp,48,64,16,0.5333333333333333,0.45390070921985815,0,8,0.3,0.7,8,0.278011679649353,0.23430760204792023,0.278011679649353,0.23430760204792023,0.0437040776014328,-0.0437040776014328,0.5282652974128723,0.01727469079196453,0.3204830586910248
2026_08_18_00_57_54_988496_L3_left_C0,L3,C0,0.0,0.0,blue,left,left,right,pick up the blue block,3,pregrasp,48,64,16,0.5333333333333333,0.45390070921985815,1,8,0.3,0.7,8,0.26338323950767517,0.22766469419002533,0.26338323950767517,0.22766469419002533,0.03571854531764984,-0.03571854531764984,0.5282652974128723,0.01727469079196453,0.3204830586910248
2026_08_18_00_57_54_988496_L3_left_C0,L3,C0,0.0,0.0,blue,left,left,right,pick up the blue block,3,pregrasp,48,64,16,0.5333333333333333,0.45390070921985815,2,8,0.3,0.7,8,0.3010290861129761,0.2547105550765991,0.3010290861129761,0.2547105550765991,0.04631853103637695,-0.04631853103637695,0.5282652974128723,0.01727469079196453,0.3204830586910248
2026_08_18_00_57_54_988496_L3_left_C0,L3,C0,0.0,0.0,blue,left,left,right,pick up the blue block,3,pregrasp,48,64,16,0.5333333333333333,0.45390070921985815,3,8,0.3,0.7,8,0.27411091327667236,0.2184828519821167,0.27411091327667236,0.2184828519821167,0.055628061294555664,-0.055628061294555664,0.5282652974128723,0.01727469079196453,0.3204830586910248
2026_08_18_00_57_54_988496_L3_left_C0,L3,C0,0.0,0.0,blue,left,left,right,pick up the blue block,3,pregrasp,48,64,16,0.5333333333333333,0.45390070921985815,4,8,0.3,0.7,8,0.29547667503356934,0.28389015793800354,0.29547667503356934,0.28389015793800354,0.011586517095565796,-0.011586517095565796,0.5282652974128723,0.01727469079196453,0.3204830586910248
2026_08_18_00_57_54_988496_L3_left_C0,L3,C0,0.0,0.0,blue,left,left,right,pick up the blue block,3,pregrasp,48,64,16,0.5333333333333333,0.45390070921985815,5,8,0.3,0.7,8,0.3845353424549103,0.322611004114151,0.3845353424549103,0.322611004114151,0.06192433834075928,-0.06192433834075928,0.5282652974128723,0.01727469079196453,0.3204830586910248
2026_08_18_00_57_54_988496_L3_left_C0,L3,C0,0.0,0.0,blue,left,left,right,pick up the blue block,3,pregrasp,48,64,16,0.5333333333333333,0.45390070921985815,6,8,0.3,0.7,8,0.3842531144618988,0.2957742214202881,0.3842531144618988,0.2957742214202881,0.08847889304161072,-0.08847889304161072,0.5282652974128723,0.01727469079196453,0.3204830586910248
2026_08_18_00_57_54_988496_L3_left_C0,L3,C0,0.0,0.0,blue,left,left,right,pick up the blue block,3,pregrasp,48,64,16,0.5333333333333333,0.45390070921985815,7,8,0.3,0.7,8,0.3982730507850647,0.341164231300354,0.3982730507850647,0.341164231300354,0.05710881948471069,-0.05710881948471069,0.5282652974128723,0.01727469079196453,0.3204830586910248
2026_08_18_00_57_54_988496_L3_left_C0,L3,C0,0.0,0.0,blue,left,left,right,pick up the blue block,3,pregrasp,48,64,16,0.5333333333333333,0.45390070921985815,8,8,0.3,0.7,8,0.3075639605522156,0.27928709983825684,0.3075639605522156,0.27928709983825684,0.02827686071395874,-0.02827686071395874,0.5282652974128723,0.01727469079196453,0.3204830586910248
2026_08_18_00_57_54_988496_L3_left_C0,L3,C0,0.0,0.0,blue,left,left,right,pick up the blue block,3,pregrasp,48,64,16,0.5333333333333333,0.45390070921985815,9,8,0.3,0.7,8,0.370036244392395,0.3343774378299713,0.370036244392395,0.3343774378299713,0.035658806562423706,-0.035658806562423706,0.5282652974128723,0.01727469079196453,0.3204830586910248
2026_08_18_00_57_54_988496_L3_left_C0,L3,C0,0.0,0.0,blue,left,left,right,pick up the blue block,4,pregrasp,64,80,16,0.6666666666666666,0.5673758865248227,0,8,0.3,0.7,8,0.17350031435489655,0.17719930410385132,0.17350031435489655,0.17719930410385132,-0.003698989748954773,0.003698989748954773,0.5789127945899963,0.024755779653787613,0.2728748321533203
2026_08_18_00_57_54_988496_L3_left_C0,L3,C0,0.0,0.0,blue,left,left,right,pick up the blue block,4,pregrasp,64,80,16,0.6666666666666666,0.5673758865248227,1,8,0.3,0.7,8,0.18055307865142822,0.19139744341373444,0.18055307865142822,0.19139744341373444,-0.010844364762306213,0.010844364762306213,0.5789127945899963,0.024755779653787613,0.2728748321533203
2026_08_18_00_57_54_988496_L3_left_C0,L3,C0,0.0,0.0,blue,left,left,right,pick up the blue block,4,pregrasp,64,80,16,0.6666666666666666,0.5673758865248227,2,8,0.3,0.7,8,0.16294625401496887,0.15732243657112122,0.16294625401496887,0.15732243657112122,0.005623817443847656,-0.005623817443847656,0.5789127945899963,0.024755779653787613,0.2728748321533203
2026_08_18_00_57_54_988496_L3_left_C0,L3,C0,0.0,0.0,blue,left,left,right,pick up the blue block,4,pregrasp,64,80,16,0.6666666666666666,0.5673758865248227,3,8,0.3,0.7,8,0.1845964789390564,0.1914731115102768,0.1845964789390564,0.1914731115102768,-0.006876632571220398,0.006876632571220398,0.5789127945899963,0.024755779653787613,0.2728748321533203
2026_08_18_00_57_54_988496_L3_left_C0,L3,C0,0.0,0.0,blue,left,left,right,pick up the blue block,4,pregrasp,64,80,16,0.6666666666666666,0.5673758865248227,4,8,0.3,0.7,8,0.1609305739402771,0.16057834029197693,0.1609305739402771,0.16057834029197693,0.0003522336483001709,-0.0003522336483001709,0.5789127945899963,0.024755779653787613,0.2728748321533203
2026_08_18_00_57_54_988496_L3_left_C0,L3,C0,0.0,0.0,blue,left,left,right,pick up the blue block,4,pregrasp,64,80,16,0.6666666666666666,0.5673758865248227,5,8,0.3,0.7,8,0.2390107661485672,0.24590232968330383,0.2390107661485672,0.24590232968330383,-0.006891563534736633,0.006891563534736633,0.5789127945899963,0.024755779653787613,0.2728748321533203
2026_08_18_00_57_54_988496_L3_left_C0,L3,C0,0.0,0.0,blue,left,left,right,pick up the blue block,4,pregrasp,64,80,16,0.6666666666666666,0.5673758865248227,6,8,0.3,0.7,8,0.18736998736858368,0.19689518213272095,0.18736998736858368,0.19689518213272095,-0.009525194764137268,0.009525194764137268,0.5789127945899963,0.024755779653787613,0.2728748321533203
2026_08_18_00_57_54_988496_L3_left_C0,L3,C0,0.0,0.0,blue,left,left,right,pick up the blue block,4,pregrasp,64,80,16,0.6666666666666666,0.5673758865248227,7,8,0.3,0.7,8,0.20323221385478973,0.20272104442119598,0.20323221385478973,0.20272104442119598,0.00051116943359375,-0.00051116943359375,0.5789127945899963,0.024755779653787613,0.2728748321533203
2026_08_18_00_57_54_988496_L3_left_C0,L3,C0,0.0,0.0,blue,left,left,right,pick up the blue block,4,pregrasp,64,80,16,0.6666666666666666,0.5673758865248227,8,8,0.3,0.7,8,0.2000465989112854,0.20798252522945404,0.2000465989112854,0.20798252522945404,-0.00793592631816864,0.00793592631816864,0.5789127945899963,0.024755779653787613,0.2728748321533203
2026_08_18_00_57_54_988496_L3_left_C0,L3,C0,0.0,0.0,blue,left,left,right,pick up the blue block,4,pregrasp,64,80,16,0.6666666666666666,0.5673758865248227,9,8,0.3,0.7,8,0.16733822226524353,0.16929778456687927,0.16733822226524353,0.16929778456687927,-0.001959562301635742,0.001959562301635742,0.5789127945899963,0.024755779653787613,0.2728748321533203
2026_08_18_00_57_54_988496_L3_left_C0,L3,C0,0.0,0.0,blue,left,left,right,pick up the blue block,5,pregrasp,80,96,16,0.8,0.6808510638297872,0,8,0.3,0.7,8,0.25974321365356445,0.33809301257133484,0.25974321365356445,0.33809301257133484,-0.07834979891777039,0.07834979891777039,0.6295210123062134,0.03198641538619995,0.22446522116661072
2026_08_18_00_57_54_988496_L3_left_C0,L3,C0,0.0,0.0,blue,left,left,right,pick up the blue block,5,pregrasp,80,96,16,0.8,0.6808510638297872,1,8,0.3,0.7,8,0.2083367109298706,0.25879839062690735,0.2083367109298706,0.25879839062690735,-0.05046167969703674,0.05046167969703674,0.6295210123062134,0.03198641538619995,0.22446522116661072
2026_08_18_00_57_54_988496_L3_left_C0,L3,C0,0.0,0.0,blue,left,left,right,pick up the blue block,5,pregrasp,80,96,16,0.8,0.6808510638297872,2,8,0.3,0.7,8,0.2729012966156006,0.33941900730133057,0.2729012966156006,0.33941900730133057,-0.06651771068572998,0.06651771068572998,0.6295210123062134,0.03198641538619995,0.22446522116661072
2026_08_18_00_57_54_988496_L3_left_C0,L3,C0,0.0,0.0,blue,left,left,right,pick up the blue block,5,pregrasp,80,96,16,0.8,0.6808510638297872,3,8,0.3,0.7,8,0.329028457403183,0.3919225335121155,0.329028457403183,0.3919225335121155,-0.0628940761089325,0.0628940761089325,0.6295210123062134,0.03198641538619995,0.22446522116661072
2026_08_18_00_57_54_988496_L3_left_C0,L3,C0,0.0,0.0,blue,left,left,right,pick up the blue block,5,pregrasp,80,96,16,0.8,0.6808510638297872,4,8,0.3,0.7,8,0.21098318696022034,0.2817719280719757,0.21098318696022034,0.2817719280719757,-0.07078874111175537,0.07078874111175537,0.6295210123062134,0.03198641538619995,0.22446522116661072
2026_08_18_00_57_54_988496_L3_left_C0,L3,C0,0.0,0.0,blue,left,left,right,pick up the blue block,5,pregrasp,80,96,16,0.8,0.6808510638297872,5,8,0.3,0.7,8,0.2416367083787918,0.33310845494270325,0.2416367083787918,0.33310845494270325,-0.09147174656391144,0.09147174656391144,0.6295210123062134,0.03198641538619995,0.22446522116661072
2026_08_18_00_57_54_988496_L3_left_C0,L3,C0,0.0,0.0,blue,left,left,right,pick up the blue block,5,pregrasp,80,96,16,0.8,0.6808510638297872,6,8,0.3,0.7,8,0.19055341184139252,0.22940634191036224,0.19055341184139252,0.22940634191036224,-0.03885293006896973,0.03885293006896973,0.6295210123062134,0.03198641538619995,0.22446522116661072
2026_08_18_00_57_54_988496_L3_left_C0,L3,C0,0.0,0.0,blue,left,left,right,pick up the blue block,5,pregrasp,80,96,16,0.8,0.6808510638297872,7,8,0.3,0.7,8,0.23901237547397614,0.29804790019989014,0.23901237547397614,0.29804790019989014,-0.059035524725914,0.059035524725914,0.6295210123062134,0.03198641538619995,0.22446522116661072
2026_08_18_00_57_54_988496_L3_left_C0,L3,C0,0.0,0.0,blue,left,left,right,pick up the blue block,5,pregrasp,80,96,16,0.8,0.6808510638297872,8,8,0.3,0.7,8,0.21365249156951904,0.2769451141357422,0.21365249156951904,0.2769451141357422,-0.06329262256622314,0.06329262256622314,0.6295210123062134,0.03198641538619995,0.22446522116661072
2026_08_18_00_57_54_988496_L3_left_C0,L3,C0,0.0,0.0,blue,left,left,right,pick up the blue block,5,pregrasp,80,96,16,0.8,0.6808510638297872,9,8,0.3,0.7,8,0.16010861098766327,0.22959564626216888,0.16010861098766327,0.22959564626216888,-0.06948703527450562,0.06948703527450562,0.6295210123062134,0.03198641538619995,0.22446522116661072
2026_08_18_00_57_54_988496_L3_left_C0,L3,C0,0.0,0.0,blue,left,left,right,pick up the blue block,6,pregrasp,96,112,16,0.9333333333333333,0.7943262411347518,0,8,0.3,0.7,8,0.2575976550579071,0.2493465542793274,0.2575976550579071,0.2493465542793274,0.008251100778579712,-0.008251100778579712,0.6668782234191895,0.037552498281002045,0.18876583874225616
2026_08_18_00_57_54_988496_L3_left_C0,L3,C0,0.0,0.0,blue,left,left,right,pick up the blue block,6,pregrasp,96,112,16,0.9333333333333333,0.7943262411347518,1,8,0.3,0.7,8,0.18539774417877197,0.1666969358921051,0.18539774417877197,0.1666969358921051,0.01870080828666687,-0.01870080828666687,0.6668782234191895,0.037552498281002045,0.18876583874225616
2026_08_18_00_57_54_988496_L3_left_C0,L3,C0,0.0,0.0,blue,left,left,right,pick up the blue block,6,pregrasp,96,112,16,0.9333333333333333,0.7943262411347518,2,8,0.3,0.7,8,0.12451992928981781,0.13067097961902618,0.12451992928981781,0.13067097961902618,-0.006151050329208374,0.006151050329208374,0.6668782234191895,0.037552498281002045,0.18876583874225616
2026_08_18_00_57_54_988496_L3_left_C0,L3,C0,0.0,0.0,blue,left,left,right,pick up the blue block,6,pregrasp,96,112,16,0.9333333333333333,0.7943262411347518,3,8,0.3,0.7,8,0.2372145652770996,0.23613739013671875,0.2372145652770996,0.23613739013671875,0.0010771751403808594,-0.0010771751403808594,0.6668782234191895,0.037552498281002045,0.18876583874225616
2026_08_18_00_57_54_988496_L3_left_C0,L3,C0,0.0,0.0,blue,left,left,right,pick up the blue block,6,pregrasp,96,112,16,0.9333333333333333,0.7943262411347518,4,8,0.3,0.7,8,0.20873548090457916,0.21329304575920105,0.20873548090457916,0.21329304575920105,-0.004557564854621887,0.004557564854621887,0.6668782234191895,0.037552498281002045,0.18876583874225616
2026_08_18_00_57_54_988496_L3_left_C0,L3,C0,0.0,0.0,blue,left,left,right,pick up the blue block,6,pregrasp,96,112,16,0.9333333333333333,0.7943262411347518,5,8,0.3,0.7,8,0.14671945571899414,0.1378689855337143,0.14671945571899414,0.1378689855337143,0.008850470185279846,-0.008850470185279846,0.6668782234191895,0.037552498281002045,0.18876583874225616
2026_08_18_00_57_54_988496_L3_left_C0,L3,C0,0.0,0.0,blue,left,left,right,pick up the blue block,6,pregrasp,96,112,16,0.9333333333333333,0.7943262411347518,6,8,0.3,0.7,8,0.275899738073349,0.27672573924064636,0.275899738073349,0.27672573924064636,-0.0008260011672973633,0.0008260011672973633,0.6668782234191895,0.037552498281002045,0.18876583874225616
2026_08_18_00_57_54_988496_L3_left_C0,L3,C0,0.0,0.0,blue,left,left,right,pick up the blue block,6,pregrasp,96,112,16,0.9333333333333333,0.7943262411347518,7,8,0.3,0.7,8,0.2140483409166336,0.19467738270759583,0.2140483409166336,0.19467738270759583,0.01937095820903778,-0.01937095820903778,0.6668782234191895,0.037552498281002045,0.18876583874225616
2026_08_18_00_57_54_988496_L3_left_C0,L3,C0,0.0,0.0,blue,left,left,right,pick up the blue block,6,pregrasp,96,112,16,0.9333333333333333,0.7943262411347518,8,8,0.3,0.7,8,0.23019573092460632,0.22354133427143097,0.23019573092460632,0.22354133427143097,0.006654396653175354,-0.006654396653175354,0.6668782234191895,0.037552498281002045,0.18876583874225616
2026_08_18_00_57_54_988496_L3_left_C0,L3,C0,0.0,0.0,blue,left,left,right,pick up the blue block,6,pregrasp,96,112,16,0.9333333333333333,0.7943262411347518,9,8,0.3,0.7,8,0.30665358901023865,0.28594300150871277,0.30665358901023865,0.28594300150871277,0.02071058750152588,-0.02071058750152588,0.6668782234191895,0.037552498281002045,0.18876583874225616
2026_08_18_00_57_54_988496_L3_left_C0,L3,C0,0.0,0.0,blue,left,left,right,pick up the blue block,7,pregrasp,112,120,8,1.0,0.851063829787234,0,8,0.3,0.7,8,0.23853321373462677,0.2767666280269623,0.23853321373462677,0.2767666280269623,-0.03823341429233551,0.03823341429233551,0.667176365852356,0.037615761160850525,0.1888580471277237
2026_08_18_00_57_54_988496_L3_left_C0,L3,C0,0.0,0.0,blue,left,left,right,pick up the blue block,7,pregrasp,112,120,8,1.0,0.851063829787234,1,8,0.3,0.7,8,0.25458991527557373,0.2638794779777527,0.25458991527557373,0.2638794779777527,-0.009289562702178955,0.009289562702178955,0.667176365852356,0.037615761160850525,0.1888580471277237
2026_08_18_00_57_54_988496_L3_left_C0,L3,C0,0.0,0.0,blue,left,left,right,pick up the blue block,7,pregrasp,112,120,8,1.0,0.851063829787234,2,8,0.3,0.7,8,0.27547207474708557,0.2881658673286438,0.27547207474708557,0.2881658673286438,-0.012693792581558228,0.012693792581558228,0.667176365852356,0.037615761160850525,0.1888580471277237
2026_08_18_00_57_54_988496_L3_left_C0,L3,C0,0.0,0.0,blue,left,left,right,pick up the blue block,7,pregrasp,112,120,8,1.0,0.851063829787234,3,8,0.3,0.7,8,0.11245770007371902,0.14344343543052673,0.11245770007371902,0.14344343543052673,-0.03098573535680771,0.03098573535680771,0.667176365852356,0.037615761160850525,0.1888580471277237
2026_08_18_00_57_54_988496_L3_left_C0,L3,C0,0.0,0.0,blue,left,left,right,pick up the blue block,7,pregrasp,112,120,8,1.0,0.851063829787234,4,8,0.3,0.7,8,0.2745818793773651,0.2683039903640747,0.2745818793773651,0.2683039903640747,0.006277889013290405,-0.006277889013290405,0.667176365852356,0.037615761160850525,0.1888580471277237
2026_08_18_00_57_54_988496_L3_left_C0,L3,C0,0.0,0.0,blue,left,left,right,pick up the blue block,7,pregrasp,112,120,8,1.0,0.851063829787234,5,8,0.3,0.7,8,0.3295413851737976,0.2848772406578064,0.3295413851737976,0.2848772406578064,0.04466414451599121,-0.04466414451599121,0.667176365852356,0.037615761160850525,0.1888580471277237
2026_08_18_00_57_54_988496_L3_left_C0,L3,C0,0.0,0.0,blue,left,left,right,pick up the blue block,7,pregrasp,112,120,8,1.0,0.851063829787234,6,8,0.3,0.7,8,0.18249401450157166,0.20581908524036407,0.18249401450157166,0.20581908524036407,-0.02332507073879242,0.02332507073879242,0.667176365852356,0.037615761160850525,0.1888580471277237
2026_08_18_00_57_54_988496_L3_left_C0,L3,C0,0.0,0.0,blue,left,left,right,pick up the blue block,7,pregrasp,112,120,8,1.0,0.851063829787234,7,8,0.3,0.7,8,0.3607342839241028,0.34395673871040344,0.3607342839241028,0.34395673871040344,0.01677754521369934,-0.01677754521369934,0.667176365852356,0.037615761160850525,0.1888580471277237
2026_08_18_00_57_54_988496_L3_left_C0,L3,C0,0.0,0.0,blue,left,left,right,pick up the blue block,7,pregrasp,112,120,8,1.0,0.851063829787234,8,8,0.3,0.7,8,0.2177588790655136,0.21584495902061462,0.2177588790655136,0.21584495902061462,0.0019139200448989868,-0.0019139200448989868,0.667176365852356,0.037615761160850525,0.1888580471277237
2026_08_18_00_57_54_988496_L3_left_C0,L3,C0,0.0,0.0,blue,left,left,right,pick up the blue block,7,pregrasp,112,120,8,1.0,0.851063829787234,9,8,0.3,0.7,8,0.24825482070446014,0.2474469244480133,0.24825482070446014,0.2474469244480133,0.0008078962564468384,-0.0008078962564468384,0.667176365852356,0.037615761160850525,0.1888580471277237
2026_08_18_00_57_54_988496_L3_left_C0,L3,C0,0.0,0.0,blue,left,left,right,pick up the blue block,8,postgrasp,120,136,16,1.0,0.9645390070921985,0,8,0.3,0.7,8,0.4593864381313324,0.45977967977523804,0.4593864381313324,0.45977967977523804,-0.00039324164390563965,0.00039324164390563965,0.6676241159439087,0.03769762068986893,0.1890762895345688
2026_08_18_00_57_54_988496_L3_left_C0,L3,C0,0.0,0.0,blue,left,left,right,pick up the blue block,8,postgrasp,120,136,16,1.0,0.9645390070921985,1,8,0.3,0.7,8,0.3522379994392395,0.3719235956668854,0.3522379994392395,0.3719235956668854,-0.019685596227645874,0.019685596227645874,0.6676241159439087,0.03769762068986893,0.1890762895345688
2026_08_18_00_57_54_988496_L3_left_C0,L3,C0,0.0,0.0,blue,left,left,right,pick up the blue block,8,postgrasp,120,136,16,1.0,0.9645390070921985,2,8,0.3,0.7,8,0.30133166909217834,0.32820600271224976,0.30133166909217834,0.32820600271224976,-0.02687433362007141,0.02687433362007141,0.6676241159439087,0.03769762068986893,0.1890762895345688
2026_08_18_00_57_54_988496_L3_left_C0,L3,C0,0.0,0.0,blue,left,left,right,pick up the blue block,8,postgrasp,120,136,16,1.0,0.9645390070921985,3,8,0.3,0.7,8,0.374308705329895,0.3896257281303406,0.374308705329895,0.3896257281303406,-0.015317022800445557,0.015317022800445557,0.6676241159439087,0.03769762068986893,0.1890762895345688
2026_08_18_00_57_54_988496_L3_left_C0,L3,C0,0.0,0.0,blue,left,left,right,pick up the blue block,8,postgrasp,120,136,16,1.0,0.9645390070921985,4,8,0.3,0.7,8,0.33515506982803345,0.3191663920879364,0.33515506982803345,0.3191663920879364,0.015988677740097046,-0.015988677740097046,0.6676241159439087,0.03769762068986893,0.1890762895345688
2026_08_18_00_57_54_988496_L3_left_C0,L3,C0,0.0,0.0,blue,left,left,right,pick up the blue block,8,postgrasp,120,136,16,1.0,0.9645390070921985,5,8,0.3,0.7,8,0.389606237411499,0.37351301312446594,0.389606237411499,0.37351301312446594,0.01609322428703308,-0.01609322428703308,0.6676241159439087,0.03769762068986893,0.1890762895345688
2026_08_18_00_57_54_988496_L3_left_C0,L3,C0,0.0,0.0,blue,left,left,right,pick up the blue block,8,postgrasp,120,136,16,1.0,0.9645390070921985,6,8,0.3,0.7,8,0.3900051414966583,0.40950703620910645,0.3900051414966583,0.40950703620910645,-0.01950189471244812,0.01950189471244812,0.6676241159439087,0.03769762068986893,0.1890762895345688
2026_08_18_00_57_54_988496_L3_left_C0,L3,C0,0.0,0.0,blue,left,left,right,pick up the blue block,8,postgrasp,120,136,16,1.0,0.9645390070921985,7,8,0.3,0.7,8,0.28946375846862793,0.30865904688835144,0.28946375846862793,0.30865904688835144,-0.01919528841972351,0.01919528841972351,0.6676241159439087,0.03769762068986893,0.1890762895345688
2026_08_18_00_57_54_988496_L3_left_C0,L3,C0,0.0,0.0,blue,left,left,right,pick up the blue block,8,postgrasp,120,136,16,1.0,0.9645390070921985,8,8,0.3,0.7,8,0.436911940574646,0.4493906497955322,0.436911940574646,0.4493906497955322,-0.01247870922088623,0.01247870922088623,0.6676241159439087,0.03769762068986893,0.1890762895345688
2026_08_18_00_57_54_988496_L3_left_C0,L3,C0,0.0,0.0,blue,left,left,right,pick up the blue block,8,postgrasp,120,136,16,1.0,0.9645390070921985,9,8,0.3,0.7,8,0.3554439842700958,0.4011668562889099,0.3554439842700958,0.4011668562889099,-0.04572287201881409,0.04572287201881409,0.6676241159439087,0.03769762068986893,0.1890762895345688
2026_08_18_00_57_54_988496_L3_left_C0,L3,C0,0.0,0.0,blue,left,left,right,pick up the blue block,9,postgrasp,136,141,5,1.0,1.0,0,8,0.3,0.7,8,0.32282474637031555,0.28285112977027893,0.32282474637031555,0.28285112977027893,0.03997361660003662,-0.03997361660003662,0.6676264405250549,0.037700023502111435,0.1890757977962494
2026_08_18_00_57_54_988496_L3_left_C0,L3,C0,0.0,0.0,blue,left,left,right,pick up the blue block,9,postgrasp,136,141,5,1.0,1.0,1,8,0.3,0.7,8,0.3872726261615753,0.35215145349502563,0.3872726261615753,0.35215145349502563,0.03512117266654968,-0.03512117266654968,0.6676264405250549,0.037700023502111435,0.1890757977962494
2026_08_18_00_57_54_988496_L3_left_C0,L3,C0,0.0,0.0,blue,left,left,right,pick up the blue block,9,postgrasp,136,141,5,1.0,1.0,2,8,0.3,0.7,8,0.3302154541015625,0.29383862018585205,0.3302154541015625,0.29383862018585205,0.03637683391571045,-0.03637683391571045,0.6676264405250549,0.037700023502111435,0.1890757977962494
2026_08_18_00_57_54_988496_L3_left_C0,L3,C0,0.0,0.0,blue,left,left,right,pick up the blue block,9,postgrasp,136,141,5,1.0,1.0,3,8,0.3,0.7,8,0.35053813457489014,0.3182506859302521,0.35053813457489014,0.3182506859302521,0.03228744864463806,-0.03228744864463806,0.6676264405250549,0.037700023502111435,0.1890757977962494
2026_08_18_00_57_54_988496_L3_left_C0,L3,C0,0.0,0.0,blue,left,left,right,pick up the blue block,9,postgrasp,136,141,5,1.0,1.0,4,8,0.3,0.7,8,0.33529430627822876,0.34149879217147827,0.33529430627822876,0.34149879217147827,-0.006204485893249512,0.006204485893249512,0.6676264405250549,0.037700023502111435,0.1890757977962494
2026_08_18_00_57_54_988496_L3_left_C0,L3,C0,0.0,0.0,blue,left,left,right,pick up the blue block,9,postgrasp,136,141,5,1.0,1.0,5,8,0.3,0.7,8,0.29886594414711,0.3104180693626404,0.29886594414711,0.3104180693626404,-0.011552125215530396,0.011552125215530396,0.6676264405250549,0.037700023502111435,0.1890757977962494
2026_08_18_00_57_54_988496_L3_left_C0,L3,C0,0.0,0.0,blue,left,left,right,pick up the blue block,9,postgrasp,136,141,5,1.0,1.0,6,8,0.3,0.7,8,0.35703226923942566,0.34465280175209045,0.35703226923942566,0.34465280175209045,0.012379467487335205,-0.012379467487335205,0.6676264405250549,0.037700023502111435,0.1890757977962494
2026_08_18_00_57_54_988496_L3_left_C0,L3,C0,0.0,0.0,blue,left,left,right,pick up the blue block,9,postgrasp,136,141,5,1.0,1.0,7,8,0.3,0.7,8,0.30603599548339844,0.2691252529621124,0.30603599548339844,0.2691252529621124,0.03691074252128601,-0.03691074252128601,0.6676264405250549,0.037700023502111435,0.1890757977962494
2026_08_18_00_57_54_988496_L3_left_C0,L3,C0,0.0,0.0,blue,left,left,right,pick up the blue block,9,postgrasp,136,141,5,1.0,1.0,8,8,0.3,0.7,8,0.2945230007171631,0.26905035972595215,0.2945230007171631,0.26905035972595215,0.025472640991210938,-0.025472640991210938,0.6676264405250549,0.037700023502111435,0.1890757977962494
2026_08_18_00_57_54_988496_L3_left_C0,L3,C0,0.0,0.0,blue,left,left,right,pick up the blue block,9,postgrasp,136,141,5,1.0,1.0,9,8,0.3,0.7,8,0.2979249358177185,0.26661407947540283,0.2979249358177185,0.26661407947540283,0.031310856342315674,-0.031310856342315674,0.6676264405250549,0.037700023502111435,0.1890757977962494
2026_08_18_00_58_22_709133_L3_left_C1,L3,C1,2.0,0.1694548757406934,blue,left,left,right,pick up the blue block,0,pregrasp,0,16,16,0.12121212121212122,0.10457516339869281,0,8,0.3,0.7,8,0.2755209803581238,0.34312063455581665,0.2755209803581238,0.34312063455581665,-0.06759965419769287,0.06759965419769287,0.37323108315467834,0.023803919553756714,0.4786551594734192
2026_08_18_00_58_22_709133_L3_left_C1,L3,C1,2.0,0.1694548757406934,blue,left,left,right,pick up the blue block,0,pregrasp,0,16,16,0.12121212121212122,0.10457516339869281,1,8,0.3,0.7,8,0.3086526393890381,0.3468996286392212,0.3086526393890381,0.3468996286392212,-0.038246989250183105,0.038246989250183105,0.37323108315467834,0.023803919553756714,0.4786551594734192
2026_08_18_00_58_22_709133_L3_left_C1,L3,C1,2.0,0.1694548757406934,blue,left,left,right,pick up the blue block,0,pregrasp,0,16,16,0.12121212121212122,0.10457516339869281,2,8,0.3,0.7,8,0.33841049671173096,0.3518695533275604,0.33841049671173096,0.3518695533275604,-0.013459056615829468,0.013459056615829468,0.37323108315467834,0.023803919553756714,0.4786551594734192
2026_08_18_00_58_22_709133_L3_left_C1,L3,C1,2.0,0.1694548757406934,blue,left,left,right,pick up the blue block,0,pregrasp,0,16,16,0.12121212121212122,0.10457516339869281,3,8,0.3,0.7,8,0.3110889494419098,0.3635472059249878,0.3110889494419098,0.3635472059249878,-0.052458256483078,0.052458256483078,0.37323108315467834,0.023803919553756714,0.4786551594734192
2026_08_18_00_58_22_709133_L3_left_C1,L3,C1,2.0,0.1694548757406934,blue,left,left,right,pick up the blue block,0,pregrasp,0,16,16,0.12121212121212122,0.10457516339869281,4,8,0.3,0.7,8,0.2205190658569336,0.26342177391052246,0.2205190658569336,0.26342177391052246,-0.04290270805358887,0.04290270805358887,0.37323108315467834,0.023803919553756714,0.4786551594734192
2026_08_18_00_58_22_709133_L3_left_C1,L3,C1,2.0,0.1694548757406934,blue,left,left,right,pick up the blue block,0,pregrasp,0,16,16,0.12121212121212122,0.10457516339869281,5,8,0.3,0.7,8,0.23582138121128082,0.32304835319519043,0.23582138121128082,0.32304835319519043,-0.0872269719839096,0.0872269719839096,0.37323108315467834,0.023803919553756714,0.4786551594734192
2026_08_18_00_58_22_709133_L3_left_C1,L3,C1,2.0,0.1694548757406934,blue,left,left,right,pick up the blue block,0,pregrasp,0,16,16,0.12121212121212122,0.10457516339869281,6,8,0.3,0.7,8,0.2294207662343979,0.30158910155296326,0.2294207662343979,0.30158910155296326,-0.07216833531856537,0.07216833531856537,0.37323108315467834,0.023803919553756714,0.4786551594734192
2026_08_18_00_58_22_709133_L3_left_C1,L3,C1,2.0,0.1694548757406934,blue,left,left,right,pick up the blue block,0,pregrasp,0,16,16,0.12121212121212122,0.10457516339869281,7,8,0.3,0.7,8,0.28143757581710815,0.2767636477947235,0.28143757581710815,0.2767636477947235,0.0046739280223846436,-0.0046739280223846436,0.37323108315467834,0.023803919553756714,0.4786551594734192
2026_08_18_00_58_22_709133_L3_left_C1,L3,C1,2.0,0.1694548757406934,blue,left,left,right,pick up the blue block,0,pregrasp,0,16,16,0.12121212121212122,0.10457516339869281,8,8,0.3,0.7,8,0.27864885330200195,0.30968889594078064,0.27864885330200195,0.30968889594078064,-0.031040042638778687,0.031040042638778687,0.37323108315467834,0.023803919553756714,0.4786551594734192
2026_08_18_00_58_22_709133_L3_left_C1,L3,C1,2.0,0.1694548757406934,blue,left,left,right,pick up the blue block,0,pregrasp,0,16,16,0.12121212121212122,0.10457516339869281,9,8,0.3,0.7,8,0.285159170627594,0.31551703810691833,0.285159170627594,0.31551703810691833,-0.03035786747932434,0.03035786747932434,0.37323108315467834,0.023803919553756714,0.4786551594734192
2026_08_18_00_58_22_709133_L3_left_C1,L3,C1,2.0,0.1694548757406934,blue,left,left,right,pick up the blue block,1,pregrasp,16,32,16,0.24242424242424243,0.20915032679738563,0,8,0.3,0.7,8,0.3881849944591522,0.28821662068367004,0.3881849944591522,0.28821662068367004,0.09996837377548218,-0.09996837377548218,0.40377557277679443,0.07062588632106781,0.4392050802707672
2026_08_18_00_58_22_709133_L3_left_C1,L3,C1,2.0,0.1694548757406934,blue,left,left,right,pick up the blue block,1,pregrasp,16,32,16,0.24242424242424243,0.20915032679738563,1,8,0.3,0.7,8,0.3387538194656372,0.2299845963716507,0.3387538194656372,0.2299845963716507,0.10876922309398651,-0.10876922309398651,0.40377557277679443,0.07062588632106781,0.4392050802707672
2026_08_18_00_58_22_709133_L3_left_C1,L3,C1,2.0,0.1694548757406934,blue,left,left,right,pick up the blue block,1,pregrasp,16,32,16,0.24242424242424243,0.20915032679738563,2,8,0.3,0.7,8,0.3277149498462677,0.24397721886634827,0.3277149498462677,0.24397721886634827,0.08373773097991943,-0.08373773097991943,0.40377557277679443,0.07062588632106781,0.4392050802707672
2026_08_18_00_58_22_709133_L3_left_C1,L3,C1,2.0,0.1694548757406934,blue,left,left,right,pick up the blue block,1,pregrasp,16,32,16,0.24242424242424243,0.20915032679738563,3,8,0.3,0.7,8,0.3460179567337036,0.24560749530792236,0.3460179567337036,0.24560749530792236,0.10041046142578125,-0.10041046142578125,0.40377557277679443,0.07062588632106781,0.4392050802707672
2026_08_18_00_58_22_709133_L3_left_C1,L3,C1,2.0,0.1694548757406934,blue,left,left,right,pick up the blue block,1,pregrasp,16,32,16,0.24242424242424243,0.20915032679738563,4,8,0.3,0.7,8,0.30213382840156555,0.20199376344680786,0.30213382840156555,0.20199376344680786,0.10014006495475769,-0.10014006495475769,0.40377557277679443,0.07062588632106781,0.4392050802707672
2026_08_18_00_58_22_709133_L3_left_C1,L3,C1,2.0,0.1694548757406934,blue,left,left,right,pick up the blue block,1,pregrasp,16,32,16,0.24242424242424243,0.20915032679738563,5,8,0.3,0.7,8,0.3523710370063782,0.2231685370206833,0.3523710370063782,0.2231685370206833,0.12920249998569489,-0.12920249998569489,0.40377557277679443,0.07062588632106781,0.4392050802707672
2026_08_18_00_58_22_709133_L3_left_C1,L3,C1,2.0,0.1694548757406934,blue,left,left,right,pick up the blue block,1,pregrasp,16,32,16,0.24242424242424243,0.20915032679738563,6,8,0.3,0.7,8,0.2993825078010559,0.20218032598495483,0.2993825078010559,0.20218032598495483,0.09720218181610107,-0.09720218181610107,0.40377557277679443,0.07062588632106781,0.4392050802707672
2026_08_18_00_58_22_709133_L3_left_C1,L3,C1,2.0,0.1694548757406934,blue,left,left,right,pick up the blue block,1,pregrasp,16,32,16,0.24242424242424243,0.20915032679738563,7,8,0.3,0.7,8,0.31339460611343384,0.18887528777122498,0.31339460611343384,0.18887528777122498,0.12451931834220886,-0.12451931834220886,0.40377557277679443,0.07062588632106781,0.4392050802707672
2026_08_18_00_58_22_709133_L3_left_C1,L3,C1,2.0,0.1694548757406934,blue,left,left,right,pick up the blue block,1,pregrasp,16,32,16,0.24242424242424243,0.20915032679738563,8,8,0.3,0.7,8,0.24632784724235535,0.15153487026691437,0.24632784724235535,0.15153487026691437,0.09479297697544098,-0.09479297697544098,0.40377557277679443,0.07062588632106781,0.4392050802707672
2026_08_18_00_58_22_709133_L3_left_C1,L3,C1,2.0,0.1694548757406934,blue,left,left,right,pick up the blue block,1,pregrasp,16,32,16,0.24242424242424243,0.20915032679738563,9,8,0.3,0.7,8,0.28365349769592285,0.17438730597496033,0.28365349769592285,0.17438730597496033,0.10926619172096252,-0.10926619172096252,0.40377557277679443,0.07062588632106781,0.4392050802707672
2026_08_18_00_58_22_709133_L3_left_C1,L3,C1,2.0,0.1694548757406934,blue,left,left,right,pick up the blue block,2,pregrasp,32,48,16,0.36363636363636365,0.3137254901960784,0,8,0.3,0.7,8,0.36995357275009155,0.2630328834056854,0.36995357275009155,0.2630328834056854,0.10692068934440613,-0.10692068934440613,0.4493003487586975,0.1003812924027443,0.3959478437900543
2026_08_18_00_58_22_709133_L3_left_C1,L3,C1,2.0,0.1694548757406934,blue,left,left,right,pick up the blue block,2,pregrasp,32,48,16,0.36363636363636365,0.3137254901960784,1,8,0.3,0.7,8,0.22219641506671906,0.14924615621566772,0.22219641506671906,0.14924615621566772,0.07295025885105133,-0.07295025885105133,0.4493003487586975,0.1003812924027443,0.3959478437900543
2026_08_18_00_58_22_709133_L3_left_C1,L3,C1,2.0,0.1694548757406934,blue,left,left,right,pick up the blue block,2,pregrasp,32,48,16,0.36363636363636365,0.3137254901960784,2,8,0.3,0.7,8,0.3488326072692871,0.22103607654571533,0.3488326072692871,0.22103607654571533,0.12779653072357178,-0.12779653072357178,0.4493003487586975,0.1003812924027443,0.3959478437900543
2026_08_18_00_58_22_709133_L3_left_C1,L3,C1,2.0,0.1694548757406934,blue,left,left,right,pick up the blue block,2,pregrasp,32,48,16,0.36363636363636365,0.3137254901960784,3,8,0.3,0.7,8,0.29711484909057617,0.19264203310012817,0.29711484909057617,0.19264203310012817,0.104472815990448,-0.104472815990448,0.4493003487586975,0.1003812924027443,0.3959478437900543
2026_08_18_00_58_22_709133_L3_left_C1,L3,C1,2.0,0.1694548757406934,blue,left,left,right,pick up the blue block,2,pregrasp,32,48,16,0.36363636363636365,0.3137254901960784,4,8,0.3,0.7,8,0.4271644353866577,0.3104824423789978,0.4271644353866577,0.3104824423789978,0.11668199300765991,-0.11668199300765991,0.4493003487586975,0.1003812924027443,0.3959478437900543
2026_08_18_00_58_22_709133_L3_left_C1,L3,C1,2.0,0.1694548757406934,blue,left,left,right,pick up the blue block,2,pregrasp,32,48,16,0.36363636363636365,0.3137254901960784,5,8,0.3,0.7,8,0.3730570077896118,0.25304824113845825,0.3730570077896118,0.25304824113845825,0.12000876665115356,-0.12000876665115356,0.4493003487586975,0.1003812924027443,0.3959478437900543
2026_08_18_00_58_22_709133_L3_left_C1,L3,C1,2.0,0.1694548757406934,blue,left,left,right,pick up the blue block,2,pregrasp,32,48,16,0.36363636363636365,0.3137254901960784,6,8,0.3,0.7,8,0.32444101572036743,0.2131984382867813,0.32444101572036743,0.2131984382867813,0.11124257743358612,-0.11124257743358612,0.4493003487586975,0.1003812924027443,0.3959478437900543
2026_08_18_00_58_22_709133_L3_left_C1,L3,C1,2.0,0.1694548757406934,blue,left,left,right,pick up the blue block,2,pregrasp,32,48,16,0.36363636363636365,0.3137254901960784,7,8,0.3,0.7,8,0.2942085266113281,0.20790746808052063,0.2942085266113281,0.20790746808052063,0.0863010585308075,-0.0863010585308075,0.4493003487586975,0.1003812924027443,0.3959478437900543
2026_08_18_00_58_22_709133_L3_left_C1,L3,C1,2.0,0.1694548757406934,blue,left,left,right,pick up the blue block,2,pregrasp,32,48,16,0.36363636363636365,0.3137254901960784,8,8,0.3,0.7,8,0.3322085738182068,0.2145908623933792,0.3322085738182068,0.2145908623933792,0.11761771142482758,-0.11761771142482758,0.4493003487586975,0.1003812924027443,0.3959478437900543
2026_08_18_00_58_22_709133_L3_left_C1,L3,C1,2.0,0.1694548757406934,blue,left,left,right,pick up the blue block,2,pregrasp,32,48,16,0.36363636363636365,0.3137254901960784,9,8,0.3,0.7,8,0.32323917746543884,0.2166711390018463,0.32323917746543884,0.2166711390018463,0.10656803846359253,-0.10656803846359253,0.4493003487586975,0.1003812924027443,0.3959478437900543
2026_08_18_00_58_22_709133_L3_left_C1,L3,C1,2.0,0.1694548757406934,blue,left,left,right,pick up the blue block,3,pregrasp,48,64,16,0.48484848484848486,0.41830065359477125,0,8,0.3,0.7,8,0.34821534156799316,0.2616319954395294,0.34821534156799316,0.2616319954395294,0.08658334612846375,-0.08658334612846375,0.49866601824760437,0.1111568808555603,0.34825438261032104
2026_08_18_00_58_22_709133_L3_left_C1,L3,C1,2.0,0.1694548757406934,blue,left,left,right,pick up the blue block,3,pregrasp,48,64,16,0.48484848484848486,0.41830065359477125,1,8,0.3,0.7,8,0.32354632019996643,0.26822933554649353,0.32354632019996643,0.26822933554649353,0.0553169846534729,-0.0553169846534729,0.49866601824760437,0.1111568808555603,0.34825438261032104
2026_08_18_00_58_22_709133_L3_left_C1,L3,C1,2.0,0.1694548757406934,blue,left,left,right,pick up the blue block,3,pregrasp,48,64,16,0.48484848484848486,0.41830065359477125,2,8,0.3,0.7,8,0.26347148418426514,0.22868512570858002,0.26347148418426514,0.22868512570858002,0.03478635847568512,-0.03478635847568512,0.49866601824760437,0.1111568808555603,0.34825438261032104
2026_08_18_00_58_22_709133_L3_left_C1,L3,C1,2.0,0.1694548757406934,blue,left,left,right,pick up the blue block,3,pregrasp,48,64,16,0.48484848484848486,0.41830065359477125,3,8,0.3,0.7,8,0.2768537998199463,0.25129079818725586,0.2768537998199463,0.25129079818725586,0.02556300163269043,-0.02556300163269043,0.49866601824760437,0.1111568808555603,0.34825438261032104
2026_08_18_00_58_22_709133_L3_left_C1,L3,C1,2.0,0.1694548757406934,blue,left,left,right,pick up the blue block,3,pregrasp,48,64,16,0.48484848484848486,0.41830065359477125,4,8,0.3,0.7,8,0.28069007396698,0.2161714881658554,0.28069007396698,0.2161714881658554,0.06451858580112457,-0.06451858580112457,0.49866601824760437,0.1111568808555603,0.34825438261032104
2026_08_18_00_58_22_709133_L3_left_C1,L3,C1,2.0,0.1694548757406934,blue,left,left,right,pick up the blue block,3,pregrasp,48,64,16,0.48484848484848486,0.41830065359477125,5,8,0.3,0.7,8,0.16332724690437317,0.1629663109779358,0.16332724690437317,0.1629663109779358,0.00036093592643737793,-0.00036093592643737793,0.49866601824760437,0.1111568808555603,0.34825438261032104
2026_08_18_00_58_22_709133_L3_left_C1,L3,C1,2.0,0.1694548757406934,blue,left,left,right,pick up the blue block,3,pregrasp,48,64,16,0.48484848484848486,0.41830065359477125,6,8,0.3,0.7,8,0.34185558557510376,0.2789916396141052,0.34185558557510376,0.2789916396141052,0.06286394596099854,-0.06286394596099854,0.49866601824760437,0.1111568808555603,0.34825438261032104
2026_08_18_00_58_22_709133_L3_left_C1,L3,C1,2.0,0.1694548757406934,blue,left,left,right,pick up the blue block,3,pregrasp,48,64,16,0.48484848484848486,0.41830065359477125,7,8,0.3,0.7,8,0.34497180581092834,0.3133336007595062,0.34497180581092834,0.3133336007595062,0.03163820505142212,-0.03163820505142212,0.49866601824760437,0.1111568808555603,0.34825438261032104
2026_08_18_00_58_22_709133_L3_left_C1,L3,C1,2.0,0.1694548757406934,blue,left,left,right,pick up the blue block,3,pregrasp,48,64,16,0.48484848484848486,0.41830065359477125,8,8,0.3,0.7,8,0.31390708684921265,0.26307106018066406,0.31390708684921265,0.26307106018066406,0.050836026668548584,-0.050836026668548584,0.49866601824760437,0.1111568808555603,0.34825438261032104
2026_08_18_00_58_22_709133_L3_left_C1,L3,C1,2.0,0.1694548757406934,blue,left,left,right,pick up the blue block,3,pregrasp,48,64,16,0.48484848484848486,0.41830065359477125,9,8,0.3,0.7,8,0.24810458719730377,0.21149343252182007,0.24810458719730377,0.21149343252182007,0.036611154675483704,-0.036611154675483704,0.49866601824760437,0.1111568808555603,0.34825438261032104
2026_08_18_00_58_22_709133_L3_left_C1,L3,C1,2.0,0.1694548757406934,blue,left,left,right,pick up the blue block,4,pregrasp,64,80,16,0.6060606060606061,0.5228758169934641,0,8,0.3,0.7,8,0.2757939100265503,0.2441735863685608,0.2757939100265503,0.2441735863685608,0.0316203236579895,-0.0316203236579895,0.548133909702301,0.10374394059181213,0.30093488097190857
2026_08_18_00_58_22_709133_L3_left_C1,L3,C1,2.0,0.1694548757406934,blue,left,left,right,pick up the blue block,4,pregrasp,64,80,16,0.6060606060606061,0.5228758169934641,1,8,0.3,0.7,8,0.3946457803249359,0.37493205070495605,0.3946457803249359,0.37493205070495605,0.01971372961997986,-0.01971372961997986,0.548133909702301,0.10374394059181213,0.30093488097190857
2026_08_18_00_58_22_709133_L3_left_C1,L3,C1,2.0,0.1694548757406934,blue,left,left,right,pick up the blue block,4,pregrasp,64,80,16,0.6060606060606061,0.5228758169934641,2,8,0.3,0.7,8,0.27945515513420105,0.2469760626554489,0.27945515513420105,0.2469760626554489,0.032479092478752136,-0.032479092478752136,0.548133909702301,0.10374394059181213,0.30093488097190857
2026_08_18_00_58_22_709133_L3_left_C1,L3,C1,2.0,0.1694548757406934,blue,left,left,right,pick up the blue block,4,pregrasp,64,80,16,0.6060606060606061,0.5228758169934641,3,8,0.3,0.7,8,0.26614677906036377,0.24971328675746918,0.26614677906036377,0.24971328675746918,0.016433492302894592,-0.016433492302894592,0.548133909702301,0.10374394059181213,0.30093488097190857
2026_08_18_00_58_22_709133_L3_left_C1,L3,C1,2.0,0.1694548757406934,blue,left,left,right,pick up the blue block,4,pregrasp,64,80,16,0.6060606060606061,0.5228758169934641,4,8,0.3,0.7,8,0.22186845541000366,0.19513970613479614,0.22186845541000366,0.19513970613479614,0.02672874927520752,-0.02672874927520752,0.548133909702301,0.10374394059181213,0.30093488097190857
2026_08_18_00_58_22_709133_L3_left_C1,L3,C1,2.0,0.1694548757406934,blue,left,left,right,pick up the blue block,4,pregrasp,64,80,16,0.6060606060606061,0.5228758169934641,5,8,0.3,0.7,8,0.2960381805896759,0.26244935393333435,0.2960381805896759,0.26244935393333435,0.03358882665634155,-0.03358882665634155,0.548133909702301,0.10374394059181213,0.30093488097190857
2026_08_18_00_58_22_709133_L3_left_C1,L3,C1,2.0,0.1694548757406934,blue,left,left,right,pick up the blue block,4,pregrasp,64,80,16,0.6060606060606061,0.5228758169934641,6,8,0.3,0.7,8,0.31355851888656616,0.2768494486808777,0.31355851888656616,0.2768494486808777,0.03670907020568848,-0.03670907020568848,0.548133909702301,0.10374394059181213,0.30093488097190857
2026_08_18_00_58_22_709133_L3_left_C1,L3,C1,2.0,0.1694548757406934,blue,left,left,right,pick up the blue block,4,pregrasp,64,80,16,0.6060606060606061,0.5228758169934641,7,8,0.3,0.7,8,0.24461346864700317,0.22807654738426208,0.24461346864700317,0.22807654738426208,0.01653692126274109,-0.01653692126274109,0.548133909702301,0.10374394059181213,0.30093488097190857
2026_08_18_00_58_22_709133_L3_left_C1,L3,C1,2.0,0.1694548757406934,blue,left,left,right,pick up the blue block,4,pregrasp,64,80,16,0.6060606060606061,0.5228758169934641,8,8,0.3,0.7,8,0.39698371291160583,0.3728363513946533,0.39698371291160583,0.3728363513946533,0.024147361516952515,-0.024147361516952515,0.548133909702301,0.10374394059181213,0.30093488097190857
2026_08_18_00_58_22_709133_L3_left_C1,L3,C1,2.0,0.1694548757406934,blue,left,left,right,pick up the blue block,4,pregrasp,64,80,16,0.6060606060606061,0.5228758169934641,9,8,0.3,0.7,8,0.17630283534526825,0.14432531595230103,0.17630283534526825,0.14432531595230103,0.031977519392967224,-0.031977519392967224,0.548133909702301,0.10374394059181213,0.30093488097190857
2026_08_18_00_58_22_709133_L3_left_C1,L3,C1,2.0,0.1694548757406934,blue,left,left,right,pick up the blue block,5,pregrasp,80,96,16,0.7272727272727273,0.6274509803921569,0,8,0.3,0.7,8,0.3107282817363739,0.280731201171875,0.3107282817363739,0.280731201171875,0.0299970805644989,-0.0299970805644989,0.5968729853630066,0.08423995971679688,0.25505802035331726
2026_08_18_00_58_22_709133_L3_left_C1,L3,C1,2.0,0.1694548757406934,blue,left,left,right,pick up the blue block,5,pregrasp,80,96,16,0.7272727272727273,0.6274509803921569,1,8,0.3,0.7,8,0.29112905263900757,0.24074247479438782,0.29112905263900757,0.24074247479438782,0.05038657784461975,-0.05038657784461975,0.5968729853630066,0.08423995971679688,0.25505802035331726
2026_08_18_00_58_22_709133_L3_left_C1,L3,C1,2.0,0.1694548757406934,blue,left,left,right,pick up the blue block,5,pregrasp,80,96,16,0.7272727272727273,0.6274509803921569,2,8,0.3,0.7,8,0.3018245995044708,0.2666439116001129,0.3018245995044708,0.2666439116001129,0.03518068790435791,-0.03518068790435791,0.5968729853630066,0.08423995971679688,0.25505802035331726
2026_08_18_00_58_22_709133_L3_left_C1,L3,C1,2.0,0.1694548757406934,blue,left,left,right,pick up the blue block,5,pregrasp,80,96,16,0.7272727272727273,0.6274509803921569,3,8,0.3,0.7,8,0.19138994812965393,0.15272356569766998,0.19138994812965393,0.15272356569766998,0.03866638243198395,-0.03866638243198395,0.5968729853630066,0.08423995971679688,0.25505802035331726
2026_08_18_00_58_22_709133_L3_left_C1,L3,C1,2.0,0.1694548757406934,blue,left,left,right,pick up the blue block,5,pregrasp,80,96,16,0.7272727272727273,0.6274509803921569,4,8,0.3,0.7,8,0.2368103265762329,0.19870886206626892,0.2368103265762329,0.19870886206626892,0.03810146450996399,-0.03810146450996399,0.5968729853630066,0.08423995971679688,0.25505802035331726
2026_08_18_00_58_22_709133_L3_left_C1,L3,C1,2.0,0.1694548757406934,blue,left,left,right,pick up the blue block,5,pregrasp,80,96,16,0.7272727272727273,0.6274509803921569,5,8,0.3,0.7,8,0.25834640860557556,0.2165067493915558,0.25834640860557556,0.2165067493915558,0.041839659214019775,-0.041839659214019775,0.5968729853630066,0.08423995971679688,0.25505802035331726
2026_08_18_00_58_22_709133_L3_left_C1,L3,C1,2.0,0.1694548757406934,blue,left,left,right,pick up the blue block,5,pregrasp,80,96,16,0.7272727272727273,0.6274509803921569,6,8,0.3,0.7,8,0.2659740447998047,0.21988260746002197,0.2659740447998047,0.21988260746002197,0.046091437339782715,-0.046091437339782715,0.5968729853630066,0.08423995971679688,0.25505802035331726
2026_08_18_00_58_22_709133_L3_left_C1,L3,C1,2.0,0.1694548757406934,blue,left,left,right,pick up the blue block,5,pregrasp,80,96,16,0.7272727272727273,0.6274509803921569,7,8,0.3,0.7,8,0.3753800094127655,0.32586878538131714,0.3753800094127655,0.32586878538131714,0.049511224031448364,-0.049511224031448364,0.5968729853630066,0.08423995971679688,0.25505802035331726
2026_08_18_00_58_22_709133_L3_left_C1,L3,C1,2.0,0.1694548757406934,blue,left,left,right,pick up the blue block,5,pregrasp,80,96,16,0.7272727272727273,0.6274509803921569,8,8,0.3,0.7,8,0.3060395419597626,0.2682156562805176,0.3060395419597626,0.2682156562805176,0.037823885679244995,-0.037823885679244995,0.5968729853630066,0.08423995971679688,0.25505802035331726
2026_08_18_00_58_22_709133_L3_left_C1,L3,C1,2.0,0.1694548757406934,blue,left,left,right,pick up the blue block,5,pregrasp,80,96,16,0.7272727272727273,0.6274509803921569,9,8,0.3,0.7,8,0.3155970871448517,0.2708759009838104,0.3155970871448517,0.2708759009838104,0.04472118616104126,-0.04472118616104126,0.5968729853630066,0.08423995971679688,0.25505802035331726
2026_08_18_00_58_22_709133_L3_left_C1,L3,C1,2.0,0.1694548757406934,blue,left,left,right,pick up the blue block,6,pregrasp,96,112,16,0.8484848484848485,0.7320261437908496,0,8,0.3,0.7,8,0.12408355623483658,0.1438538134098053,0.12408355623483658,0.1438538134098053,-0.01977025717496872,0.01977025717496872,0.6441009640693665,0.057582177221775055,0.2106054425239563
2026_08_18_00_58_22_709133_L3_left_C1,L3,C1,2.0,0.1694548757406934,blue,left,left,right,pick up the blue block,6,pregrasp,96,112,16,0.8484848484848485,0.7320261437908496,1,8,0.3,0.7,8,0.2147873342037201,0.2489755004644394,0.2147873342037201,0.2489755004644394,-0.0341881662607193,0.0341881662607193,0.6441009640693665,0.057582177221775055,0.2106054425239563
2026_08_18_00_58_22_709133_L3_left_C1,L3,C1,2.0,0.1694548757406934,blue,left,left,right,pick up the blue block,6,pregrasp,96,112,16,0.8484848484848485,0.7320261437908496,2,8,0.3,0.7,8,0.14976699650287628,0.17850813269615173,0.14976699650287628,0.17850813269615173,-0.02874113619327545,0.02874113619327545,0.6441009640693665,0.057582177221775055,0.2106054425239563
2026_08_18_00_58_22_709133_L3_left_C1,L3,C1,2.0,0.1694548757406934,blue,left,left,right,pick up the blue block,6,pregrasp,96,112,16,0.8484848484848485,0.7320261437908496,3,8,0.3,0.7,8,0.19762277603149414,0.21960018575191498,0.19762277603149414,0.21960018575191498,-0.021977409720420837,0.021977409720420837,0.6441009640693665,0.057582177221775055,0.2106054425239563
2026_08_18_00_58_22_709133_L3_left_C1,L3,C1,2.0,0.1694548757406934,blue,left,left,right,pick up the blue block,6,pregrasp,96,112,16,0.8484848484848485,0.7320261437908496,4,8,0.3,0.7,8,0.2993658483028412,0.34041261672973633,0.2993658483028412,0.34041261672973633,-0.04104676842689514,0.04104676842689514,0.6441009640693665,0.057582177221775055,0.2106054425239563
2026_08_18_00_58_22_709133_L3_left_C1,L3,C1,2.0,0.1694548757406934,blue,left,left,right,pick up the blue block,6,pregrasp,96,112,16,0.8484848484848485,0.7320261437908496,5,8,0.3,0.7,8,0.3005650043487549,0.3399631381034851,0.3005650043487549,0.3399631381034851,-0.039398133754730225,0.039398133754730225,0.6441009640693665,0.057582177221775055,0.2106054425239563
2026_08_18_00_58_22_709133_L3_left_C1,L3,C1,2.0,0.1694548757406934,blue,left,left,right,pick up the blue block,6,pregrasp,96,112,16,0.8484848484848485,0.7320261437908496,6,8,0.3,0.7,8,0.19053512811660767,0.21353062987327576,0.19053512811660767,0.21353062987327576,-0.02299550175666809,0.02299550175666809,0.6441009640693665,0.057582177221775055,0.2106054425239563
2026_08_18_00_58_22_709133_L3_left_C1,L3,C1,2.0,0.1694548757406934,blue,left,left,right,pick up the blue block,6,pregrasp,96,112,16,0.8484848484848485,0.7320261437908496,7,8,0.3,0.7,8,0.27989915013313293,0.3133811950683594,0.27989915013313293,0.3133811950683594,-0.03348204493522644,0.03348204493522644,0.6441009640693665,0.057582177221775055,0.2106054425239563
2026_08_18_00_58_22_709133_L3_left_C1,L3,C1,2.0,0.1694548757406934,blue,left,left,right,pick up the blue block,6,pregrasp,96,112,16,0.8484848484848485,0.7320261437908496,8,8,0.3,0.7,8,0.20349732041358948,0.22891166806221008,0.20349732041358948,0.22891166806221008,-0.025414347648620605,0.025414347648620605,0.6441009640693665,0.057582177221775055,0.2106054425239563
2026_08_18_00_58_22_709133_L3_left_C1,L3,C1,2.0,0.1694548757406934,blue,left,left,right,pick up the blue block,6,pregrasp,96,112,16,0.8484848484848485,0.7320261437908496,9,8,0.3,0.7,8,0.2611943185329437,0.29960334300994873,0.2611943185329437,0.29960334300994873,-0.038409024477005005,0.038409024477005005,0.6441009640693665,0.057582177221775055,0.2106054425239563
2026_08_18_00_58_22_709133_L3_left_C1,L3,C1,2.0,0.1694548757406934,blue,left,left,right,pick up the blue block,7,pregrasp,112,128,16,0.9696969696969697,0.8366013071895425,0,8,0.3,0.7,8,0.28704965114593506,0.3136991560459137,0.28704965114593506,0.3136991560459137,-0.026649504899978638,0.026649504899978638,0.6667441725730896,0.04563955217599869,0.1891476958990097
2026_08_18_00_58_22_709133_L3_left_C1,L3,C1,2.0,0.1694548757406934,blue,left,left,right,pick up the blue block,7,pregrasp,112,128,16,0.9696969696969697,0.8366013071895425,1,8,0.3,0.7,8,0.22102975845336914,0.2518395185470581,0.22102975845336914,0.2518395185470581,-0.030809760093688965,0.030809760093688965,0.6667441725730896,0.04563955217599869,0.1891476958990097
2026_08_18_00_58_22_709133_L3_left_C1,L3,C1,2.0,0.1694548757406934,blue,left,left,right,pick up the blue block,7,pregrasp,112,128,16,0.9696969696969697,0.8366013071895425,2,8,0.3,0.7,8,0.253312349319458,0.2742733359336853,0.253312349319458,0.2742733359336853,-0.020960986614227295,0.020960986614227295,0.6667441725730896,0.04563955217599869,0.1891476958990097
2026_08_18_00_58_22_709133_L3_left_C1,L3,C1,2.0,0.1694548757406934,blue,left,left,right,pick up the blue block,7,pregrasp,112,128,16,0.9696969696969697,0.8366013071895425,3,8,0.3,0.7,8,0.383804589509964,0.3850799798965454,0.383804589509964,0.3850799798965454,-0.001275390386581421,0.001275390386581421,0.6667441725730896,0.04563955217599869,0.1891476958990097
2026_08_18_00_58_22_709133_L3_left_C1,L3,C1,2.0,0.1694548757406934,blue,left,left,right,pick up the blue block,7,pregrasp,112,128,16,0.9696969696969697,0.8366013071895425,4,8,0.3,0.7,8,0.3591157793998718,0.3588011860847473,0.3591157793998718,0.3588011860847473,0.0003145933151245117,-0.0003145933151245117,0.6667441725730896,0.04563955217599869,0.1891476958990097
2026_08_18_00_58_22_709133_L3_left_C1,L3,C1,2.0,0.1694548757406934,blue,left,left,right,pick up the blue block,7,pregrasp,112,128,16,0.9696969696969697,0.8366013071895425,5,8,0.3,0.7,8,0.2157597541809082,0.2694089114665985,0.2157597541809082,0.2694089114665985,-0.05364915728569031,0.05364915728569031,0.6667441725730896,0.04563955217599869,0.1891476958990097
2026_08_18_00_58_22_709133_L3_left_C1,L3,C1,2.0,0.1694548757406934,blue,left,left,right,pick up the blue block,7,pregrasp,112,128,16,0.9696969696969697,0.8366013071895425,6,8,0.3,0.7,8,0.2840861678123474,0.30431094765663147,0.2840861678123474,0.30431094765663147,-0.020224779844284058,0.020224779844284058,0.6667441725730896,0.04563955217599869,0.1891476958990097
2026_08_18_00_58_22_709133_L3_left_C1,L3,C1,2.0,0.1694548757406934,blue,left,left,right,pick up the blue block,7,pregrasp,112,128,16,0.9696969696969697,0.8366013071895425,7,8,0.3,0.7,8,0.2557433545589447,0.27450698614120483,0.2557433545589447,0.27450698614120483,-0.018763631582260132,0.018763631582260132,0.6667441725730896,0.04563955217599869,0.1891476958990097
2026_08_18_00_58_22_709133_L3_left_C1,L3,C1,2.0,0.1694548757406934,blue,left,left,right,pick up the blue block,7,pregrasp,112,128,16,0.9696969696969697,0.8366013071895425,8,8,0.3,0.7,8,0.26939982175827026,0.2952461242675781,0.26939982175827026,0.2952461242675781,-0.02584630250930786,0.02584630250930786,0.6667441725730896,0.04563955217599869,0.1891476958990097
2026_08_18_00_58_22_709133_L3_left_C1,L3,C1,2.0,0.1694548757406934,blue,left,left,right,pick up the blue block,7,pregrasp,112,128,16,0.9696969696969697,0.8366013071895425,9,8,0.3,0.7,8,0.159150630235672,0.1857379972934723,0.159150630235672,0.1857379972934723,-0.026587367057800293,0.026587367057800293,0.6667441725730896,0.04563955217599869,0.1891476958990097
2026_08_18_00_58_22_709133_L3_left_C1,L3,C1,2.0,0.1694548757406934,blue,left,left,right,pick up the blue block,8,pregrasp,128,132,4,1.0,0.8627450980392157,0,8,0.3,0.7,8,0.23526108264923096,0.2636485695838928,0.23526108264923096,0.2636485695838928,-0.028387486934661865,0.028387486934661865,0.6667723655700684,0.04562801495194435,0.18916526436805725
2026_08_18_00_58_22_709133_L3_left_C1,L3,C1,2.0,0.1694548757406934,blue,left,left,right,pick up the blue block,8,pregrasp,128,132,4,1.0,0.8627450980392157,1,8,0.3,0.7,8,0.44023948907852173,0.41325968503952026,0.44023948907852173,0.41325968503952026,0.026979804039001465,-0.026979804039001465,0.6667723655700684,0.04562801495194435,0.18916526436805725
2026_08_18_00_58_22_709133_L3_left_C1,L3,C1,2.0,0.1694548757406934,blue,left,left,right,pick up the blue block,8,pregrasp,128,132,4,1.0,0.8627450980392157,2,8,0.3,0.7,8,0.19783970713615417,0.2029178887605667,0.19783970713615417,0.2029178887605667,-0.005078181624412537,0.005078181624412537,0.6667723655700684,0.04562801495194435,0.18916526436805725
2026_08_18_00_58_22_709133_L3_left_C1,L3,C1,2.0,0.1694548757406934,blue,left,left,right,pick up the blue block,8,pregrasp,128,132,4,1.0,0.8627450980392157,3,8,0.3,0.7,8,0.3312990069389343,0.33197104930877686,0.3312990069389343,0.33197104930877686,-0.0006720423698425293,0.0006720423698425293,0.6667723655700684,0.04562801495194435,0.18916526436805725
2026_08_18_00_58_22_709133_L3_left_C1,L3,C1,2.0,0.1694548757406934,blue,left,left,right,pick up the blue block,8,pregrasp,128,132,4,1.0,0.8627450980392157,4,8,0.3,0.7,8,0.3386017382144928,0.33786219358444214,0.3386017382144928,0.33786219358444214,0.0007395446300506592,-0.0007395446300506592,0.6667723655700684,0.04562801495194435,0.18916526436805725
2026_08_18_00_58_22_709133_L3_left_C1,L3,C1,2.0,0.1694548757406934,blue,left,left,right,pick up the blue block,8,pregrasp,128,132,4,1.0,0.8627450980392157,5,8,0.3,0.7,8,0.24202166497707367,0.2581963539123535,0.24202166497707367,0.2581963539123535,-0.016174688935279846,0.016174688935279846,0.6667723655700684,0.04562801495194435,0.18916526436805725
2026_08_18_00_58_22_709133_L3_left_C1,L3,C1,2.0,0.1694548757406934,blue,left,left,right,pick up the blue block,8,pregrasp,128,132,4,1.0,0.8627450980392157,6,8,0.3,0.7,8,0.3205350339412689,0.3325054943561554,0.3205350339412689,0.3325054943561554,-0.011970460414886475,0.011970460414886475,0.6667723655700684,0.04562801495194435,0.18916526436805725
2026_08_18_00_58_22_709133_L3_left_C1,L3,C1,2.0,0.1694548757406934,blue,left,left,right,pick up the blue block,8,pregrasp,128,132,4,1.0,0.8627450980392157,7,8,0.3,0.7,8,0.2541169822216034,0.2661574184894562,0.2541169822216034,0.2661574184894562,-0.012040436267852783,0.012040436267852783,0.6667723655700684,0.04562801495194435,0.18916526436805725
2026_08_18_00_58_22_709133_L3_left_C1,L3,C1,2.0,0.1694548757406934,blue,left,left,right,pick up the blue block,8,pregrasp,128,132,4,1.0,0.8627450980392157,8,8,0.3,0.7,8,0.3263343572616577,0.33730384707450867,0.3263343572616577,0.33730384707450867,-0.010969489812850952,0.010969489812850952,0.6667723655700684,0.04562801495194435,0.18916526436805725
2026_08_18_00_58_22_709133_L3_left_C1,L3,C1,2.0,0.1694548757406934,blue,left,left,right,pick up the blue block,8,pregrasp,128,132,4,1.0,0.8627450980392157,9,8,0.3,0.7,8,0.2679196894168854,0.31677016615867615,0.2679196894168854,0.31677016615867615,-0.04885047674179077,0.04885047674179077,0.6667723655700684,0.04562801495194435,0.18916526436805725
2026_08_18_00_58_22_709133_L3_left_C1,L3,C1,2.0,0.1694548757406934,blue,left,left,right,pick up the blue block,9,postgrasp,132,148,16,1.0,0.9673202614379085,0,8,0.3,0.7,8,0.4229661524295807,0.4314113259315491,0.4229661524295807,0.4314113259315491,-0.008445173501968384,0.008445173501968384,0.6673555374145508,0.045005541294813156,0.18973180651664734
2026_08_18_00_58_22_709133_L3_left_C1,L3,C1,2.0,0.1694548757406934,blue,left,left,right,pick up the blue block,9,postgrasp,132,148,16,1.0,0.9673202614379085,1,8,0.3,0.7,8,0.3327179253101349,0.3633182942867279,0.3327179253101349,0.3633182942867279,-0.030600368976593018,0.030600368976593018,0.6673555374145508,0.045005541294813156,0.18973180651664734
2026_08_18_00_58_22_709133_L3_left_C1,L3,C1,2.0,0.1694548757406934,blue,left,left,right,pick up the blue block,9,postgrasp,132,148,16,1.0,0.9673202614379085,2,8,0.3,0.7,8,0.350711852312088,0.36344629526138306,0.350711852312088,0.36344629526138306,-0.012734442949295044,0.012734442949295044,0.6673555374145508,0.045005541294813156,0.18973180651664734
2026_08_18_00_58_22_709133_L3_left_C1,L3,C1,2.0,0.1694548757406934,blue,left,left,right,pick up the blue block,9,postgrasp,132,148,16,1.0,0.9673202614379085,3,8,0.3,0.7,8,0.37663301825523376,0.36306869983673096,0.37663301825523376,0.36306869983673096,0.013564318418502808,-0.013564318418502808,0.6673555374145508,0.045005541294813156,0.18973180651664734
2026_08_18_00_58_22_709133_L3_left_C1,L3,C1,2.0,0.1694548757406934,blue,left,left,right,pick up the blue block,9,postgrasp,132,148,16,1.0,0.9673202614379085,4,8,0.3,0.7,8,0.3890431821346283,0.35342687368392944,0.3890431821346283,0.35342687368392944,0.03561630845069885,-0.03561630845069885,0.6673555374145508,0.045005541294813156,0.18973180651664734
2026_08_18_00_58_22_709133_L3_left_C1,L3,C1,2.0,0.1694548757406934,blue,left,left,right,pick up the blue block,9,postgrasp,132,148,16,1.0,0.9673202614379085,5,8,0.3,0.7,8,0.3241376280784607,0.32782745361328125,0.3241376280784607,0.32782745361328125,-0.0036898255348205566,0.0036898255348205566,0.6673555374145508,0.045005541294813156,0.18973180651664734
2026_08_18_00_58_22_709133_L3_left_C1,L3,C1,2.0,0.1694548757406934,blue,left,left,right,pick up the blue block,9,postgrasp,132,148,16,1.0,0.9673202614379085,6,8,0.3,0.7,8,0.2907741069793701,0.3604666292667389,0.2907741069793701,0.3604666292667389,-0.06969252228736877,0.06969252228736877,0.6673555374145508,0.045005541294813156,0.18973180651664734
2026_08_18_00_58_22_709133_L3_left_C1,L3,C1,2.0,0.1694548757406934,blue,left,left,right,pick up the blue block,9,postgrasp,132,148,16,1.0,0.9673202614379085,7,8,0.3,0.7,8,0.3237280547618866,0.35614287853240967,0.3237280547618866,0.35614287853240967,-0.03241482377052307,0.03241482377052307,0.6673555374145508,0.045005541294813156,0.18973180651664734
2026_08_18_00_58_22_709133_L3_left_C1,L3,C1,2.0,0.1694548757406934,blue,left,left,right,pick up the blue block,9,postgrasp,132,148,16,1.0,0.9673202614379085,8,8,0.3,0.7,8,0.4014264643192291,0.4225534200668335,0.4014264643192291,0.4225534200668335,-0.02112695574760437,0.02112695574760437,0.6673555374145508,0.045005541294813156,0.18973180651664734
2026_08_18_00_58_22_709133_L3_left_C1,L3,C1,2.0,0.1694548757406934,blue,left,left,right,pick up the blue block,9,postgrasp,132,148,16,1.0,0.9673202614379085,9,8,0.3,0.7,8,0.34657910466194153,0.3717772662639618,0.34657910466194153,0.3717772662639618,-0.025198161602020264,0.025198161602020264,0.6673555374145508,0.045005541294813156,0.18973180651664734
2026_08_18_00_58_22_709133_L3_left_C1,L3,C1,2.0,0.1694548757406934,blue,left,left,right,pick up the blue block,10,postgrasp,148,153,5,1.0,1.0,0,8,0.3,0.7,8,0.39406293630599976,0.369017630815506,0.39406293630599976,0.369017630815506,0.025045305490493774,-0.025045305490493774,0.6673579216003418,0.045006245374679565,0.18972991406917572
2026_08_18_00_58_22_709133_L3_left_C1,L3,C1,2.0,0.1694548757406934,blue,left,left,right,pick up the blue block,10,postgrasp,148,153,5,1.0,1.0,1,8,0.3,0.7,8,0.38600265979766846,0.33505716919898987,0.38600265979766846,0.33505716919898987,0.05094549059867859,-0.05094549059867859,0.6673579216003418,0.045006245374679565,0.18972991406917572
2026_08_18_00_58_22_709133_L3_left_C1,L3,C1,2.0,0.1694548757406934,blue,left,left,right,pick up the blue block,10,postgrasp,148,153,5,1.0,1.0,2,8,0.3,0.7,8,0.4601529538631439,0.42134252190589905,0.4601529538631439,0.42134252190589905,0.03881043195724487,-0.03881043195724487,0.6673579216003418,0.045006245374679565,0.18972991406917572
2026_08_18_00_58_22_709133_L3_left_C1,L3,C1,2.0,0.1694548757406934,blue,left,left,right,pick up the blue block,10,postgrasp,148,153,5,1.0,1.0,3,8,0.3,0.7,8,0.36537909507751465,0.3205915093421936,0.36537909507751465,0.3205915093421936,0.044787585735321045,-0.044787585735321045,0.6673579216003418,0.045006245374679565,0.18972991406917572
2026_08_18_00_58_22_709133_L3_left_C1,L3,C1,2.0,0.1694548757406934,blue,left,left,right,pick up the blue block,10,postgrasp,148,153,5,1.0,1.0,4,8,0.3,0.7,8,0.319244921207428,0.24613240361213684,0.319244921207428,0.24613240361213684,0.07311251759529114,-0.07311251759529114,0.6673579216003418,0.045006245374679565,0.18972991406917572
2026_08_18_00_58_22_709133_L3_left_C1,L3,C1,2.0,0.1694548757406934,blue,left,left,right,pick up the blue block,10,postgrasp,148,153,5,1.0,1.0,5,8,0.3,0.7,8,0.3947118818759918,0.3857671618461609,0.3947118818759918,0.3857671618461609,0.008944720029830933,-0.008944720029830933,0.6673579216003418,0.045006245374679565,0.18972991406917572
2026_08_18_00_58_22_709133_L3_left_C1,L3,C1,2.0,0.1694548757406934,blue,left,left,right,pick up the blue block,10,postgrasp,148,153,5,1.0,1.0,6,8,0.3,0.7,8,0.3167403042316437,0.3259177803993225,0.3167403042316437,0.3259177803993225,-0.009177476167678833,0.009177476167678833,0.6673579216003418,0.045006245374679565,0.18972991406917572
2026_08_18_00_58_22_709133_L3_left_C1,L3,C1,2.0,0.1694548757406934,blue,left,left,right,pick up the blue block,10,postgrasp,148,153,5,1.0,1.0,7,8,0.3,0.7,8,0.38125795125961304,0.34328436851501465,0.38125795125961304,0.34328436851501465,0.03797358274459839,-0.03797358274459839,0.6673579216003418,0.045006245374679565,0.18972991406917572
2026_08_18_00_58_22_709133_L3_left_C1,L3,C1,2.0,0.1694548757406934,blue,left,left,right,pick up the blue block,10,postgrasp,148,153,5,1.0,1.0,8,8,0.3,0.7,8,0.40407291054725647,0.36378225684165955,0.40407291054725647,0.36378225684165955,0.040290653705596924,-0.040290653705596924,0.6673579216003418,0.045006245374679565,0.18972991406917572
2026_08_18_00_58_22_709133_L3_left_C1,L3,C1,2.0,0.1694548757406934,blue,left,left,right,pick up the blue block,10,postgrasp,148,153,5,1.0,1.0,9,8,0.3,0.7,8,0.38682451844215393,0.34199950098991394,0.38682451844215393,0.34199950098991394,0.04482501745223999,-0.04482501745223999,0.6673579216003418,0.045006245374679565,0.18972991406917572
2026_08_18_00_59_48_029579_L3_left_C2,L3,C2,4.0,0.3389097514813868,blue,left,left,right,pick up the blue block,0,pregrasp,0,16,16,0.10062893081761007,0.08888888888888889,0,8,0.3,0.7,8,0.2748129069805145,0.20931750535964966,0.2748129069805145,0.20931750535964966,0.06549540162086487,-0.06549540162086487,0.36762580275535583,0.028894852846860886,0.48368963599205017
2026_08_18_00_59_48_029579_L3_left_C2,L3,C2,4.0,0.3389097514813868,blue,left,left,right,pick up the blue block,0,pregrasp,0,16,16,0.10062893081761007,0.08888888888888889,1,8,0.3,0.7,8,0.2571176290512085,0.20020312070846558,0.2571176290512085,0.20020312070846558,0.05691450834274292,-0.05691450834274292,0.36762580275535583,0.028894852846860886,0.48368963599205017
2026_08_18_00_59_48_029579_L3_left_C2,L3,C2,4.0,0.3389097514813868,blue,left,left,right,pick up the blue block,0,pregrasp,0,16,16,0.10062893081761007,0.08888888888888889,2,8,0.3,0.7,8,0.31136417388916016,0.2439136505126953,0.31136417388916016,0.2439136505126953,0.06745052337646484,-0.06745052337646484,0.36762580275535583,0.028894852846860886,0.48368963599205017
2026_08_18_00_59_48_029579_L3_left_C2,L3,C2,4.0,0.3389097514813868,blue,left,left,right,pick up the blue block,0,pregrasp,0,16,16,0.10062893081761007,0.08888888888888889,3,8,0.3,0.7,8,0.19484968483448029,0.13317550718784332,0.19484968483448029,0.13317550718784332,0.06167417764663696,-0.06167417764663696,0.36762580275535583,0.028894852846860886,0.48368963599205017
2026_08_18_00_59_48_029579_L3_left_C2,L3,C2,4.0,0.3389097514813868,blue,left,left,right,pick up the blue block,0,pregrasp,0,16,16,0.10062893081761007,0.08888888888888889,4,8,0.3,0.7,8,0.19542059302330017,0.15214158594608307,0.19542059302330017,0.15214158594608307,0.0432790070772171,-0.0432790070772171,0.36762580275535583,0.028894852846860886,0.48368963599205017
2026_08_18_00_59_48_029579_L3_left_C2,L3,C2,4.0,0.3389097514813868,blue,left,left,right,pick up the blue block,0,pregrasp,0,16,16,0.10062893081761007,0.08888888888888889,5,8,0.3,0.7,8,0.3154089152812958,0.262198269367218,0.3154089152812958,0.262198269367218,0.05321064591407776,-0.05321064591407776,0.36762580275535583,0.028894852846860886,0.48368963599205017
2026_08_18_00_59_48_029579_L3_left_C2,L3,C2,4.0,0.3389097514813868,blue,left,left,right,pick up the blue block,0,pregrasp,0,16,16,0.10062893081761007,0.08888888888888889,6,8,0.3,0.7,8,0.3130244016647339,0.23700930178165436,0.3130244016647339,0.23700930178165436,0.07601509988307953,-0.07601509988307953,0.36762580275535583,0.028894852846860886,0.48368963599205017
2026_08_18_00_59_48_029579_L3_left_C2,L3,C2,4.0,0.3389097514813868,blue,left,left,right,pick up the blue block,0,pregrasp,0,16,16,0.10062893081761007,0.08888888888888889,7,8,0.3,0.7,8,0.20554541051387787,0.12867334485054016,0.20554541051387787,0.12867334485054016,0.07687206566333771,-0.07687206566333771,0.36762580275535583,0.028894852846860886,0.48368963599205017
2026_08_18_00_59_48_029579_L3_left_C2,L3,C2,4.0,0.3389097514813868,blue,left,left,right,pick up the blue block,0,pregrasp,0,16,16,0.10062893081761007,0.08888888888888889,8,8,0.3,0.7,8,0.21491017937660217,0.15112872421741486,0.21491017937660217,0.15112872421741486,0.06378145515918732,-0.06378145515918732,0.36762580275535583,0.028894852846860886,0.48368963599205017
2026_08_18_00_59_48_029579_L3_left_C2,L3,C2,4.0,0.3389097514813868,blue,left,left,right,pick up the blue block,0,pregrasp,0,16,16,0.10062893081761007,0.08888888888888889,9,8,0.3,0.7,8,0.24080295860767365,0.18467417359352112,0.24080295860767365,0.18467417359352112,0.05612878501415253,-0.05612878501415253,0.36762580275535583,0.028894852846860886,0.48368963599205017
2026_08_18_00_59_48_029579_L3_left_C2,L3,C2,4.0,0.3389097514813868,blue,left,left,right,pick up the blue block,1,pregrasp,16,32,16,0.20125786163522014,0.17777777777777778,0,8,0.3,0.7,8,0.28365230560302734,0.17289483547210693,0.28365230560302734,0.17289483547210693,0.11075747013092041,-0.11075747013092041,0.38230985403060913,0.09187385439872742,0.4599169194698334
2026_08_18_00_59_48_029579_L3_left_C2,L3,C2,4.0,0.3389097514813868,blue,left,left,right,pick up the blue block,1,pregrasp,16,32,16,0.20125786163522014,0.17777777777777778,1,8,0.3,0.7,8,0.35180091857910156,0.23133628070354462,0.35180091857910156,0.23133628070354462,0.12046463787555695,-0.12046463787555695,0.38230985403060913,0.09187385439872742,0.4599169194698334
2026_08_18_00_59_48_029579_L3_left_C2,L3,C2,4.0,0.3389097514813868,blue,left,left,right,pick up the blue block,1,pregrasp,16,32,16,0.20125786163522014,0.17777777777777778,2,8,0.3,0.7,8,0.3387298285961151,0.2437538504600525,0.3387298285961151,0.2437538504600525,0.09497597813606262,-0.09497597813606262,0.38230985403060913,0.09187385439872742,0.4599169194698334
2026_08_18_00_59_48_029579_L3_left_C2,L3,C2,4.0,0.3389097514813868,blue,left,left,right,pick up the blue block,1,pregrasp,16,32,16,0.20125786163522014,0.17777777777777778,3,8,0.3,0.7,8,0.34072545170783997,0.23332460224628448,0.34072545170783997,0.23332460224628448,0.10740084946155548,-0.10740084946155548,0.38230985403060913,0.09187385439872742,0.4599169194698334
2026_08_18_00_59_48_029579_L3_left_C2,L3,C2,4.0,0.3389097514813868,blue,left,left,right,pick up the blue block,1,pregrasp,16,32,16,0.20125786163522014,0.17777777777777778,4,8,0.3,0.7,8,0.2124781757593155,0.13131272792816162,0.2124781757593155,0.13131272792816162,0.08116544783115387,-0.08116544783115387,0.38230985403060913,0.09187385439872742,0.4599169194698334
2026_08_18_00_59_48_029579_L3_left_C2,L3,C2,4.0,0.3389097514813868,blue,left,left,right,pick up the blue block,1,pregrasp,16,32,16,0.20125786163522014,0.17777777777777778,5,8,0.3,0.7,8,0.35594111680984497,0.25065287947654724,0.35594111680984497,0.25065287947654724,0.10528823733329773,-0.10528823733329773,0.38230985403060913,0.09187385439872742,0.4599169194698334
2026_08_18_00_59_48_029579_L3_left_C2,L3,C2,4.0,0.3389097514813868,blue,left,left,right,pick up the blue block,1,pregrasp,16,32,16,0.20125786163522014,0.17777777777777778,6,8,0.3,0.7,8,0.2553011476993561,0.16286399960517883,0.2553011476993561,0.16286399960517883,0.09243714809417725,-0.09243714809417725,0.38230985403060913,0.09187385439872742,0.4599169194698334
2026_08_18_00_59_48_029579_L3_left_C2,L3,C2,4.0,0.3389097514813868,blue,left,left,right,pick up the blue block,1,pregrasp,16,32,16,0.20125786163522014,0.17777777777777778,7,8,0.3,0.7,8,0.3083497881889343,0.19828014075756073,0.3083497881889343,0.19828014075756073,0.1100696474313736,-0.1100696474313736,0.38230985403060913,0.09187385439872742,0.4599169194698334
2026_08_18_00_59_48_029579_L3_left_C2,L3,C2,4.0,0.3389097514813868,blue,left,left,right,pick up the blue block,1,pregrasp,16,32,16,0.20125786163522014,0.17777777777777778,8,8,0.3,0.7,8,0.22629767656326294,0.1619340479373932,0.22629767656326294,0.1619340479373932,0.06436362862586975,-0.06436362862586975,0.38230985403060913,0.09187385439872742,0.4599169194698334
2026_08_18_00_59_48_029579_L3_left_C2,L3,C2,4.0,0.3389097514813868,blue,left,left,right,pick up the blue block,1,pregrasp,16,32,16,0.20125786163522014,0.17777777777777778,9,8,0.3,0.7,8,0.3817366659641266,0.2862504720687866,0.3817366659641266,0.2862504720687866,0.09548619389533997,-0.09548619389533997,0.38230985403060913,0.09187385439872742,0.4599169194698334
2026_08_18_00_59_48_029579_L3_left_C2,L3,C2,4.0,0.3389097514813868,blue,left,left,right,pick up the blue block,2,pregrasp,32,48,16,0.3018867924528302,0.26666666666666666,0,8,0.3,0.7,8,0.37203094363212585,0.2548897862434387,0.37203094363212585,0.2548897862434387,0.11714115738868713,-0.11714115738868713,0.4092878997325897,0.14975349605083466,0.4345363974571228
2026_08_18_00_59_48_029579_L3_left_C2,L3,C2,4.0,0.3389097514813868,blue,left,left,right,pick up the blue block,2,pregrasp,32,48,16,0.3018867924528302,0.26666666666666666,1,8,0.3,0.7,8,0.3886464834213257,0.2370535433292389,0.3886464834213257,0.2370535433292389,0.1515929400920868,-0.1515929400920868,0.4092878997325897,0.14975349605083466,0.4345363974571228
2026_08_18_00_59_48_029579_L3_left_C2,L3,C2,4.0,0.3389097514813868,blue,left,left,right,pick up the blue block,2,pregrasp,32,48,16,0.3018867924528302,0.26666666666666666,2,8,0.3,0.7,8,0.33705568313598633,0.17965033650398254,0.33705568313598633,0.17965033650398254,0.15740534663200378,-0.15740534663200378,0.4092878997325897,0.14975349605083466,0.4345363974571228
2026_08_18_00_59_48_029579_L3_left_C2,L3,C2,4.0,0.3389097514813868,blue,left,left,right,pick up the blue block,2,pregrasp,32,48,16,0.3018867924528302,0.26666666666666666,3,8,0.3,0.7,8,0.3712109327316284,0.2384057343006134,0.3712109327316284,0.2384057343006134,0.13280519843101501,-0.13280519843101501,0.4092878997325897,0.14975349605083466,0.4345363974571228
2026_08_18_00_59_48_029579_L3_left_C2,L3,C2,4.0,0.3389097514813868,blue,left,left,right,pick up the blue block,2,pregrasp,32,48,16,0.3018867924528302,0.26666666666666666,4,8,0.3,0.7,8,0.27629542350769043,0.15930745005607605,0.27629542350769043,0.15930745005607605,0.11698797345161438,-0.11698797345161438,0.4092878997325897,0.14975349605083466,0.4345363974571228
2026_08_18_00_59_48_029579_L3_left_C2,L3,C2,4.0,0.3389097514813868,blue,left,left,right,pick up the blue block,2,pregrasp,32,48,16,0.3018867924528302,0.26666666666666666,5,8,0.3,0.7,8,0.3831866681575775,0.27540114521980286,0.3831866681575775,0.27540114521980286,0.10778552293777466,-0.10778552293777466,0.4092878997325897,0.14975349605083466,0.4345363974571228
2026_08_18_00_59_48_029579_L3_left_C2,L3,C2,4.0,0.3389097514813868,blue,left,left,right,pick up the blue block,2,pregrasp,32,48,16,0.3018867924528302,0.26666666666666666,6,8,0.3,0.7,8,0.4319331645965576,0.3000396490097046,0.4319331645965576,0.3000396490097046,0.13189351558685303,-0.13189351558685303,0.4092878997325897,0.14975349605083466,0.4345363974571228
2026_08_18_00_59_48_029579_L3_left_C2,L3,C2,4.0,0.3389097514813868,blue,left,left,right,pick up the blue block,2,pregrasp,32,48,16,0.3018867924528302,0.26666666666666666,7,8,0.3,0.7,8,0.31544825434684753,0.17524458467960358,0.31544825434684753,0.17524458467960358,0.14020366966724396,-0.14020366966724396,0.4092878997325897,0.14975349605083466,0.4345363974571228
2026_08_18_00_59_48_029579_L3_left_C2,L3,C2,4.0,0.3389097514813868,blue,left,left,right,pick up the blue block,2,pregrasp,32,48,16,0.3018867924528302,0.26666666666666666,8,8,0.3,0.7,8,0.36733388900756836,0.23940560221672058,0.36733388900756836,0.23940560221672058,0.12792828679084778,-0.12792828679084778,0.4092878997325897,0.14975349605083466,0.4345363974571228
2026_08_18_00_59_48_029579_L3_left_C2,L3,C2,4.0,0.3389097514813868,blue,left,left,right,pick up the blue block,2,pregrasp,32,48,16,0.3018867924528302,0.26666666666666666,9,8,0.3,0.7,8,0.3886318504810333,0.2556428909301758,0.3886318504810333,0.2556428909301758,0.13298895955085754,-0.13298895955085754,0.4092878997325897,0.14975349605083466,0.4345363974571228
2026_08_18_00_59_48_029579_L3_left_C2,L3,C2,4.0,0.3389097514813868,blue,left,left,right,pick up the blue block,3,pregrasp,48,64,16,0.4025157232704403,0.35555555555555557,0,8,0.3,0.7,8,0.29447174072265625,0.2712060213088989,0.29447174072265625,0.2712060213088989,0.023265719413757324,-0.023265719413757324,0.4485686719417572,0.19355832040309906,0.39797940850257874
2026_08_18_00_59_48_029579_L3_left_C2,L3,C2,4.0,0.3389097514813868,blue,left,left,right,pick up the blue block,3,pregrasp,48,64,16,0.4025157232704403,0.35555555555555557,1,8,0.3,0.7,8,0.34474918246269226,0.30439135432243347,0.34474918246269226,0.30439135432243347,0.04035782814025879,-0.04035782814025879,0.4485686719417572,0.19355832040309906,0.39797940850257874
2026_08_18_00_59_48_029579_L3_left_C2,L3,C2,4.0,0.3389097514813868,blue,left,left,right,pick up the blue block,3,pregrasp,48,64,16,0.4025157232704403,0.35555555555555557,2,8,0.3,0.7,8,0.21602725982666016,0.1978675127029419,0.21602725982666016,0.1978675127029419,0.01815974712371826,-0.01815974712371826,0.4485686719417572,0.19355832040309906,0.39797940850257874
2026_08_18_00_59_48_029579_L3_left_C2,L3,C2,4.0,0.3389097514813868,blue,left,left,right,pick up the blue block,3,pregrasp,48,64,16,0.4025157232704403,0.35555555555555557,3,8,0.3,0.7,8,0.4149159789085388,0.3339903950691223,0.4149159789085388,0.3339903950691223,0.0809255838394165,-0.0809255838394165,0.4485686719417572,0.19355832040309906,0.39797940850257874
2026_08_18_00_59_48_029579_L3_left_C2,L3,C2,4.0,0.3389097514813868,blue,left,left,right,pick up the blue block,3,pregrasp,48,64,16,0.4025157232704403,0.35555555555555557,4,8,0.3,0.7,8,0.28272417187690735,0.21293142437934875,0.28272417187690735,0.21293142437934875,0.0697927474975586,-0.0697927474975586,0.4485686719417572,0.19355832040309906,0.39797940850257874
2026_08_18_00_59_48_029579_L3_left_C2,L3,C2,4.0,0.3389097514813868,blue,left,left,right,pick up the blue block,3,pregrasp,48,64,16,0.4025157232704403,0.35555555555555557,5,8,0.3,0.7,8,0.31306391954421997,0.24390621483325958,0.31306391954421997,0.24390621483325958,0.06915770471096039,-0.06915770471096039,0.4485686719417572,0.19355832040309906,0.39797940850257874
2026_08_18_00_59_48_029579_L3_left_C2,L3,C2,4.0,0.3389097514813868,blue,left,left,right,pick up the blue block,3,pregrasp,48,64,16,0.4025157232704403,0.35555555555555557,6,8,0.3,0.7,8,0.33044055104255676,0.2341371476650238,0.33044055104255676,0.2341371476650238,0.09630340337753296,-0.09630340337753296,0.4485686719417572,0.19355832040309906,0.39797940850257874
2026_08_18_00_59_48_029579_L3_left_C2,L3,C2,4.0,0.3389097514813868,blue,left,left,right,pick up the blue block,3,pregrasp,48,64,16,0.4025157232704403,0.35555555555555557,7,8,0.3,0.7,8,0.2793087363243103,0.2272418886423111,0.2793087363243103,0.2272418886423111,0.05206684768199921,-0.05206684768199921,0.4485686719417572,0.19355832040309906,0.39797940850257874
2026_08_18_00_59_48_029579_L3_left_C2,L3,C2,4.0,0.3389097514813868,blue,left,left,right,pick up the blue block,3,pregrasp,48,64,16,0.4025157232704403,0.35555555555555557,8,8,0.3,0.7,8,0.3258567750453949,0.2694833278656006,0.3258567750453949,0.2694833278656006,0.05637344717979431,-0.05637344717979431,0.4485686719417572,0.19355832040309906,0.39797940850257874
2026_08_18_00_59_48_029579_L3_left_C2,L3,C2,4.0,0.3389097514813868,blue,left,left,right,pick up the blue block,3,pregrasp,48,64,16,0.4025157232704403,0.35555555555555557,9,8,0.3,0.7,8,0.28631746768951416,0.2694661021232605,0.28631746768951416,0.2694661021232605,0.016851365566253662,-0.016851365566253662,0.4485686719417572,0.19355832040309906,0.39797940850257874
2026_08_18_00_59_48_029579_L3_left_C2,L3,C2,4.0,0.3389097514813868,blue,left,left,right,pick up the blue block,4,pregrasp,64,80,16,0.5031446540880503,0.4444444444444444,0,8,0.3,0.7,8,0.2607889771461487,0.22974292933940887,0.2607889771461487,0.22974292933940887,0.031046047806739807,-0.031046047806739807,0.49641653895378113,0.20669177174568176,0.3506465554237366
2026_08_18_00_59_48_029579_L3_left_C2,L3,C2,4.0,0.3389097514813868,blue,left,left,right,pick up the blue block,4,pregrasp,64,80,16,0.5031446540880503,0.4444444444444444,1,8,0.3,0.7,8,0.3075190782546997,0.285119891166687,0.3075190782546997,0.285119891166687,0.022399187088012695,-0.022399187088012695,0.49641653895378113,0.20669177174568176,0.3506465554237366
2026_08_18_00_59_48_029579_L3_left_C2,L3,C2,4.0,0.3389097514813868,blue,left,left,right,pick up the blue block,4,pregrasp,64,80,16,0.5031446540880503,0.4444444444444444,2,8,0.3,0.7,8,0.2557998597621918,0.22077134251594543,0.2557998597621918,0.22077134251594543,0.03502851724624634,-0.03502851724624634,0.49641653895378113,0.20669177174568176,0.3506465554237366
2026_08_18_00_59_48_029579_L3_left_C2,L3,C2,4.0,0.3389097514813868,blue,left,left,right,pick up the blue block,4,pregrasp,64,80,16,0.5031446540880503,0.4444444444444444,3,8,0.3,0.7,8,0.2588143050670624,0.2662804424762726,0.2588143050670624,0.2662804424762726,-0.007466137409210205,0.007466137409210205,0.49641653895378113,0.20669177174568176,0.3506465554237366
2026_08_18_00_59_48_029579_L3_left_C2,L3,C2,4.0,0.3389097514813868,blue,left,left,right,pick up the blue block,4,pregrasp,64,80,16,0.5031446540880503,0.4444444444444444,4,8,0.3,0.7,8,0.24146908521652222,0.22539152204990387,0.24146908521652222,0.22539152204990387,0.016077563166618347,-0.016077563166618347,0.49641653895378113,0.20669177174568176,0.3506465554237366
2026_08_18_00_59_48_029579_L3_left_C2,L3,C2,4.0,0.3389097514813868,blue,left,left,right,pick up the blue block,4,pregrasp,64,80,16,0.5031446540880503,0.4444444444444444,5,8,0.3,0.7,8,0.34844598174095154,0.3365800082683563,0.34844598174095154,0.3365800082683563,0.011865973472595215,-0.011865973472595215,0.49641653895378113,0.20669177174568176,0.3506465554237366
2026_08_18_00_59_48_029579_L3_left_C2,L3,C2,4.0,0.3389097514813868,blue,left,left,right,pick up the blue block,4,pregrasp,64,80,16,0.5031446540880503,0.4444444444444444,6,8,0.3,0.7,8,0.20025232434272766,0.17113237082958221,0.20025232434272766,0.17113237082958221,0.029119953513145447,-0.029119953513145447,0.49641653895378113,0.20669177174568176,0.3506465554237366
2026_08_18_00_59_48_029579_L3_left_C2,L3,C2,4.0,0.3389097514813868,blue,left,left,right,pick up the blue block,4,pregrasp,64,80,16,0.5031446540880503,0.4444444444444444,7,8,0.3,0.7,8,0.2534736394882202,0.23672249913215637,0.2534736394882202,0.23672249913215637,0.016751140356063843,-0.016751140356063843,0.49641653895378113,0.20669177174568176,0.3506465554237366
2026_08_18_00_59_48_029579_L3_left_C2,L3,C2,4.0,0.3389097514813868,blue,left,left,right,pick up the blue block,4,pregrasp,64,80,16,0.5031446540880503,0.4444444444444444,8,8,0.3,0.7,8,0.2666621208190918,0.25459474325180054,0.2666621208190918,0.25459474325180054,0.01206737756729126,-0.01206737756729126,0.49641653895378113,0.20669177174568176,0.3506465554237366
2026_08_18_00_59_48_029579_L3_left_C2,L3,C2,4.0,0.3389097514813868,blue,left,left,right,pick up the blue block,4,pregrasp,64,80,16,0.5031446540880503,0.4444444444444444,9,8,0.3,0.7,8,0.34255650639533997,0.32973113656044006,0.34255650639533997,0.32973113656044006,0.012825369834899902,-0.012825369834899902,0.49641653895378113,0.20669177174568176,0.3506465554237366
2026_08_18_00_59_48_029579_L3_left_C2,L3,C2,4.0,0.3389097514813868,blue,left,left,right,pick up the blue block,5,pregrasp,80,96,16,0.6037735849056604,0.5333333333333333,0,8,0.3,0.7,8,0.24382326006889343,0.23057964444160461,0.24382326006889343,0.23057964444160461,0.013243615627288818,-0.013243615627288818,0.5431634783744812,0.18468455970287323,0.30596187710762024
2026_08_18_00_59_48_029579_L3_left_C2,L3,C2,4.0,0.3389097514813868,blue,left,left,right,pick up the blue block,5,pregrasp,80,96,16,0.6037735849056604,0.5333333333333333,1,8,0.3,0.7,8,0.3001098930835724,0.2767268419265747,0.3001098930835724,0.2767268419265747,0.02338305115699768,-0.02338305115699768,0.5431634783744812,0.18468455970287323,0.30596187710762024
2026_08_18_00_59_48_029579_L3_left_C2,L3,C2,4.0,0.3389097514813868,blue,left,left,right,pick up the blue block,5,pregrasp,80,96,16,0.6037735849056604,0.5333333333333333,2,8,0.3,0.7,8,0.32830819487571716,0.3088448643684387,0.32830819487571716,0.3088448643684387,0.019463330507278442,-0.019463330507278442,0.5431634783744812,0.18468455970287323,0.30596187710762024
2026_08_18_00_59_48_029579_L3_left_C2,L3,C2,4.0,0.3389097514813868,blue,left,left,right,pick up the blue block,5,pregrasp,80,96,16,0.6037735849056604,0.5333333333333333,3,8,0.3,0.7,8,0.287744402885437,0.26602521538734436,0.287744402885437,0.26602521538734436,0.02171918749809265,-0.02171918749809265,0.5431634783744812,0.18468455970287323,0.30596187710762024
2026_08_18_00_59_48_029579_L3_left_C2,L3,C2,4.0,0.3389097514813868,blue,left,left,right,pick up the blue block,5,pregrasp,80,96,16,0.6037735849056604,0.5333333333333333,4,8,0.3,0.7,8,0.2565319240093231,0.22016191482543945,0.2565319240093231,0.22016191482543945,0.03637000918388367,-0.03637000918388367,0.5431634783744812,0.18468455970287323,0.30596187710762024
2026_08_18_00_59_48_029579_L3_left_C2,L3,C2,4.0,0.3389097514813868,blue,left,left,right,pick up the blue block,5,pregrasp,80,96,16,0.6037735849056604,0.5333333333333333,5,8,0.3,0.7,8,0.40193498134613037,0.38314923644065857,0.40193498134613037,0.38314923644065857,0.018785744905471802,-0.018785744905471802,0.5431634783744812,0.18468455970287323,0.30596187710762024
2026_08_18_00_59_48_029579_L3_left_C2,L3,C2,4.0,0.3389097514813868,blue,left,left,right,pick up the blue block,5,pregrasp,80,96,16,0.6037735849056604,0.5333333333333333,6,8,0.3,0.7,8,0.35062485933303833,0.3215227723121643,0.35062485933303833,0.3215227723121643,0.029102087020874023,-0.029102087020874023,0.5431634783744812,0.18468455970287323,0.30596187710762024
2026_08_18_00_59_48_029579_L3_left_C2,L3,C2,4.0,0.3389097514813868,blue,left,left,right,pick up the blue block,5,pregrasp,80,96,16,0.6037735849056604,0.5333333333333333,7,8,0.3,0.7,8,0.3598439693450928,0.33346498012542725,0.3598439693450928,0.33346498012542725,0.026378989219665527,-0.026378989219665527,0.5431634783744812,0.18468455970287323,0.30596187710762024
2026_08_18_00_59_48_029579_L3_left_C2,L3,C2,4.0,0.3389097514813868,blue,left,left,right,pick up the blue block,5,pregrasp,80,96,16,0.6037735849056604,0.5333333333333333,8,8,0.3,0.7,8,0.30161982774734497,0.2769331634044647,0.30161982774734497,0.2769331634044647,0.02468666434288025,-0.02468666434288025,0.5431634783744812,0.18468455970287323,0.30596187710762024
2026_08_18_00_59_48_029579_L3_left_C2,L3,C2,4.0,0.3389097514813868,blue,left,left,right,pick up the blue block,5,pregrasp,80,96,16,0.6037735849056604,0.5333333333333333,9,8,0.3,0.7,8,0.304021954536438,0.2733433246612549,0.304021954536438,0.2733433246612549,0.030678629875183105,-0.030678629875183105,0.5431634783744812,0.18468455970287323,0.30596187710762024
2026_08_18_00_59_48_029579_L3_left_C2,L3,C2,4.0,0.3389097514813868,blue,left,left,right,pick up the blue block,6,pregrasp,96,112,16,0.7044025157232704,0.6222222222222222,0,8,0.3,0.7,8,0.17483916878700256,0.17127102613449097,0.17483916878700256,0.17127102613449097,0.0035681426525115967,-0.0035681426525115967,0.5853867530822754,0.14585241675376892,0.26624345779418945
2026_08_18_00_59_48_029579_L3_left_C2,L3,C2,4.0,0.3389097514813868,blue,left,left,right,pick up the blue block,6,pregrasp,96,112,16,0.7044025157232704,0.6222222222222222,1,8,0.3,0.7,8,0.23870915174484253,0.23725464940071106,0.23870915174484253,0.23725464940071106,0.0014545023441314697,-0.0014545023441314697,0.5853867530822754,0.14585241675376892,0.26624345779418945
2026_08_18_00_59_48_029579_L3_left_C2,L3,C2,4.0,0.3389097514813868,blue,left,left,right,pick up the blue block,6,pregrasp,96,112,16,0.7044025157232704,0.6222222222222222,2,8,0.3,0.7,8,0.2669883072376251,0.2529141306877136,0.2669883072376251,0.2529141306877136,0.014074176549911499,-0.014074176549911499,0.5853867530822754,0.14585241675376892,0.26624345779418945
2026_08_18_00_59_48_029579_L3_left_C2,L3,C2,4.0,0.3389097514813868,blue,left,left,right,pick up the blue block,6,pregrasp,96,112,16,0.7044025157232704,0.6222222222222222,3,8,0.3,0.7,8,0.34678226709365845,0.3291196823120117,0.34678226709365845,0.3291196823120117,0.01766258478164673,-0.01766258478164673,0.5853867530822754,0.14585241675376892,0.26624345779418945
2026_08_18_00_59_48_029579_L3_left_C2,L3,C2,4.0,0.3389097514813868,blue,left,left,right,pick up the blue block,6,pregrasp,96,112,16,0.7044025157232704,0.6222222222222222,4,8,0.3,0.7,8,0.2223626971244812,0.21459482610225677,0.2223626971244812,0.21459482610225677,0.007767871022224426,-0.007767871022224426,0.5853867530822754,0.14585241675376892,0.26624345779418945
2026_08_18_00_59_48_029579_L3_left_C2,L3,C2,4.0,0.3389097514813868,blue,left,left,right,pick up the blue block,6,pregrasp,96,112,16,0.7044025157232704,0.6222222222222222,5,8,0.3,0.7,8,0.20705807209014893,0.19528967142105103,0.20705807209014893,0.19528967142105103,0.0117684006690979,-0.0117684006690979,0.5853867530822754,0.14585241675376892,0.26624345779418945
2026_08_18_00_59_48_029579_L3_left_C2,L3,C2,4.0,0.3389097514813868,blue,left,left,right,pick up the blue block,6,pregrasp,96,112,16,0.7044025157232704,0.6222222222222222,6,8,0.3,0.7,8,0.26652708649635315,0.24961677193641663,0.26652708649635315,0.24961677193641663,0.016910314559936523,-0.016910314559936523,0.5853867530822754,0.14585241675376892,0.26624345779418945
2026_08_18_00_59_48_029579_L3_left_C2,L3,C2,4.0,0.3389097514813868,blue,left,left,right,pick up the blue block,6,pregrasp,96,112,16,0.7044025157232704,0.6222222222222222,7,8,0.3,0.7,8,0.2439020872116089,0.2326098382472992,0.2439020872116089,0.2326098382472992,0.011292248964309692,-0.011292248964309692,0.5853867530822754,0.14585241675376892,0.26624345779418945
2026_08_18_00_59_48_029579_L3_left_C2,L3,C2,4.0,0.3389097514813868,blue,left,left,right,pick up the blue block,6,pregrasp,96,112,16,0.7044025157232704,0.6222222222222222,8,8,0.3,0.7,8,0.1850006878376007,0.1754428595304489,0.1850006878376007,0.1754428595304489,0.009557828307151794,-0.009557828307151794,0.5853867530822754,0.14585241675376892,0.26624345779418945
2026_08_18_00_59_48_029579_L3_left_C2,L3,C2,4.0,0.3389097514813868,blue,left,left,right,pick up the blue block,6,pregrasp,96,112,16,0.7044025157232704,0.6222222222222222,9,8,0.3,0.7,8,0.24179333448410034,0.23830300569534302,0.24179333448410034,0.23830300569534302,0.0034903287887573242,-0.0034903287887573242,0.5853867530822754,0.14585241675376892,0.26624345779418945
2026_08_18_00_59_48_029579_L3_left_C2,L3,C2,4.0,0.3389097514813868,blue,left,left,right,pick up the blue block,7,pregrasp,112,128,16,0.8050314465408805,0.7111111111111111,0,8,0.3,0.7,8,0.2956686317920685,0.24676620960235596,0.2956686317920685,0.24676620960235596,0.048902422189712524,-0.048902422189712524,0.6237314939498901,0.10019811987876892,0.2297658771276474
2026_08_18_00_59_48_029579_L3_left_C2,L3,C2,4.0,0.3389097514813868,blue,left,left,right,pick up the blue block,7,pregrasp,112,128,16,0.8050314465408805,0.7111111111111111,1,8,0.3,0.7,8,0.26929137110710144,0.22512677311897278,0.26929137110710144,0.22512677311897278,0.04416459798812866,-0.04416459798812866,0.6237314939498901,0.10019811987876892,0.2297658771276474
2026_08_18_00_59_48_029579_L3_left_C2,L3,C2,4.0,0.3389097514813868,blue,left,left,right,pick up the blue block,7,pregrasp,112,128,16,0.8050314465408805,0.7111111111111111,2,8,0.3,0.7,8,0.23342172801494598,0.19028691947460175,0.23342172801494598,0.19028691947460175,0.04313480854034424,-0.04313480854034424,0.6237314939498901,0.10019811987876892,0.2297658771276474
2026_08_18_00_59_48_029579_L3_left_C2,L3,C2,4.0,0.3389097514813868,blue,left,left,right,pick up the blue block,7,pregrasp,112,128,16,0.8050314465408805,0.7111111111111111,3,8,0.3,0.7,8,0.28989243507385254,0.246874138712883,0.28989243507385254,0.246874138712883,0.04301829636096954,-0.04301829636096954,0.6237314939498901,0.10019811987876892,0.2297658771276474
2026_08_18_00_59_48_029579_L3_left_C2,L3,C2,4.0,0.3389097514813868,blue,left,left,right,pick up the blue block,7,pregrasp,112,128,16,0.8050314465408805,0.7111111111111111,4,8,0.3,0.7,8,0.3929305672645569,0.3324441909790039,0.3929305672645569,0.3324441909790039,0.06048637628555298,-0.06048637628555298,0.6237314939498901,0.10019811987876892,0.2297658771276474
2026_08_18_00_59_48_029579_L3_left_C2,L3,C2,4.0,0.3389097514813868,blue,left,left,right,pick up the blue block,7,pregrasp,112,128,16,0.8050314465408805,0.7111111111111111,5,8,0.3,0.7,8,0.2968420684337616,0.2570915222167969,0.2968420684337616,0.2570915222167969,0.03975054621696472,-0.03975054621696472,0.6237314939498901,0.10019811987876892,0.2297658771276474
2026_08_18_00_59_48_029579_L3_left_C2,L3,C2,4.0,0.3389097514813868,blue,left,left,right,pick up the blue block,7,pregrasp,112,128,16,0.8050314465408805,0.7111111111111111,6,8,0.3,0.7,8,0.3025152087211609,0.2591753900051117,0.3025152087211609,0.2591753900051117,0.043339818716049194,-0.043339818716049194,0.6237314939498901,0.10019811987876892,0.2297658771276474
2026_08_18_00_59_48_029579_L3_left_C2,L3,C2,4.0,0.3389097514813868,blue,left,left,right,pick up the blue block,7,pregrasp,112,128,16,0.8050314465408805,0.7111111111111111,7,8,0.3,0.7,8,0.30415257811546326,0.2549167573451996,0.30415257811546326,0.2549167573451996,0.04923582077026367,-0.04923582077026367,0.6237314939498901,0.10019811987876892,0.2297658771276474
2026_08_18_00_59_48_029579_L3_left_C2,L3,C2,4.0,0.3389097514813868,blue,left,left,right,pick up the blue block,7,pregrasp,112,128,16,0.8050314465408805,0.7111111111111111,8,8,0.3,0.7,8,0.28187957406044006,0.24966363608837128,0.28187957406044006,0.24966363608837128,0.03221593797206879,-0.03221593797206879,0.6237314939498901,0.10019811987876892,0.2297658771276474
2026_08_18_00_59_48_029579_L3_left_C2,L3,C2,4.0,0.3389097514813868,blue,left,left,right,pick up the blue block,7,pregrasp,112,128,16,0.8050314465408805,0.7111111111111111,9,8,0.3,0.7,8,0.36071470379829407,0.30423492193222046,0.36071470379829407,0.30423492193222046,0.05647978186607361,-0.05647978186607361,0.6237314939498901,0.10019811987876892,0.2297658771276474
2026_08_18_00_59_48_029579_L3_left_C2,L3,C2,4.0,0.3389097514813868,blue,left,left,right,pick up the blue block,8,pregrasp,128,144,16,0.9056603773584906,0.8,0,8,0.3,0.7,8,0.3132663071155548,0.33795589208602905,0.3132663071155548,0.33795589208602905,-0.024689584970474243,0.024689584970474243,0.6602122783660889,0.05222132056951523,0.19530647993087769
2026_08_18_00_59_48_029579_L3_left_C2,L3,C2,4.0,0.3389097514813868,blue,left,left,right,pick up the blue block,8,pregrasp,128,144,16,0.9056603773584906,0.8,1,8,0.3,0.7,8,0.3024604022502899,0.31129777431488037,0.3024604022502899,0.31129777431488037,-0.008837372064590454,0.008837372064590454,0.6602122783660889,0.05222132056951523,0.19530647993087769
2026_08_18_00_59_48_029579_L3_left_C2,L3,C2,4.0,0.3389097514813868,blue,left,left,right,pick up the blue block,8,pregrasp,128,144,16,0.9056603773584906,0.8,2,8,0.3,0.7,8,0.19128601253032684,0.22292427718639374,0.19128601253032684,0.22292427718639374,-0.031638264656066895,0.031638264656066895,0.6602122783660889,0.05222132056951523,0.19530647993087769
2026_08_18_00_59_48_029579_L3_left_C2,L3,C2,4.0,0.3389097514813868,blue,left,left,right,pick up the blue block,8,pregrasp,128,144,16,0.9056603773584906,0.8,3,8,0.3,0.7,8,0.37682676315307617,0.39018714427948,0.37682676315307617,0.39018714427948,-0.013360381126403809,0.013360381126403809,0.6602122783660889,0.05222132056951523,0.19530647993087769
2026_08_18_00_59_48_029579_L3_left_C2,L3,C2,4.0,0.3389097514813868,blue,left,left,right,pick up the blue block,8,pregrasp,128,144,16,0.9056603773584906,0.8,4,8,0.3,0.7,8,0.2423229068517685,0.2663455903530121,0.2423229068517685,0.2663455903530121,-0.02402268350124359,0.02402268350124359,0.6602122783660889,0.05222132056951523,0.19530647993087769
2026_08_18_00_59_48_029579_L3_left_C2,L3,C2,4.0,0.3389097514813868,blue,left,left,right,pick up the blue block,8,pregrasp,128,144,16,0.9056603773584906,0.8,5,8,0.3,0.7,8,0.4233161509037018,0.4380962550640106,0.4233161509037018,0.4380962550640106,-0.014780104160308838,0.014780104160308838,0.6602122783660889,0.05222132056951523,0.19530647993087769
2026_08_18_00_59_48_029579_L3_left_C2,L3,C2,4.0,0.3389097514813868,blue,left,left,right,pick up the blue block,8,pregrasp,128,144,16,0.9056603773584906,0.8,6,8,0.3,0.7,8,0.3616011440753937,0.3862845301628113,0.3616011440753937,0.3862845301628113,-0.024683386087417603,0.024683386087417603,0.6602122783660889,0.05222132056951523,0.19530647993087769
2026_08_18_00_59_48_029579_L3_left_C2,L3,C2,4.0,0.3389097514813868,blue,left,left,right,pick up the blue block,8,pregrasp,128,144,16,0.9056603773584906,0.8,7,8,0.3,0.7,8,0.2945255935192108,0.3212312161922455,0.2945255935192108,0.3212312161922455,-0.026705622673034668,0.026705622673034668,0.6602122783660889,0.05222132056951523,0.19530647993087769
2026_08_18_00_59_48_029579_L3_left_C2,L3,C2,4.0,0.3389097514813868,blue,left,left,right,pick up the blue block,8,pregrasp,128,144,16,0.9056603773584906,0.8,8,8,0.3,0.7,8,0.3119451403617859,0.3331729769706726,0.3119451403617859,0.3331729769706726,-0.02122783660888672,0.02122783660888672,0.6602122783660889,0.05222132056951523,0.19530647993087769
2026_08_18_00_59_48_029579_L3_left_C2,L3,C2,4.0,0.3389097514813868,blue,left,left,right,pick up the blue block,8,pregrasp,128,144,16,0.9056603773584906,0.8,9,8,0.3,0.7,8,0.30785632133483887,0.3373720347881317,0.30785632133483887,0.3373720347881317,-0.029515713453292847,0.029515713453292847,0.6602122783660889,0.05222132056951523,0.19530647993087769
2026_08_18_00_59_48_029579_L3_left_C2,L3,C2,4.0,0.3389097514813868,blue,left,left,right,pick up the blue block,9,pregrasp,144,159,15,1.0,0.8833333333333333,0,8,0.3,0.7,8,0.26234298944473267,0.2759951651096344,0.26234298944473267,0.2759951651096344,-0.013652175664901733,0.013652175664901733,0.6667861938476562,0.04562839865684509,0.189041405916214
2026_08_18_00_59_48_029579_L3_left_C2,L3,C2,4.0,0.3389097514813868,blue,left,left,right,pick up the blue block,9,pregrasp,144,159,15,1.0,0.8833333333333333,1,8,0.3,0.7,8,0.24810844659805298,0.2711132764816284,0.24810844659805298,0.2711132764816284,-0.02300482988357544,0.02300482988357544,0.6667861938476562,0.04562839865684509,0.189041405916214
2026_08_18_00_59_48_029579_L3_left_C2,L3,C2,4.0,0.3389097514813868,blue,left,left,right,pick up the blue block,9,pregrasp,144,159,15,1.0,0.8833333333333333,2,8,0.3,0.7,8,0.18246011435985565,0.20376670360565186,0.18246011435985565,0.20376670360565186,-0.021306589245796204,0.021306589245796204,0.6667861938476562,0.04562839865684509,0.189041405916214
2026_08_18_00_59_48_029579_L3_left_C2,L3,C2,4.0,0.3389097514813868,blue,left,left,right,pick up the blue block,9,pregrasp,144,159,15,1.0,0.8833333333333333,3,8,0.3,0.7,8,0.3167588710784912,0.33221447467803955,0.3167588710784912,0.33221447467803955,-0.01545560359954834,0.01545560359954834,0.6667861938476562,0.04562839865684509,0.189041405916214
2026_08_18_00_59_48_029579_L3_left_C2,L3,C2,4.0,0.3389097514813868,blue,left,left,right,pick up the blue block,9,pregrasp,144,159,15,1.0,0.8833333333333333,4,8,0.3,0.7,8,0.28100860118865967,0.2977762818336487,0.28100860118865967,0.2977762818336487,-0.016767680644989014,0.016767680644989014,0.6667861938476562,0.04562839865684509,0.189041405916214
2026_08_18_00_59_48_029579_L3_left_C2,L3,C2,4.0,0.3389097514813868,blue,left,left,right,pick up the blue block,9,pregrasp,144,159,15,1.0,0.8833333333333333,5,8,0.3,0.7,8,0.27713268995285034,0.28800442814826965,0.27713268995285034,0.28800442814826965,-0.010871738195419312,0.010871738195419312,0.6667861938476562,0.04562839865684509,0.189041405916214
2026_08_18_00_59_48_029579_L3_left_C2,L3,C2,4.0,0.3389097514813868,blue,left,left,right,pick up the blue block,9,pregrasp,144,159,15,1.0,0.8833333333333333,6,8,0.3,0.7,8,0.21592707931995392,0.233763188123703,0.21592707931995392,0.233763188123703,-0.017836108803749084,0.017836108803749084,0.6667861938476562,0.04562839865684509,0.189041405916214
2026_08_18_00_59_48_029579_L3_left_C2,L3,C2,4.0,0.3389097514813868,blue,left,left,right,pick up the blue block,9,pregrasp,144,159,15,1.0,0.8833333333333333,7,8,0.3,0.7,8,0.266891747713089,0.2969639301300049,0.266891747713089,0.2969639301300049,-0.030072182416915894,0.030072182416915894,0.6667861938476562,0.04562839865684509,0.189041405916214
2026_08_18_00_59_48_029579_L3_left_C2,L3,C2,4.0,0.3389097514813868,blue,left,left,right,pick up the blue block,9,pregrasp,144,159,15,1.0,0.8833333333333333,8,8,0.3,0.7,8,0.24306800961494446,0.26101168990135193,0.24306800961494446,0.26101168990135193,-0.01794368028640747,0.01794368028640747,0.6667861938476562,0.04562839865684509,0.189041405916214
2026_08_18_00_59_48_029579_L3_left_C2,L3,C2,4.0,0.3389097514813868,blue,left,left,right,pick up the blue block,9,pregrasp,144,159,15,1.0,0.8833333333333333,9,8,0.3,0.7,8,0.26692235469818115,0.2918505072593689,0.26692235469818115,0.2918505072593689,-0.024928152561187744,0.024928152561187744,0.6667861938476562,0.04562839865684509,0.189041405916214
2026_08_18_00_59_48_029579_L3_left_C2,L3,C2,4.0,0.3389097514813868,blue,left,left,right,pick up the blue block,10,postgrasp,159,175,16,1.0,0.9722222222222222,0,8,0.3,0.7,8,0.3994089961051941,0.3771089017391205,0.3994089961051941,0.3771089017391205,0.02230009436607361,-0.02230009436607361,0.6673484444618225,0.04538147523999214,0.18953660130500793
2026_08_18_00_59_48_029579_L3_left_C2,L3,C2,4.0,0.3389097514813868,blue,left,left,right,pick up the blue block,10,postgrasp,159,175,16,1.0,0.9722222222222222,1,8,0.3,0.7,8,0.3597239851951599,0.31278061866760254,0.3597239851951599,0.31278061866760254,0.04694336652755737,-0.04694336652755737,0.6673484444618225,0.04538147523999214,0.18953660130500793
2026_08_18_00_59_48_029579_L3_left_C2,L3,C2,4.0,0.3389097514813868,blue,left,left,right,pick up the blue block,10,postgrasp,159,175,16,1.0,0.9722222222222222,2,8,0.3,0.7,8,0.3305758535861969,0.3063770532608032,0.3305758535861969,0.3063770532608032,0.024198800325393677,-0.024198800325393677,0.6673484444618225,0.04538147523999214,0.18953660130500793
2026_08_18_00_59_48_029579_L3_left_C2,L3,C2,4.0,0.3389097514813868,blue,left,left,right,pick up the blue block,10,postgrasp,159,175,16,1.0,0.9722222222222222,3,8,0.3,0.7,8,0.3803803026676178,0.34564393758773804,0.3803803026676178,0.34564393758773804,0.03473636507987976,-0.03473636507987976,0.6673484444618225,0.04538147523999214,0.18953660130500793
2026_08_18_00_59_48_029579_L3_left_C2,L3,C2,4.0,0.3389097514813868,blue,left,left,right,pick up the blue block,10,postgrasp,159,175,16,1.0,0.9722222222222222,4,8,0.3,0.7,8,0.4185160994529724,0.3805910348892212,0.4185160994529724,0.3805910348892212,0.03792506456375122,-0.03792506456375122,0.6673484444618225,0.04538147523999214,0.18953660130500793
2026_08_18_00_59_48_029579_L3_left_C2,L3,C2,4.0,0.3389097514813868,blue,left,left,right,pick up the blue block,10,postgrasp,159,175,16,1.0,0.9722222222222222,5,8,0.3,0.7,8,0.3583020567893982,0.33826470375061035,0.3583020567893982,0.33826470375061035,0.020037353038787842,-0.020037353038787842,0.6673484444618225,0.04538147523999214,0.18953660130500793
2026_08_18_00_59_48_029579_L3_left_C2,L3,C2,4.0,0.3389097514813868,blue,left,left,right,pick up the blue block,10,postgrasp,159,175,16,1.0,0.9722222222222222,6,8,0.3,0.7,8,0.36617395281791687,0.3376854956150055,0.36617395281791687,0.3376854956150055,0.028488457202911377,-0.028488457202911377,0.6673484444618225,0.04538147523999214,0.18953660130500793
2026_08_18_00_59_48_029579_L3_left_C2,L3,C2,4.0,0.3389097514813868,blue,left,left,right,pick up the blue block,10,postgrasp,159,175,16,1.0,0.9722222222222222,7,8,0.3,0.7,8,0.3232681155204773,0.2929719388484955,0.3232681155204773,0.2929719388484955,0.03029617667198181,-0.03029617667198181,0.6673484444618225,0.04538147523999214,0.18953660130500793
2026_08_18_00_59_48_029579_L3_left_C2,L3,C2,4.0,0.3389097514813868,blue,left,left,right,pick up the blue block,10,postgrasp,159,175,16,1.0,0.9722222222222222,8,8,0.3,0.7,8,0.40288031101226807,0.36476317048072815,0.40288031101226807,0.36476317048072815,0.03811714053153992,-0.03811714053153992,0.6673484444618225,0.04538147523999214,0.18953660130500793
2026_08_18_00_59_48_029579_L3_left_C2,L3,C2,4.0,0.3389097514813868,blue,left,left,right,pick up the blue block,10,postgrasp,159,175,16,1.0,0.9722222222222222,9,8,0.3,0.7,8,0.3726707398891449,0.34798476099967957,0.3726707398891449,0.34798476099967957,0.024685978889465332,-0.024685978889465332,0.6673484444618225,0.04538147523999214,0.18953660130500793
2026_08_18_00_59_48_029579_L3_left_C2,L3,C2,4.0,0.3389097514813868,blue,left,left,right,pick up the blue block,11,postgrasp,175,180,5,1.0,1.0,0,8,0.3,0.7,8,0.44144129753112793,0.4260847568511963,0.44144129753112793,0.4260847568511963,0.01535654067993164,-0.01535654067993164,0.6673519611358643,0.04537909850478172,0.18953336775302887
2026_08_18_00_59_48_029579_L3_left_C2,L3,C2,4.0,0.3389097514813868,blue,left,left,right,pick up the blue block,11,postgrasp,175,180,5,1.0,1.0,1,8,0.3,0.7,8,0.42471110820770264,0.4035624563694,0.42471110820770264,0.4035624563694,0.021148651838302612,-0.021148651838302612,0.6673519611358643,0.04537909850478172,0.18953336775302887
2026_08_18_00_59_48_029579_L3_left_C2,L3,C2,4.0,0.3389097514813868,blue,left,left,right,pick up the blue block,11,postgrasp,175,180,5,1.0,1.0,2,8,0.3,0.7,8,0.4285264313220978,0.41328924894332886,0.4285264313220978,0.41328924894332886,0.015237182378768921,-0.015237182378768921,0.6673519611358643,0.04537909850478172,0.18953336775302887
2026_08_18_00_59_48_029579_L3_left_C2,L3,C2,4.0,0.3389097514813868,blue,left,left,right,pick up the blue block,11,postgrasp,175,180,5,1.0,1.0,3,8,0.3,0.7,8,0.3473840653896332,0.33430734276771545,0.3473840653896332,0.33430734276771545,0.013076722621917725,-0.013076722621917725,0.6673519611358643,0.04537909850478172,0.18953336775302887
2026_08_18_00_59_48_029579_L3_left_C2,L3,C2,4.0,0.3389097514813868,blue,left,left,right,pick up the blue block,11,postgrasp,175,180,5,1.0,1.0,4,8,0.3,0.7,8,0.45461219549179077,0.44156286120414734,0.45461219549179077,0.44156286120414734,0.013049334287643433,-0.013049334287643433,0.6673519611358643,0.04537909850478172,0.18953336775302887
2026_08_18_00_59_48_029579_L3_left_C2,L3,C2,4.0,0.3389097514813868,blue,left,left,right,pick up the blue block,11,postgrasp,175,180,5,1.0,1.0,5,8,0.3,0.7,8,0.4465272128582001,0.41692906618118286,0.4465272128582001,0.41692906618118286,0.029598146677017212,-0.029598146677017212,0.6673519611358643,0.04537909850478172,0.18953336775302887
2026_08_18_00_59_48_029579_L3_left_C2,L3,C2,4.0,0.3389097514813868,blue,left,left,right,pick up the blue block,11,postgrasp,175,180,5,1.0,1.0,6,8,0.3,0.7,8,0.3902278244495392,0.3753640949726105,0.3902278244495392,0.3753640949726105,0.014863729476928711,-0.014863729476928711,0.6673519611358643,0.04537909850478172,0.18953336775302887
2026_08_18_00_59_48_029579_L3_left_C2,L3,C2,4.0,0.3389097514813868,blue,left,left,right,pick up the blue block,11,postgrasp,175,180,5,1.0,1.0,7,8,0.3,0.7,8,0.44603991508483887,0.42890775203704834,0.44603991508483887,0.42890775203704834,0.017132163047790527,-0.017132163047790527,0.6673519611358643,0.04537909850478172,0.18953336775302887
2026_08_18_00_59_48_029579_L3_left_C2,L3,C2,4.0,0.3389097514813868,blue,left,left,right,pick up the blue block,11,postgrasp,175,180,5,1.0,1.0,8,8,0.3,0.7,8,0.4678030014038086,0.4567068815231323,0.4678030014038086,0.4567068815231323,0.01109611988067627,-0.01109611988067627,0.6673519611358643,0.04537909850478172,0.18953336775302887
2026_08_18_00_59_48_029579_L3_left_C2,L3,C2,4.0,0.3389097514813868,blue,left,left,right,pick up the blue block,11,postgrasp,175,180,5,1.0,1.0,9,8,0.3,0.7,8,0.4996858537197113,0.4718995690345764,0.4996858537197113,0.4718995690345764,0.027786284685134888,-0.027786284685134888,0.6673519611358643,0.04537909850478172,0.18953336775302887
